Epoch	TotalEnvInteracts	worker/CostLimit	worker/noise	learner/VVals	learner/CostVVals	worker/EpRet	worker/EpLen	worker/EpCost	learner/LossQ	learner/LossQC	learner/StopIter	learner/LossPi	learner/Lagrangian	learner/QcRet	learner/KL	learner/Entropy	learner/ClipFrac	learner/LossQcPenalty	learner/LossVallina	learner/LossKLAdv	learner/LossVC	learner/LossV	Eval/NaturalReward	Eval/NaturalCost	Eval/AdvUniformReward	Eval/AdvUniformCost	worker/Epoch	worker/Time
0	80000	1.5	0.0	0.039949615	0.042098287	-1853.5184	1219.0	466.58203	2.1645381	0.0055439253	5.0	9.3956175	48.07256	36.559658	0.01601456	0.9164314	0.239075	460.8379	-0.0051136464	1.8242238e-06	1382.5276	20441.86	-1665.9965	466.60028	-1665.9641	466.59708	0.0	45.470043
1	160000	1.5	0.0	-59.934937	39.102646	-1685.2336	1219.0	463.3876	1.06091	0.00087886286	6.0	0.015868694	48.65868	39.343536	0.019243175	0.9145193	0.287425	0.7093561	-0.0005345316	1.3968443e-05	7.2229366	5646.149	-1464.6031	461.67828	-1464.528	461.66925	1.0	91.05033
2	240000	1.5	0.0023027735	-126.36611	39.201965	-1507.3647	1219.0	457.327	0.8531517	0.00031808848	6.0	-0.11094409	49.417675	39.091145	0.017198471	0.91372967	0.248225	-5.7600613	-0.0022350766	2.57151e-05	3.1288102	390.93546	-1283.3745	454.94727	-1283.1978	454.9314	2.0	137.09279
3	320000	1.5	0.004252031	-120.587875	38.988018	-1330.6105	1219.0	449.81644	0.8541466	0.0001420042	6.0	-0.2031881	49.9986	38.59805	0.016583918	0.91291034	0.272625	-10.515898	-0.0047518653	4.0298597e-05	3.5171564	379.8738	-1090.5963	442.0367	-1090.4296	442.06024	3.0	182.4203
4	400000	1.5	0.0059020403	-107.06195	38.448395	-1170.44	1219.0	438.33752	0.75606835	0.0001317365	6.0	-0.30499288	50.16868	37.751408	0.018914286	0.91160303	0.289025	-15.838808	-0.008156266	5.2520503e-05	5.875204	297.13074	-890.441	423.29733	-890.49036	423.38474	4.0	227.90904
5	480000	1.5	0.0072987443	-94.02912	37.545288	-1003.51044	1219.0	424.68124	0.7296018	0.000134358	6.0	-0.36631733	50.053516	36.639187	0.01791915	0.9097232	0.2900125	-18.975758	-0.011207173	5.7160156e-05	8.210251	295.12033	-696.1511	390.17773	-696.10126	390.1941	5.0	273.26227
6	560000	1.5	0.008481027	-80.17736	36.2398	-858.7601	1219.0	405.29953	0.6881587	0.0001461264	6.0	-0.43348515	49.335495	35.06179	0.015094819	0.9076711	0.2531	-22.164732	-0.013053885	5.2966152e-05	10.553027	233.8444	-530.90344	327.4391	-531.0455	327.51968	6.0	318.75958
7	640000	1.5	0.009481809	-68.31675	34.282593	-734.5204	1219.0	378.5688	0.62728083	0.00022395715	8.0	-0.49225938	47.817738	32.81172	0.01818812	0.9051915	0.2861625	-24.489096	-0.011411598	3.6911202e-05	12.764317	179.28786	-394.98492	166.40399	-394.96786	166.36282	7.0	364.69934
8	720000	1.5	0.010328949	-57.85617	31.162565	-610.58154	1219.0	335.2043	0.5245251	0.00023554303	12.0	-0.6158492	44.47236	29.126581	0.015458341	0.8991967	0.2180375	-28.420868	-0.012091566	1.336308e-05	16.288334	145.00345	-273.5859	47.681324	-273.54886	47.668236	8.0	411.2831
9	800000	1.5	0.011046043	-47.61317	25.63311	-510.90924	1219.0	259.4946	0.46757382	0.00029198796	133.0	-0.8178776	37.720863	22.679056	0.015106108	0.811099	0.1393625	-32.088833	-0.014251429	2.0581519e-08	20.406685	69.142685	-41.548653	329.8536	-42.049557	329.22195	9.0	483.30167
10	880000	1.5	0.01165305	-39.687885	16.246332	-422.01584	1219.0	138.69289	0.35297078	0.00038754058	149.0	-1.1286163	26.115345	11.846931	0.0073973234	0.7284928	0.0641	-30.683075	-0.008356197	3.9615125e-10	27.26963	42.9118	-7.986636	332.48438	-8.102495	332.47836	10.0	557.4848
11	960000	1.5	0.012166867	-34.205063	9.701394	-387.80762	1219.0	102.98669	0.30133623	0.00042408932	149.0	-0.33851475	22.886131	8.344164	0.0059918044	0.649058	0.0593375	-8.161581	-0.0077652372	2.4711296e-11	6.957389	20.951397	-5.9160447	332.66394	-5.9212713	332.66507	11.0	631.5789
12	1040000	1.5	0.012601807	-31.297997	6.7870827	-361.27936	1219.0	78.50427	0.2679691	0.00048870104	149.0	-0.11659717	20.690475	6.317968	0.0061151143	0.57115215	0.057525	-2.5841374	-0.007877584	1.131756e-11	4.7981105	16.53219	-5.1630073	332.73288	-5.135909	332.73566	12.0	705.757
13	1120000	1.5	0.012969971	-29.149853	5.225127	-338.4341	1219.0	62.292553	0.24380168	0.00035159377	149.0	-0.0535774	19.264112	4.9950566	0.00627401	0.49407628	0.057125	-1.1223395	-0.0075386786	7.029267e-12	3.5192854	12.743719	-4.45841	332.79138	-4.454493	332.79318	13.0	780.7273
14	1200000	1.5	0.0132816145	-27.131325	3.916911	-314.99594	1219.0	46.86316	0.21688333	0.00019222265	149.0	-0.040606767	17.84017	3.717039	0.00601066	0.4175168	0.0559625	-0.80006087	-0.007277643	6.719205e-10	3.3057508	11.4205885	-7.335738	332.53336	-7.34307	332.53333	14.0	854.9411
15	1280000	1.5	0.013545423	-25.220388	3.0787046	-294.79718	1219.0	38.75292	0.18296552	0.00010156168	149.0	0.022054119	17.146877	3.1429288	0.005093086	0.34342238	0.05125	0.38009468	-0.008057014	1.7800299e-10	3.631051	9.309527	-6.317538	332.62314	-6.207206	332.63348	15.0	928.95013
16	1360000	1.5	0.013768726	-23.64345	2.8091063	-275.22034	1219.0	35.771038	0.16528559	6.6387795e-05	149.0	0.061425567	16.951532	3.0416083	0.0024320362	0.29045296	0.0251625	1.0968331	-0.0066473875	1.7383367e-10	4.2311983	8.8769	-6.0687485	332.64673	-6.1189094	332.6411	16.0	1003.10345
17	1440000	1.5	0.013957752	-22.171492	2.9795923	-264.27225	1219.0	36.57783	0.15491043	4.792335e-05	149.0	0.07574774	17.135689	3.2731578	0.0017995697	0.25137523	0.0125375	1.3715293	-0.004588797	4.2233933e-07	4.3650355	6.72661	-62.18809	317.1108	-62.13563	317.01074	17.0	1077.2347
18	1520000	1.5	0.014117749	-21.28492	3.277895	-256.0973	1219.0	37.71544	0.15347448	3.64472e-05	149.0	0.068783656	17.353024	3.5502567	0.00035463317	0.24050805	0.001275	1.2621	-0.0024539558	6.703445e-12	4.242703	6.3119707	-2.5559635	332.97235	-2.565483	332.97116	18.0	1151.5767
19	1600000	1.5	0.014253196	-20.684406	3.5682344	-253.28572	1219.0	38.677822	0.15548392	3.2943575e-05	149.0	0.07559343	17.560219	3.8748372	0.0016450592	0.2838521	0.0203375	1.3884944	0.006940403	1.5400588e-13	3.7006302	5.4955072	0.0	333.04065	0.0	333.04065	19.0	1225.7904
20	1680000	1.5	0.014367847	-20.600834	3.8103096	-262.91672	1219.0	37.201267	0.17622134	3.8203587e-05	149.0	0.032996733	17.516813	3.940686	0.00022686296	0.27297357	1.25e-05	0.6120091	-0.0015992622	1.6059226e-13	2.788423	6.1023397	0.0	333.04065	0.0	333.04065	20.0	1300.0533
21	1760000	1.5	0.014464887	-21.131239	3.992623	-258.21735	1219.0	37.93772	0.17552201	3.2093674e-05	149.0	0.052914523	17.697458	4.2122016	0.0032076966	0.21665911	0.0301	0.9851813	-0.006852848	3.3510372e-13	2.9721816	5.456392	0.0	333.04065	0.0	333.04065	21.0	1374.5228
22	1840000	1.5	0.014547037	-20.743095	4.312311	-247.94637	1219.0	39.473564	0.16153955	2.2530618e-05	149.0	0.056595568	17.961636	4.554036	0.00035045965	0.19788313	0.0003875	1.0748285	-0.0026850104	3.687637e-13	3.3693922	5.0801353	0.0	333.04065	0.0	333.04065	22.0	1449.9392
23	1920000	1.5	0.014616577	-20.045612	4.6678424	-244.10738	1219.0	40.693146	0.1587162	1.5406837e-05	149.0	0.042387363	18.197111	4.856045	0.00045822468	0.17380023	0.001375	0.8154834	-0.003498468	1.3205601e-13	3.1092257	5.323909	0.0	333.04065	0.0	333.04065	23.0	1524.2262
24	2000000	1.5	0.014675439	-19.723524	5.0313272	-235.96324	1219.0	43.608246	0.15242085	1.8092544e-05	149.0	0.057259202	18.610214	5.281585	0.0035222874	0.23304868	0.0379625	1.1013914	0.010419353	1.6491169e-13	3.2402332	4.8425355	0.0	333.04065	0.0	333.04065	24.0	1598.5443
25	2080000	1.5	0.014725265	-19.290873	4.9324274	-249.18039	1219.0	39.028263	0.178417	1.6336886e-05	149.0	0.030638056	18.267097	5.0747275	3.2359458e-05	0.23000073	0.0	0.59071445	-0.00047362671	1.4595204e-13	2.6613812	6.0604057	0.0	333.04065	0.0	333.04065	25.0	1672.8063
26	2160000	1.5	0.014767439	-20.203726	5.1408877	-247.51836	1219.0	39.75877	0.17908505	1.2798121e-05	149.0	0.02211829	18.453346	5.24735	0.0007609188	0.25515008	0.003775	0.4248142	0.0037337556	1.9230364e-13	2.3021283	5.2350674	0.0	333.04065	0.0	333.04065	26.0	1748.2765
27	2240000	1.5	0.014803143	-20.153658	5.0443172	-253.78342	1219.0	38.12573	0.18780327	1.5508738e-05	149.0	0.03558364	18.401342	5.2078123	0.0005650077	0.2790976	0.0027125	0.68577695	0.0032780536	1.469818e-13	2.351101	5.6688776	0.0	333.04065	0.0	333.04065	27.0	1822.7548
28	2320000	1.5	0.014833362	-20.612518	5.0675015	-258.42368	1219.0	36.944283	0.20396057	1.5517671e-05	149.0	0.02295815	18.387892	5.176028	0.0005173419	0.30438712	0.003675	0.43980834	0.003914355	5.6184078e-14	2.2625299	5.445024	0.0	333.04065	0.0	333.04065	28.0	1896.9546
29	2400000	1.5	0.014858946	-21.058283	4.99168	-265.19373	1219.0	36.08311	0.22031322	2.5349073e-05	149.0	0.03580287	18.40509	5.145214	0.00021146612	0.2898667	6.25e-05	0.69625574	-0.0019931092	4.472076e-14	2.6069396	6.7744107	0.0	333.04065	0.0	333.04065	29.0	1971.2083
30	2480000	1.5	0.0148806	-21.525377	5.149153	-265.59805	1219.0	36.20952	0.20659609	3.184987e-05	149.0	0.00752894	18.520676	5.181159	-1.7408304e-06	0.28571275	0.0	0.14753461	-0.0005902222	4.9279557e-14	2.4586673	5.528215	0.0	333.04065	0.0	333.04065	30.0	2045.5984
31	2560000	1.5	0.014898927	-21.57864	5.2089486	-263.021	1219.0	36.33682	0.21516553	2.3273999e-05	149.0	0.0038259884	18.640032	5.224452	0.00012718562	0.27213624	2.5e-05	0.076748155	-0.0019445369	7.658922e-14	2.3315954	5.693098	0.0	333.04065	0.0	333.04065	31.0	2120.0186
32	2640000	1.5	0.014914451	-21.391497	5.445541	-258.18024	1219.0	37.413536	0.20988798	2.573542e-05	149.0	-0.024112582	18.849247	5.3464336	0.008513075	0.36697578	0.073875	-0.51463264	0.01865703	1.1747447e-13	2.525131	5.9550014	0.0	333.04065	0.0	333.04065	32.0	2194.1047
33	2720000	1.5	0.01492758	-21.169071	4.7559404	-282.89673	1219.0	35.98974	0.2482672	6.540089e-05	149.0	0.103690654	18.812565	5.1887903	0.007255155	0.28573537	0.064625	2.046718	-0.007369091	3.873759e-14	3.907414	9.915139	0.0	333.04065	0.0	333.04065	33.0	2268.3164
34	2800000	1.5	0.014938699	-22.716087	5.588439	-264.37302	1219.0	36.59752	0.21899948	4.0613424e-05	149.0	-0.07582042	18.974596	5.2633944	0.002210071	0.24089096	0.0165125	-1.5126945	-0.0056194784	1.4705366e-13	3.289002	7.35125	0.0	333.04065	0.0	333.04065	34.0	2342.4675
35	2880000	1.5	0.014948113	-21.549498	5.670041	-251.48976	1219.0	38.855785	0.19419874	2.8826209e-05	149.0	-0.04093648	19.308344	5.5039916	0.0013165999	0.20709367	0.0066625	-0.82887346	-0.0045676758	7.3283724e-13	2.7590985	6.6807384	0.0	333.04065	0.0	333.04065	35.0	2417.9375
36	2960000	1.5	0.014956073	-20.569534	5.6904893	-245.86441	1219.0	40.36744	0.17791279	1.6453263e-05	149.0	-0.0043629752	19.570658	5.679618	0.006570205	0.29067993	0.0636	-0.12054197	0.01676062	1.0215459e-12	2.3056207	4.8209467	0.0	333.04065	0.0	333.04065	36.0	2492.1887
37	3040000	1.5	0.01496282	-20.225763	5.07341	-264.2168	1219.0	36.42461	0.21459417	3.2781252e-05	149.0	0.06478445	19.284317	5.346211	0.0002921324	0.30822638	0.000575	1.3111167	0.0025782506	9.20255e-13	3.5807211	7.5782	0.0	333.04065	-0.7051018	333.0236	37.0	2566.3738
38	3120000	1.5	0.0149685275	-21.516827	5.2903857	-265.64594	1219.0	35.85641	0.23191991	2.617187e-05	149.0	0.0010397636	19.329973	5.2882533	0.0006360359	0.2789545	0.003475	0.023537984	-0.0039486396	1.534281e-12	2.5320034	6.283918	-2.0392232	332.99225	-2.00549	332.99332	38.0	2640.5298
39	3200000	1.5	0.014973358	-21.631172	5.628555	-257.28217	1219.0	38.22741	0.20899472	3.1293184e-05	149.0	-0.029925989	19.674175	5.4984736	2.5854048e-05	0.2745938	0.0	-0.61810184	-0.0006149307	3.921016e-11	2.6890705	6.3189473	-3.7580879	332.87872	-3.76933	332.87686	39.0	2714.7695
40	3280000	1.5	0.014977453	-20.979578	5.442399	-258.60773	1219.0	37.423996	0.20908411	3.390715e-05	120.0	-0.0022340175	19.698566	5.4319053	0.022041772	0.23039675	0.0973625	-0.09019269	0.022387795	2.9018202e-05	2.428561	6.290302	-245.0181	109.709175	-244.85068	109.66097	40.0	2784.368
41	3360000	1.5	0.014980911	-21.21916	5.0618443	-281.53574	1219.0	36.308964	0.22417681	6.622846e-05	2.0	0.045268193	19.691933	5.2460546	0.038004603	0.2299104	0.2775875	0.8492999	0.05898674	7.209935e-05	3.1506207	8.731081	-295.65726	40.4724	-295.96234	40.495502	41.0	2828.9868
42	3440000	1.5	0.014983846	-22.870386	5.0235195	-325.12643	1219.0	45.849945	0.26857483	0.0013311674	2.0	0.08008696	20.787096	5.3315797	0.050068054	0.22931196	0.24725	1.6679461	0.063330606	8.920058e-05	7.5208983	18.795794	-350.9655	13.841976	-350.89996	13.912307	42.0	2873.7295
43	3520000	1.5	0.014986322	-26.155575	6.10297	-368.75473	1219.0	71.177704	0.30888563	8.389164e-05	1.0	0.02126636	23.544838	6.1427126	0.026838208	0.22892998	0.1661625	0.4226163	0.044815294	0.00010966103	12.947437	28.22406	-386.08856	22.98261	-386.13553	22.813616	43.0	2918.3755
44	3600000	1.5	0.0149884205	-29.600098	7.4038033	-401.85733	1219.0	98.13485	0.3310269	4.6496265e-05	3.0	0.16947827	26.502115	8.0615015	0.02808375	0.22778392	0.3512375	4.4202113	0.0010675944	8.603454e-05	4.372607	32.21099	-358.14905	7.9275923	-358.61053	7.871585	44.0	2964.0186
45	3680000	1.5	0.0149901975	-32.242043	4.3369317	-363.3003	1219.0	28.318874	0.2948111	4.0444527e-05	2.0	-0.46130985	19.628216	2.4895284	0.023182938	0.22689341	0.208025	-9.58243	0.009715613	9.458873e-05	5.8711243	52.393055	-333.6507	25.359673	-333.55408	25.46032	45.0	3008.8286
46	3760000	1.5	0.0149917025	-29.9231	1.6726098	-328.65436	1219.0	16.305899	0.26392323	2.490114e-05	8.0	0.096402496	18.477821	2.0977776	0.035516076	0.2222929	0.0920625	1.827868	0.046002552	0.0002801995	4.9872007	38.89708	-347.4374	9.172819	-346.44968	9.19119	46.0	3054.8276
47	3840000	1.5	0.014992981	-27.552532	1.745689	-351.89102	1219.0	6.5743775	0.26772028	1.7800527e-05	1.0	-0.26662737	17.530094	0.6229841	0.022621933	0.2217164	0.11305	-4.993717	0.041487742	0.00043880063	5.2288437	68.59464	-372.58865	0.914166	-373.57343	0.9053706	47.0	3100.2334
48	3920000	1.5	0.014994055	-29.14947	0.60213804	-375.16565	1219.0	5.410775	0.28465998	2.09246e-05	1.0	-0.04068902	17.424849	0.42982715	0.05152678	0.2211823	0.175375	-0.79483336	0.06493922	0.00072323304	0.49463516	87.50033	-413.3778	5.0106273	-413.48666	5.0070896	48.0	3144.785
49	4000000	1.5	0.014994966	-31.271416	0.68557316	-409.50238	1219.0	14.957049	0.33424184	0.00013218999	1.0	0.16049369	18.422611	1.354183	0.0912974	0.22064587	0.2554125	3.1723137	0.09182449	0.0012057519	1.5726566	131.77437	-457.46802	18.387556	-457.51675	18.502043	49.0	3189.2305
50	4080000	1.5	0.01499574	-34.312866	2.5418458	-451.89554	1219.0	52.12841	0.40087384	0.00045116647	1.0	0.57565814	22.266321	4.9095526	0.03745132	0.220119	0.1903375	13.617359	0.048924346	0.0013634175	11.085099	173.9083	-482.78723	33.53907	-482.7632	33.433987	50.0	3233.8625
51	4160000	1.5	0.0149963945	-37.600574	6.2956133	-476.67474	1219.0	80.58825	0.4056798	0.0001391832	4.0	0.36376414	25.313242	7.7612963	0.026238535	0.21828845	0.180975	9.347581	0.02358976	0.00083017093	4.7680287	177.63075	-457.5932	19.929003	-457.69577	19.845284	51.0	3279.034
52	4240000	1.5	0.014996949	-38.42641	6.012271	-454.94684	1219.0	51.08909	0.36900592	0.00010994339	1.0	-0.18840179	22.51682	5.229746	0.033339642	0.21787454	0.161	-4.6358795	0.028265387	0.0006528975	1.9299914	164.76524	-427.643	10.125488	-426.3068	10.089272	52.0	3323.5896
53	4320000	1.5	0.014997421	-36.735752	3.6763496	-428.26312	1219.0	24.8919	0.3427806	0.00012867602	1.0	-0.24785027	20.001726	2.6435163	0.038892623	0.21745351	0.1578875	-5.3516846	0.031768	0.0004576561	2.9297576	142.78079	-383.82272	2.6552932	-382.76877	2.6828396	53.0	3368.1672
54	4400000	1.5	0.014997812	-34.314655	1.4754205	-394.98383	1219.0	7.10554	0.31471628	9.3863266e-05	2.0	-0.19296178	18.257921	0.66574913	0.02291477	0.21657893	0.1279625	-3.7375789	0.018956045	0.0003551251	2.0848563	115.33749	-353.23553	1.3594173	-351.8557	1.3816563	54.0	3413.3608
55	4480000	1.5	0.014998151	-31.76912	0.47243255	-370.13522	1219.0	2.3476636	0.29620326	3.574612e-05	3.0	-0.0668236	17.783686	0.19019508	0.037890263	0.21545842	0.1123375	-1.2744484	0.039361976	0.00075948157	0.22870025	89.920685	-376.9248	3.564544	-379.6265	3.6453948	55.0	3458.4185
56	4560000	1.5	0.014998434	-31.096952	0.29305756	-398.3949	1219.0	6.5898185	0.31516016	9.5604606e-05	1.0	0.07216344	18.227892	0.59771717	0.023101749	0.2151277	0.1166125	1.3962497	0.030988006	0.0010385745	0.47149122	130.8089	-398.23734	8.443341	-400.86108	8.450219	56.0	3503.036
57	4640000	1.5	0.0149986725	-33.250008	0.80144703	-420.134	1219.0	12.586383	0.32962257	0.00014661867	1.0	0.1338109	18.868893	1.3507571	0.039617505	0.21482278	0.1519625	2.6473124	0.042329818	0.0014307547	1.6100223	154.06633	-423.21094	15.529832	-425.4798	15.546423	57.0	3547.55
58	4720000	1.5	0.014998881	-35.240276	2.099002	-446.69974	1219.0	25.916836	0.35216218	0.00013896257	2.0	0.19392	20.238182	2.8960304	0.030209472	0.21420762	0.1411875	4.224064	0.038943112	0.0017328337	2.75375	191.47043	-444.0697	22.964785	-447.0892	23.069221	58.0	3592.292
59	4800000	1.5	0.014999048	-37.444786	3.8239264	-467.6338	1219.0	41.41597	0.3913702	0.00017802414	17.0	0.18316486	21.902178	4.5771456	0.015013363	0.2020388	0.156	4.0583158	0.011614505	0.0013769128	2.8216882	214.77515	-438.62732	20.085457	-439.53537	20.176231	59.0	3640.1824
60	4880000	1.5	0.014999196	-38.301258	3.0174716	-462.7725	1219.0	22.363846	0.37698787	3.9783958e-05	8.0	0.011395551	20.055273	3.0627759	0.02122028	0.19499397	0.0687	0.09280718	0.020809261	0.001478385	2.1534846	273.69305	-417.36093	15.443238	-418.40106	15.485069	60.0	3686.1997
61	4960000	1.5	0.014999316	-38.260033	2.9162288	-445.27646	1219.0	18.978798	0.36831364	4.330062e-05	2.0	-0.09182928	19.775587	2.5285761	0.04989977	0.19344816	0.1350875	-2.1103861	0.031564165	0.0008080854	1.7198147	210.94705	-385.71945	6.974576	-386.6953	7.047851	61.0	3730.865
62	5040000	1.5	0.014999421	-36.19287	1.5998915	-413.96515	1219.0	8.555685	0.33328635	9.594778e-05	1.0	-0.11189755	18.767797	1.1282881	0.022595914	0.19274816	0.1141625	-2.3476439	0.022113338	0.0006262929	1.3404734	168.63094	-364.91052	5.17795	-364.7938	4.9584627	62.0	3775.4888
63	5120000	1.5	0.01499951	-33.780464	0.7370769	-390.9848	1219.0	3.6271093	0.3439103	8.903034e-05	1.0	-0.09184731	18.288622	0.3476127	0.023153426	0.19210634	0.11335	-1.8810515	0.024210436	0.00045496045	0.78498137	128.65166	-341.35605	10.918997	-342.15536	10.67565	63.0	3820.0825
64	5200000	1.5	0.014999585	-31.781866	0.28079638	-369.30417	1219.0	1.519785	0.31949505	4.4118595e-05	2.0	-0.036577314	18.081396	0.12331788	0.020745985	0.19099545	0.098325	-0.7104913	0.01814711	0.00032009152	0.13465075	100.68302	-318.0123	28.895638	-318.0975	28.996344	64.0	3864.724
65	5280000	1.5	0.014999655	-29.825325	0.11122323	-347.46677	1219.0	4.8010206	0.30023426	4.8358215e-05	4.0	0.079345696	18.418139	0.44448563	0.024976436	0.1893197	0.1250625	1.5085266	0.03149509	0.0005373088	0.6203366	77.667816	-342.72437	5.473703	-342.44147	5.5935636	65.0	3909.681
66	5360000	1.5	0.014999704	-28.862415	0.3900525	-369.67435	1219.0	1.6085743	0.30171585	2.5467114e-05	2.0	-0.061245922	18.102026	0.13067132	0.068171166	0.18864956	0.1900375	-1.1779869	0.06836159	0.00082383165	0.33192265	95.528114	-377.51126	4.84816	-376.99548	4.8607655	66.0	3954.4053
67	5440000	1.5	0.014999748	-30.960516	0.2350042	-407.42566	1219.0	7.6577983	0.31405637	0.00010784676	1.0	0.118789926	18.720266	0.72951	0.030785633	0.18833256	0.1563375	2.3503165	0.0402228	0.0009882146	1.0608568	144.53702	-400.7328	11.210696	-400.9463	11.180854	67.0	3998.9023
68	5520000	1.5	0.014999791	-34.153286	1.5247865	-432.04025	1219.0	19.102886	0.33065596	0.00035198196	1.0	0.16441597	19.909647	2.1978269	0.01528649	0.1880289	0.1195875	3.5211675	0.022261271	0.0010862136	1.7229426	157.32323	-417.338	17.445436	-418.03378	17.565487	68.0	4043.3743
69	5600000	1.5	0.01499982	-36.22555	3.0493937	-448.5286	1219.0	30.9354	0.35756096	0.00271622	6.0	0.120708674	21.161333	3.543516	0.04708777	0.18651438	0.168975	2.4042256	0.03612594	0.00058533595	1.2811669	167.21068	-385.81458	7.0128703	-385.74033	7.0098453	69.0	4088.9238
70	5680000	1.5	0.014999851	-36.334106	1.9866574	-418.01096	1219.0	11.489384	0.35312796	0.00023373045	1.0	-0.13708864	19.261318	1.4123964	0.018122528	0.18628845	0.11455	-2.8997924	0.015410139	0.0005655514	1.328258	139.07674	-368.5468	3.1986573	-368.01575	3.1893892	70.0	4134.399
71	5760000	1.5	0.014999868	-34.216637	0.810436	-396.8017	1219.0	5.2069597	0.33064073	0.000115134775	1.0	-0.06994995	18.651884	0.5143629	0.016005563	0.18602648	0.1033375	-1.4508408	0.017762952	0.00046994304	0.56860065	115.23649	-350.96158	1.9393067	-350.6411	1.9136249	71.0	4179.2485
72	5840000	1.5	0.014999894	-32.307713	0.3748491	-378.33325	1219.0	2.3450134	0.32890213	5.739941e-05	8.0	-0.041278098	18.373383	0.19785401	0.051335167	0.1842927	0.1797875	-0.79416543	0.054510217	0.00084632786	0.17426805	97.770966	-379.72284	5.4485927	-380.41354	5.53985	72.0	4225.26
73	5920000	1.5	0.01499991	-31.931005	0.40659824	-411.00156	1219.0	9.553742	0.33377987	0.00012232103	3.0	0.12732883	19.113499	0.9354168	0.01598859	0.18364525	0.1311375	2.5935152	0.027343677	0.00091145287	1.1491189	131.81523	-397.71216	10.2558775	-397.22955	10.153061	73.0	4270.2314
74	6000000	1.5	0.014999923	-34.498493	1.5627844	-428.24783	1219.0	18.432419	0.356608	0.0001336913	3.0	0.1269163	20.043388	2.084147	0.025115883	0.18301907	0.1353875	2.5221896	0.023458121	0.00053055555	1.2063067	137.29124	-373.9838	3.999946	-374.16946	3.9217408	74.0	4315.175
75	6080000	1.5	0.014999928	-34.883755	1.1602781	-403.81238	1219.0	7.7378993	0.32708845	0.00013334393	2.0	-0.08663421	18.996542	0.7970804	0.038043305	0.18254304	0.152025	-1.8845723	0.030609155	0.00035180047	0.7468938	112.68681	-344.71344	1.534686	-344.49316	1.5065138	75.0	4359.7744
76	6160000	1.5	0.014999942	-32.62871	0.4397137	-372.96225	1219.0	2.2524364	0.33011192	4.5666297e-05	8.0	-0.061013546	18.457714	0.18255693	0.039501302	0.18077016	0.1587625	-1.1814914	0.0404974	0.0007052742	0.27854377	88.89237	-371.84662	3.6734684	-371.61197	3.789327	76.0	4405.811
77	6240000	1.5	0.014999954	-31.215034	0.31090572	-401.70935	1219.0	6.542523	0.31619877	0.00011946622	2.0	0.07142873	18.900923	0.60807747	0.03482418	0.1802969	0.1689	1.4436699	0.04441063	0.00089255924	0.47259033	116.49933	-397.66986	10.542155	-398.56143	10.535754	77.0	4450.552
78	6320000	1.5	0.014999957	-33.940823	1.190639	-428.5281	1219.0	19.30209	0.34557056	0.00015485547	6.0	0.20843253	20.220402	2.0534046	0.028659558	0.17871974	0.1479	4.2894664	0.027020752	0.00050007214	2.4140575	135.74626	-372.0355	3.7158833	-372.1819	3.7544975	78.0	4496.519
79	6400000	1.5	0.01499997	-34.852448	0.99816424	-402.0869	1219.0	6.281998	0.32507992	0.000120502315	2.0	-0.084970035	18.936136	0.64185804	0.028910229	0.17795046	0.14155	-1.7946342	0.023916814	0.00036100904	0.5813411	110.73923	-347.24167	1.2706708	-347.60287	1.3054305	79.0	4541.2046
80	6480000	1.5	0.014999973	-32.514442	0.35087645	-374.72147	1219.0	2.0593069	0.33441937	5.836396e-05	7.0	-0.043666903	18.52185	0.16621333	0.020760644	0.17563638	0.114275	-0.8476119	0.027460046	0.0006539945	0.16964906	91.10222	-366.4538	2.9459026	-366.317	2.92754	80.0	4587.039
81	6560000	1.5	0.014999973	-31.227144	0.224648	-394.21353	1219.0	4.429964	0.33923718	8.830261e-05	2.0	0.040228054	18.76913	0.39172515	0.024207247	0.17505464	0.132275	0.8092437	0.030988034	0.0008113731	0.21927641	109.2255	-386.67545	7.4144616	-387.38272	7.5280576	81.0	4631.6445
82	6640000	1.5	0.014999983	-33.253765	0.717913	-417.76727	1219.0	12.076331	0.33355814	0.00015044706	6.0	0.13254587	19.556555	1.2668223	0.02644349	0.17338362	0.1284875	2.6135914	0.023137465	0.0004665032	1.2875167	130.3041	-364.15317	2.631731	-364.53903	2.640033	82.0	4677.1533
83	6720000	1.5	0.014999985	-33.97695	0.6517149	-392.61676	1219.0	3.8848803	0.3337449	0.00011622624	3.0	-0.069334455	18.749237	0.3596353	0.017434487	0.17242002	0.1085875	-1.4308408	0.013688436	0.0003855774	0.46627378	105.6433	-345.43774	1.5529897	-345.3151	1.5783764	83.0	4722.0024
84	6800000	1.5	0.014999987	-32.123337	0.27716756	-373.03305	1219.0	1.9083943	0.30497766	5.0552353e-05	4.0	-0.028127013	18.555002	0.15536138	0.015875665	0.17128205	0.11735	-0.555087	0.023341358	0.0006284233	0.08867905	87.98618	-362.44675	2.419112	-363.44595	2.4866633	84.0	4767.0444
85	6880000	1.5	0.014999988	-31.020922	0.23054953	-390.75092	1219.0	4.0973644	0.32395086	7.087811e-05	2.0	0.030069742	18.7846	0.35437083	0.020146491	0.17072606	0.1315	0.61069614	0.025391374	0.0007604827	0.15990037	98.34409	-381.57117	6.0696325	-381.75012	6.0966687	85.0	4812.274
86	6960000	1.5	0.014999988	-32.873096	0.5712843	-412.60272	1219.0	10.379594	0.33551654	0.00023348602	6.0	0.11564325	19.433058	1.0505172	0.017725218	0.16918065	0.09465	2.2816157	0.015107308	0.0004592813	1.0490776	116.661575	-362.34183	2.3174458	-362.25967	2.285121	86.0	4857.848
87	7040000	1.5	0.014999988	-33.987072	0.7023261	-392.53555	1219.0	4.8622694	0.32726294	0.00014036142	24.0	-0.065870196	18.889784	0.42385074	0.016569564	0.15793133	0.0673	-1.3199074	0.01530762	0.00072189665	0.480493	94.76726	-377.8426	5.060609	-377.97568	5.0117455	87.0	4906.9326
88	7120000	1.5	0.014999988	-32.0546	0.4038612	-405.23077	1219.0	6.3365855	0.32660714	0.000113540504	149.0	0.06336368	19.050674	0.6636007	0.0097989	0.08460045	0.093825	1.2495017	0.005827314	0.0005458176	0.60685617	131.41914	-373.512	4.479617	-373.83533	4.503922	88.0	4981.2935
89	7200000	1.5	0.014999988	-33.528217	0.6590239	-403.42145	1219.0	6.200153	0.32631633	0.00012257768	3.0	0.014392123	19.049929	0.7173551	0.015095431	0.083486676	0.116275	0.20869902	0.014017019	0.0003993604	0.23157519	117.6417	-354.6857	1.8351401	-354.99237	1.827345	89.0	5026.2646
90	7280000	1.5	0.014999999	-33.109333	0.35253164	-382.80423	1219.0	2.2973237	0.31622162	7.0545066e-05	149.0	-0.037181135	18.667616	0.19672404	0.0028313461	0.058751464	0.02725	-0.7458014	0.00053673703	0.0004087355	0.21026574	103.84919	-348.38992	1.1884675	-348.4983	1.1693832	90.0	5100.6543
91	7360000	1.5	0.014999999	-31.917738	0.19362237	-378.6737	1219.0	1.8577975	0.30746484	4.1548694e-05	18.0	-0.008302626	18.625217	0.15798572	0.015150128	0.05523002	0.19495	-0.16839859	0.01698777	0.00042302237	0.049492635	92.55529	-361.92123	2.0053196	-361.8572	2.0376015	91.0	5148.8096
92	7440000	1.5	0.014999999	-33.725258	0.47583902	-395.44858	1219.0	8.429424	0.3040579	0.00011187708	4.0	0.054951474	19.301565	0.7046823	0.019467792	0.054125667	0.157025	1.044359	0.018449146	0.00023762674	0.32124496	78.64519	-336.15942	1.9564451	-336.44824	1.8913351	92.0	5193.9673
93	7520000	1.5	0.014999999	-31.221613	0.36890748	-368.05942	1219.0	1.8942517	0.2948025	4.493101e-05	6.0	-0.050488573	18.65051	0.15109944	0.015341242	0.052014824	0.1023875	-0.99211776	0.018449875	0.00037739665	0.12949619	69.903114	-357.9279	1.5063777	-357.6099	1.5086857	93.0	5239.4243
94	7600000	1.5	0.014999999	-30.889387	0.21547116	-389.4388	1219.0	4.077823	0.30285862	6.976118e-05	149.0	0.030580845	18.875576	0.34456053	0.0060142153	0.011937976	0.0554375	0.60266286	0.004773584	0.00029074764	0.13634425	80.27888	-361.47302	1.8239648	-360.7269	1.8090429	94.0	5313.7554
95	7680000	1.5	0.014999999	-33.571518	0.5160167	-395.74872	1219.0	9.299396	0.3055269	0.00018352653	4.0	0.065697715	19.416779	0.7894993	0.023083447	0.010994315	0.17375	1.2792943	0.018528631	0.00018778852	0.35016602	71.73417	-332.02515	3.3004065	-332.00775	3.3453832	95.0	5359.0103
96	7760000	1.5	0.014999999	-29.922398	0.36372787	-364.60785	1219.0	1.7962517	0.27156144	9.870376e-05	149.0	-0.052002665	18.672312	0.1451489	0.0069024293	-0.04621482	0.067175	-1.031299	0.00329581	0.00023377764	0.12123037	59.86151	-337.1419	1.5016867	-336.93237	1.538803	96.0	5433.6494
97	7840000	1.5	0.014999999	-29.025822	0.109252356	-369.96753	1219.0	1.105748	0.2750127	1.9772162e-05	149.0	-0.0054021575	18.64398	0.08895929	0.005338596	-0.06319642	0.067025	-0.108198196	0.0057311067	0.00022069504	0.018688016	68.32868	-346.48804	0.86025107	-346.61362	0.86126	97.0	5508.072
98	7920000	1.5	0.014999999	-32.240395	0.1282434	-383.1767	1219.0	2.7976744	0.2822927	4.838708e-05	149.0	0.024152318	18.77498	0.23157048	0.0035542012	-0.08522439	0.025525	0.47167626	0.0014305598	0.00019395197	0.08636115	68.05096	-346.28076	0.86748904	-346.38705	0.8668237	98.0	5582.3022
99	8000000	1.5	0.014999999	-33.411545	0.32909063	-383.6476	1219.0	4.7041636	0.27565464	6.614177e-05	149.0	0.0142999	18.972816	0.38782895	0.0077368338	-0.122175924	0.0811625	0.26500335	-0.0032520778	0.00021716718	0.11923264	58.87729	-338.81958	1.2203127	-338.99445	1.2096915	99.0	5656.656
100	8080000	1.5	0.014999999	-28.148865	0.1957114	-369.39813	1219.0	1.1130329	0.2489954	3.09385e-05	149.0	-0.024174811	18.65595	0.09420329	0.006003905	-0.14857948	0.064175	-0.4791783	0.0063995644	0.00021929777	0.034361083	74.514404	-347.67908	0.8620035	-347.83118	0.86599207	100.0	5731.065
101	8160000	1.5	0.014999999	-33.355988	0.15390645	-382.23312	1219.0	3.1216168	0.25710997	4.8670652e-05	149.0	0.025199387	18.821281	0.25911483	0.004571506	-0.18347129	0.0395625	0.48601627	-0.0031717129	0.00020396776	0.09003162	63.948174	-339.84778	1.1322465	-340.0778	1.1263232	101.0	5806.144
102	8240000	1.5	0.014999999	-28.906565	0.1604566	-371.2538	1219.0	1.1423075	0.2474988	2.6523825e-05	149.0	-0.015432886	18.659582	0.09560176	0.0059922193	-0.20829487	0.0747375	-0.3082957	0.006403244	0.00018517628	0.027367307	66.15493	-348.46368	0.847229	-350.23627	0.8486104	102.0	5880.291
103	8320000	1.5	0.014999999	-34.102573	0.15720622	-384.2412	1219.0	3.3966732	0.25322923	5.6034478e-05	149.0	0.03002267	18.853582	0.28275463	0.0062810136	-0.23637964	0.0607375	0.5826322	-0.0049264356	0.00017784872	0.11298483	65.71918	-340.39178	1.3579795	-340.4366	1.3534758	103.0	5954.7935
104	8400000	1.5	0.014999999	-27.744478	0.16255386	-368.86877	1219.0	1.0311868	0.24230404	2.9656012e-05	149.0	-0.018003628	18.663715	0.0866524	0.002287442	-0.25256944	0.018975	-0.35864252	0.0023374893	0.00015675418	0.028575152	76.79049	-338.0053	1.5984414	-337.8009	1.5559545	104.0	6029.296
105	8480000	1.5	0.014999999	-32.327522	0.10097799	-376.08154	1219.0	1.5125688	0.26522154	2.6573258e-05	149.0	0.006013397	18.66416	0.12582617	0.0023229476	-0.29765368	0.020975	0.113331005	-0.00075564306	0.00013319557	0.032013025	59.09841	-333.973	2.5937812	-334.3559	2.5635984	105.0	6103.9653
106	8560000	1.5	0.014999999	-29.674694	0.11007436	-371.2967	1219.0	1.1894665	0.23703226	2.619273e-05	149.0	-0.0028154536	18.662699	0.09828538	0.0012021424	-0.32539845	0.0070875	-0.05862948	0.00045502395	0.00012245105	0.01884461	56.190437	-332.168	3.0235846	-332.17432	2.9945486	106.0	6178.4424
107	8640000	1.5	0.014999999	-30.706581	0.09718328	-371.65518	1219.0	1.2153423	0.23175876	1.8789851e-05	149.0	0.0009892343	18.661814	0.10118356	0.0035979974	-0.34234568	0.0301625	0.015684707	-0.0037390438	9.965742e-05	0.020121122	54.613117	-321.26276	7.318957	-321.17136	7.308364	107.0	6252.7085
108	8720000	1.5	0.014999999	-28.618616	0.08708593	-364.8614	1219.0	0.9645833	0.23466554	2.0498272e-05	149.0	-0.0018103628	18.66014	0.07905688	0.0029210458	-0.35149094	0.015525	-0.03870599	-0.0031839008	8.4812054e-05	0.008865894	57.69551	-301.0426	17.51567	-300.42746	17.819149	108.0	6327.1685
109	8800000	1.5	0.014999999	-25.350433	0.071897455	-352.20163	1219.0	1.7686194	0.22877157	1.7660292e-05	3.0	0.020172458	18.685837	0.15594862	0.020784108	-0.35162067	0.1520125	0.37806812	0.031524234	0.000110489294	0.093442	83.83475	-335.77255	3.2832432	-335.8362	3.1400223	109.0	6372.08
110	8880000	1.5	0.014999999	-35.870537	0.14939031	-387.9021	1219.0	3.7407136	0.24858832	5.940114e-05	25.0	0.041803446	18.887764	0.3237853	0.017434943	-0.3549762	0.1155	0.81503636	0.011488166	8.5631065e-05	0.2553468	93.13262	-306.75293	13.499147	-307.09402	13.36474	110.0	6421.491
111	8960000	1.5	0.014999999	-27.84581	0.11380979	-356.7076	1219.0	1.3696764	0.22837162	2.1981074e-05	149.0	0.00031890394	18.666964	0.11326736	0.00302409	-0.39525366	0.033725	-0.00020902252	0.0004601635	7.210617e-05	0.043130547	69.86826	-294.75256	21.793722	-294.3262	21.90397	111.0	6495.9917
112	9040000	1.5	0.014999999	-26.285103	0.12667201	-349.41534	1219.0	1.9625368	0.2250859	1.6078662e-05	149.0	0.010077854	18.712126	0.16808832	0.0028718673	-0.39861012	0.0298875	0.19279754	0.0048839995	5.997278e-05	0.062631816	72.31043	-296.67322	20.250507	-296.04282	20.593765	112.0	6571.3955
113	9120000	1.5	0.014999999	-32.09278	0.12958524	-366.38882	1219.0	1.4531136	0.23590311	2.1185517e-05	149.0	-0.001130305	18.668055	0.12457073	0.0041267546	-0.43444395	0.032275	-0.028376237	0.0033687195	0.00010214194	0.054304656	77.57346	-331.7487	4.969231	-331.51013	4.975357	113.0	6646.278
114	9200000	1.5	0.014999999	-32.719765	0.1392332	-373.0765	1219.0	1.6504606	0.2368671	2.9755212e-05	149.0	0.0016314882	18.681171	0.14646927	0.0018455555	-0.45959657	0.0132375	0.02827708	-0.0017278793	0.00010394956	0.039592974	76.34741	-327.202	6.718299	-328.06415	6.502606	114.0	6720.5977
115	9280000	1.5	0.014999999	-29.538744	0.10311726	-365.53342	1219.0	1.1502527	0.24170928	2.3115383e-05	149.0	-0.0011365226	18.66733	0.09773721	0.0036547799	-0.47094584	0.0321625	-0.026179904	-0.00302765	9.6261276e-05	0.017175907	80.28455	-311.87183	16.859476	-312.13953	16.664156	115.0	6796.194
116	9360000	1.5	0.014999999	-25.077265	0.08585168	-353.6245	1219.0	1.4525585	0.24478738	1.5890424e-05	149.0	0.008349037	18.66742	0.12022784	0.003447741	-0.48059088	0.03835	0.15889396	0.006996408	9.842426e-05	0.028020425	133.41347	-323.05637	11.903572	-323.07855	11.874349	116.0	6870.5254
117	9440000	1.5	0.014999999	-30.297388	0.10329915	-365.874	1219.0	1.4214163	0.24236655	2.1874213e-05	149.0	0.0038712265	18.666822	0.12013224	0.0027399196	-0.51075274	0.0213625	0.07263327	0.0011010715	0.000113194525	0.02941654	121.58551	-329.59625	8.731205	-329.66388	8.811055	117.0	6944.9854
118	9520000	1.5	0.014999999	-30.618563	0.13658284	-369.7291	1219.0	1.7334684	0.24599394	1.5762982e-05	149.0	0.011606554	18.688469	0.18447968	0.0028228294	-0.5098738	0.0237375	0.22290471	0.00041429995	0.000101480495	0.03676709	131.61823	-327.06866	8.861882	-326.75143	8.84462	118.0	7019.297
119	9600000	1.5	0.014999999	-34.258106	0.25193173	-370.10236	1219.0	1.7055998	0.2456676	1.7399288e-05	11.0	-0.008598105	18.685957	0.21529922	0.015848916	-0.51062495	0.19925	-0.1912856	0.009925213	0.00010694819	0.056669697	108.02242	-304.5744	26.956547	-304.1714	27.13926	119.0	7065.855
120	9680000	1.5	0.014999999	-23.510733	0.15201573	-342.71323	1219.0	3.7115052	0.23009515	2.0112228e-05	4.0	0.035974234	18.89195	0.30151176	0.027154425	-0.5110664	0.1527625	0.68122697	0.033512726	0.00015110149	0.15836708	162.86325	-332.74826	9.257064	-333.24536	9.104607	120.0	7111.2944
121	9760000	1.5	0.014999999	-31.951366	0.19776224	-372.08307	1219.0	2.0080636	0.24051571	1.294454e-05	149.0	0.014850046	18.723644	0.26052752	0.0061750365	-0.50687367	0.0753625	0.28545225	0.0031470119	0.00015504028	0.089798614	152.17497	-347.9912	1.3016479	-348.3184	1.3116796	121.0	7185.7627
122	9840000	1.5	0.014999999	-35.12159	0.7033768	-382.78116	1219.0	3.0004187	0.26197705	1.9661418e-05	3.0	-0.052496437	18.82672	0.48287374	0.019055586	-0.50723547	0.1671125	-1.0805128	0.01373401	0.00013272613	0.25174025	119.186226	-325.5765	9.913088	-325.53885	9.825973	122.0	7230.7124
123	9920000	1.5	0.014999999	-27.602594	0.1144318	-355.75995	1219.0	1.1570697	0.23273571	2.011951e-05	149.0	-0.00394184	18.679165	0.096690916	0.0021831521	-0.5373011	0.0190125	-0.08131029	0.0006713978	0.00012640064	0.028845454	122.91304	-328.01166	10.747115	-328.0734	10.77494	123.0	7305.0034
124	10000000	1.5	0.014999999	-29.307962	0.096484594	-358.65787	1219.0	1.1448816	0.2496377	1.6423324e-05	149.0	0.00055435137	18.678047	0.09808246	0.002997676	-0.54601675	0.0344125	0.0055946773	0.0018999298	0.000121316254	0.011562432	123.7046	-331.5698	9.2887745	-332.0984	8.988872	124.0	7379.4863
125	10080000	1.5	0.014999999	-30.203775	0.12970045	-366.3154	1219.0	1.4612702	0.25212848	1.3546256e-05	149.0	0.010328581	18.678175	0.17224553	0.0027079142	-0.5681676	0.0194375	0.19810608	0.0011327489	0.00012282626	0.036589075	130.78947	-336.546	4.8772407	-336.46637	4.8456	125.0	7454.9062
126	10160000	1.5	0.014999999	-32.867043	0.28120038	-370.03232	1219.0	1.7046103	0.2484701	1.0620102e-05	149.0	-0.003374322	18.696518	0.2660447	0.0066212732	-0.6067706	0.073175	-0.081699826	0.00017113876	0.00011382524	0.057797614	114.144684	-323.16193	12.5197735	-323.3732	12.352811	126.0	7529.321
127	10240000	1.5	0.014999999	-27.63465	0.07254207	-353.49896	1219.0	1.346596	0.24448654	2.10171e-05	136.0	0.009839488	18.67788	0.112383395	0.015916524	-0.6523866	0.125825	0.18527217	0.014792557	0.00013026355	0.017389746	144.28082	-338.0821	5.3635645	-338.55038	5.105623	127.0	7600.9585
128	10320000	1.5	0.014999999	-30.149298	0.2184371	-369.4366	1219.0	1.75989	0.24730003	7.761003e-06	149.0	0.020174976	18.702309	0.30243883	0.0048683938	-0.6750817	0.0519375	0.3871146	0.0001867197	7.626103e-05	0.066668436	150.25839	-324.45657	15.288259	-324.52353	15.049223	128.0	7675.366
129	10400000	1.5	0.014999999	-29.490425	0.11808667	-356.98495	1219.0	1.2690146	0.23958842	1.5236515e-05	149.0	0.005180126	18.677828	0.13901462	0.0017295057	-0.6968917	0.01155	0.098018296	0.00048529633	0.00013055623	0.016559593	163.32588	-328.9007	11.66936	-329.13297	11.479928	129.0	7750.001
130	10480000	1.5	0.014999999	-29.318134	0.12637621	-355.39545	1219.0	1.2183654	0.26461977	1.5785821e-05	112.0	0.0024368593	18.676928	0.13613784	0.0150268115	-0.7240194	0.179325	0.042030077	0.013126447	0.00014063697	0.013168555	165.55615	-347.32324	1.953692	-347.4393	2.0155008	130.0	7817.0806
131	10560000	1.5	0.014999999	-30.747366	0.80855685	-383.08945	1219.0	3.5147204	0.24565168	1.1868887e-05	4.0	-0.009703791	18.88122	0.7672083	0.021988198	-0.7246322	0.1754625	-0.23833543	0.020267576	0.00014048434	0.13812688	199.9013	-329.5321	9.74965	-329.63937	9.611406	131.0	7864.335
132	10640000	1.5	0.014999999	-31.141129	0.2040162	-355.8938	1219.0	1.107682	0.24216843	1.4781124e-05	149.0	-0.0231964	18.681585	0.108320676	0.003212269	-0.74696726	0.032025	-0.46280184	-6.999884e-05	9.236976e-05	0.057055566	177.20453	-331.6861	7.1933093	-332.04248	7.114078	132.0	7938.5996
133	10720000	1.5	0.014999999	-30.133722	0.09450077	-352.9606	1219.0	1.2911186	0.2655844	1.5964692e-05	149.0	0.0054631303	18.68108	0.117233336	0.003475584	-0.7641719	0.03755	0.10325873	0.0016007666	8.434814e-05	0.014624333	142.79643	-334.59607	5.318913	-334.67865	5.2557564	133.0	8015.862
134	10800000	1.5	0.014999999	-29.835247	0.24532382	-363.6795	1219.0	1.3167697	0.24818602	1.1554601e-05	149.0	0.008997935	18.680315	0.2832622	0.00395549	-0.78306603	0.0384	0.16853684	-0.00026561602	8.6190485e-05	0.054518342	148.32445	-329.34778	8.345061	-329.34814	8.282605	134.0	8091.3325
135	10880000	1.5	0.014999999	-29.525837	0.11640638	-353.92117	1219.0	1.2526815	0.26726508	1.5585956e-05	149.0	0.0015412784	18.679491	0.12293299	0.0022893236	-0.8188916	0.0180125	0.027348816	0.00021181922	8.5607055e-05	0.015658073	158.68819	-329.9542	8.241983	-330.02243	8.1264515	135.0	8165.808
136	10960000	1.5	0.014999999	-29.604681	0.15528603	-356.54504	1219.0	1.2689347	0.24596131	1.5916856e-05	149.0	0.0075639253	18.678755	0.18673044	0.0027071468	-0.82250124	0.0300625	0.1422228	0.00093137246	0.00011918524	0.021930344	155.11726	-334.89062	4.6441083	-335.87546	4.273567	136.0	8241.829
137	11040000	1.5	0.014999999	-29.483047	0.18102434	-357.65842	1219.0	0.9769641	0.22907682	1.4235789e-05	149.0	0.0021760215	18.677128	0.18984447	0.0036049362	-0.8202392	0.0380875	0.03546271	0.0009796247	0.00013524812	0.012310739	160.10033	-338.69522	3.3420963	-338.55093	3.3571455	137.0	8318.037
138	11120000	1.5	0.014999999	-30.198	0.31554076	-360.40146	1219.0	1.0534714	0.26073703	1.384301e-05	11.0	-0.0092354985	18.675816	0.27699438	0.018083869	-0.8245076	0.1842375	-0.20246068	0.011310543	0.00010506388	0.047201466	151.68744	-322.78253	11.842565	-323.0571	11.69909	138.0	8364.651
139	11200000	1.5	0.014999999	-29.65759	0.103068516	-343.1792	1219.0	3.3260274	0.26645237	3.9803323e-05	4.0	0.040489	18.860867	0.27237105	0.015735086	-0.8264379	0.13595	0.79182917	0.015460557	0.00018400242	0.18571588	170.69154	-336.88223	4.2480063	-337.0731	4.2456713	139.0	8410.784
140	11280000	1.5	0.014999999	-27.752716	0.29306144	-357.312	1219.0	0.9771233	0.24524245	3.3564178e-05	149.0	-0.032601207	18.679453	0.15622412	0.0024826867	-0.834566	0.0210375	-0.64851	-0.0005538965	0.00011211107	0.11166334	175.3245	-332.9006	7.195197	-333.22107	7.341678	140.0	8485.298
141	11360000	1.5	0.014999999	-29.724457	0.100535415	-352.31458	1219.0	1.3047805	0.24204102	1.9752799e-05	149.0	0.0056289476	18.67913	0.12366436	0.0028296188	-0.8462734	0.01815	0.107833	0.00092089135	0.00010966686	0.016193	165.48708	-335.54636	5.146054	-335.18292	5.241179	141.0	8559.697
142	11440000	1.5	0.014999999	-28.716112	0.24040593	-359.5984	1219.0	1.1510409	0.25393146	1.6056416e-05	149.0	0.008298519	18.67771	0.27500188	0.005905732	-0.86849695	0.0413375	0.14850539	0.0037850456	0.00013983992	0.029837774	171.0084	-340.24338	2.5125628	-340.6447	2.4450657	142.0	8634.096
143	11520000	1.5	0.014999999	-30.050837	0.22055772	-356.50955	1219.0	0.95157796	0.24886183	1.3266795e-05	149.0	-0.009560664	18.676022	0.18079872	0.002032466	-0.904275	0.017675	-0.19144067	-7.317884e-05	0.00013547408	0.02097992	154.23117	-339.99432	2.2869306	-340.0094	2.267284	143.0	8708.585
144	11600000	1.5	0.014999999	-29.715382	0.16243654	-355.27655	1219.0	0.9883824	0.24584195	1.3756944e-05	149.0	0.00040863553	18.674479	0.1640135	0.002445816	-0.89943796	0.0226625	0.0036329064	0.00039055472	0.00016753506	0.011907764	152.27298	-342.16547	1.4967071	-342.2235	1.4336113	144.0	8783.323
145	11680000	1.5	0.014999999	-29.601238	0.21456924	-356.22595	1219.0	0.9322081	0.25788933	1.6002288e-05	149.0	-0.007926944	18.672695	0.18122697	0.0040366068	-0.92277235	0.039275	-0.16583031	-0.0002288642	0.00014548967	0.028185377	143.26483	-337.0472	3.2076135	-337.0175	3.2324803	145.0	8858.511
146	11760000	1.5	0.014999999	-29.688463	0.09564957	-350.88626	1219.0	1.2593627	0.24897948	1.806612e-05	149.0	0.0030645342	18.67224	0.10825873	0.0031715194	-0.92265236	0.03175	0.055633344	0.00021105554	0.00011520401	0.010047963	150.7051	-337.90228	3.168111	-338.0255	3.1517289	146.0	8933.324
147	11840000	1.5	0.014999999	-29.20751	0.13412857	-353.477	1219.0	1.1904862	0.2514176	2.165543e-05	149.0	0.003271813	18.670935	0.14776619	0.001914966	-0.95021915	0.0131	0.061351817	0.00052671216	8.99666e-05	0.018076804	145.22134	-337.8016	3.3996713	-337.72012	3.4298756	147.0	9007.888
148	11920000	1.5	0.014999999	-29.158072	0.23015584	-358.02408	1219.0	1.0682398	0.27436513	2.005141e-05	149.0	-0.00093672605	18.66959	0.22623743	0.008572141	-0.9739695	0.0757125	-0.037466533	0.0048403447	9.3835784e-05	0.02895537	149.39284	-337.70038	3.3055937	-337.7263	3.2323456	148.0	9085.672
149	12000000	1.5	0.014999999	-29.912088	0.1000561	-350.82425	1219.0	1.3227419	0.26212302	2.1092172e-05	149.0	0.0027026553	18.669249	0.11114525	0.002822645	-0.9847804	0.0218875	0.048174676	-9.96287e-05	0.00013267423	0.0121545475	150.22443	-335.6622	4.2546105	-335.1292	4.3404617	149.0	9162.668
