Epoch	TotalEnvInteracts	worker/CostLimit	worker/noise	learner/VVals	learner/CostVVals	worker/EpRet	worker/EpLen	worker/EpCost	learner/LossQ	learner/LossQC	learner/StopIter	learner/LossPi	learner/Lagrangian	learner/QcRet	learner/KL	learner/Entropy	learner/ClipFrac	learner/LossQcPenalty	learner/LossVallina	learner/LossVC	learner/LossV	Eval/NaturalReward	Eval/NaturalCost	Eval/AdvUniformReward	Eval/AdvUniformCost	worker/Epoch	worker/Time
0	80000	1.5	0.0	0.0059754183	-0.11591515	-1720.3665	1219.0	463.84384	1.7240055	0.0058838516	5.0	9.37603	47.78236	36.378914	0.021626983	0.92144483	0.3072375	456.64905	-0.0042464067	1382.9072	17557.94	-1487.841	462.2613	-1487.7655	462.26312	0.0	43.43659
1	160000	1.5	0.0	-72.438675	38.98318	-1515.1741	1219.0	458.29712	0.93464965	0.0010702625	5.0	-0.06836346	48.139477	38.923317	0.01940219	0.9225884	0.3011	-3.5266328	0.00033125267	16.09869	2696.4143	-1281.3496	455.168	-1281.2688	455.14877	1.0	86.940285
2	240000	1.5	0.0023027735	-115.20045	38.64615	-1335.7994	1219.0	450.80368	0.83190024	0.00038471748	5.0	-0.12055503	48.72337	38.53425	0.019832786	0.9229383	0.3007625	-6.2225814	-0.0011486935	6.972478	384.77005	-1075.0148	441.7489	-1075.2108	441.77597	2.0	132.79335
3	320000	1.5	0.004252031	-106.18591	38.336266	-1157.343	1219.0	438.2714	0.79133904	0.00017695555	5.0	-0.29529336	48.776497	37.680664	0.018044544	0.9221811	0.2889125	-14.855145	-0.006918532	7.5455766	316.84937	-873.1741	422.48172	-873.64923	422.53098	3.0	178.68929
4	400000	1.5	0.0059020403	-92.60446	37.514217	-996.55817	1219.0	423.97128	0.7046052	0.00016133563	5.0	-0.3883516	48.619373	36.59571	0.015762987	0.92076874	0.2604375	-19.504608	-0.012060412	10.726636	267.98032	-691.62146	390.91058	-691.6076	390.91705	4.0	224.64671
5	480000	1.5	0.0072987443	-79.506386	36.358643	-856.3482	1219.0	405.3375	0.665389	0.00019402464	6.0	-0.48284078	47.973175	35.11745	0.017352335	0.9187621	0.28435	-23.985022	-0.0121348025	15.093814	209.8707	-514.62714	320.16882	-514.5275	319.95563	5.0	270.63437
6	560000	1.5	0.008481027	-67.9627	34.616623	-727.644	1219.0	379.5543	0.6292108	0.00022050936	7.0	-0.57754785	46.51763	32.97244	0.015825003	0.91530126	0.237325	-27.703674	-0.013845184	19.00421	182.04082	-399.62708	164.18762	-399.61353	164.01115	6.0	316.82434
7	640000	1.5	0.009481809	-57.25077	31.797743	-616.41907	1219.0	338.61804	0.5708627	0.00025715647	12.0	-0.7213487	43.414436	29.508438	0.016142087	0.9078254	0.2283875	-32.407295	-0.012605365	23.9083	123.52453	-279.05893	43.833473	-278.95605	43.85173	7.0	363.3594
8	720000	1.5	0.010328949	-47.863625	26.276731	-508.11044	1219.0	255.42007	0.48578483	0.00028290765	140.0	-1.0779	35.9144	22.41491	0.015116133	0.8150149	0.1299375	-40.177414	-0.014410574	30.817413	73.55923	-60.276123	312.97513	-60.15215	312.93073	8.0	420.61685
9	800000	1.5	0.011046043	-39.570656	16.739052	-416.81232	1219.0	135.8616	0.35935205	0.0003504919	149.0	-1.3052335	24.462322	11.672086	0.0067561613	0.7331982	0.0638	-33.340027	-0.00764132	34.450783	46.879417	-30.456598	337.45505	-30.139524	337.06317	9.0	478.73477
10	880000	1.5	0.01165305	-33.92029	10.011872	-390.15118	1219.0	105.30196	0.3052606	0.00044089294	149.0	-0.354988	21.751446	8.607963	0.006529311	0.65419394	0.060025	-8.140175	-0.007962136	7.7775345	18.796413	-13.761268	334.64557	-13.820326	334.42636	10.0	536.8836
11	960000	1.5	0.012166867	-31.385668	6.9120626	-363.27103	1219.0	78.48829	0.26227015	0.0005543352	149.0	-0.16311996	19.277542	6.2435627	0.0066814115	0.5765706	0.0585	-3.35498	-0.00745373	5.1013455	15.436	-7.7678766	332.4977	-7.7227798	332.50052	11.0	594.9981
12	1040000	1.5	0.012601807	-29.292688	5.0750756	-338.79138	1219.0	59.787357	0.2296712	0.00047802398	149.0	-0.07708753	17.61586	4.7448006	0.0058093895	0.49969628	0.05725	-1.4702787	-0.008240269	4.2691007	13.517453	-7.584969	332.5115	-7.664643	332.50662	12.0	653.16644
13	1120000	1.5	0.012969971	-27.222158	3.8117774	-315.70096	1219.0	46.344715	0.21143222	0.00022483904	149.0	-0.022272065	16.40736	3.6819735	0.005568446	0.4232912	0.05525	-0.41188866	-0.007748598	3.723071	11.988629	-5.201997	332.7284	-5.202491	332.7272	13.0	711.2316
14	1200000	1.5	0.0132816145	-25.345795	3.1375222	-297.23917	1219.0	38.606968	0.18783037	0.00017962449	149.0	0.020187704	15.753697	3.1884785	0.0056927996	0.3498354	0.0522625	0.31980366	-0.007707058	3.426223	9.924792	-4.6598907	332.77264	-4.6065717	332.77835	14.0	769.4479
15	1280000	1.5	0.013545423	-23.797916	2.832857	-275.27026	1219.0	35.999508	0.16004281	0.00014399693	149.0	0.07781054	15.583503	3.1395254	0.003867034	0.2939739	0.0292875	1.2837062	-0.0063369325	4.761906	8.830517	-3.0332384	332.94876	-3.0400324	332.94827	15.0	827.47345
16	1360000	1.5	0.013768726	-22.190722	3.0871902	-264.0519	1219.0	36.331566	0.14827128	0.00012569063	149.0	0.07145678	15.719915	3.3719022	0.0055704154	0.22307922	0.049425	1.1795907	-0.007183252	4.39556	6.375152	-2.762884	332.9636	-2.782044	332.96237	16.0	885.5639
17	1440000	1.5	0.013957752	-21.243578	3.4079125	-248.88293	1219.0	39.181	0.13424787	0.0001107017	149.0	0.10665105	16.112455	3.8510284	0.00074053404	0.19307232	0.003775	1.8258883	-0.0041633453	5.6020517	6.5568686	-3.0228121	332.94955	-3.0460882	332.94583	17.0	943.7274
18	1520000	1.5	0.014117749	-20.069332	3.9200423	-241.14618	1219.0	41.86946	0.13532628	9.951745e-05	149.0	0.09925789	16.495329	4.3352056	5.8679456e-05	0.18536043	0.0	1.7375	-0.0011318735	5.446304	5.282707	-2.3182836	332.98154	-2.3366258	332.9801	18.0	1002.0004
19	1600000	1.5	0.014253196	-19.5302	4.345651	-239.04208	1219.0	42.2488	0.14137557	0.000104762825	149.0	0.066959396	16.650768	4.6220098	0.0005998824	0.1627574	0.0011375	1.1830461	-0.0030097382	4.6400013	4.7318516	-3.1390028	332.94104	-3.119027	332.9428	19.0	1060.174
20	1680000	1.5	0.014367847	-19.361101	4.6759424	-237.44366	1219.0	43.13685	0.13828754	0.00010324111	149.0	0.061390664	16.861786	4.9314814	0.0031828436	0.108183615	0.0286625	1.0924516	-0.0061679436	4.280767	4.608832	-2.0994852	332.98987	-2.105203	332.99036	20.0	1118.4716
21	1760000	1.5	0.014464887	-19.128351	5.2750716	-222.91046	1219.0	49.15013	0.12752867	0.000107258595	149.0	0.107962936	17.599644	5.7327733	0.0007229228	0.08070958	0.0026	2.0093763	-0.0037765678	5.640613	4.775366	-10.923199	332.28693	-10.920954	332.28885	21.0	1176.7025
22	1840000	1.5	0.014547037	-18.177334	5.810823	-220.87195	1219.0	50.537712	0.12467055	0.00011938682	26.0	0.063220315	17.87656	6.0878563	0.025798634	0.07617128	0.0391125	1.0903498	0.01722963	4.2977343	3.6999824	-179.02794	188.03554	-178.58835	187.95375	22.0	1224.4683
23	1920000	1.5	0.014616577	-18.074253	5.673428	-238.7184	1219.0	45.801376	0.14180967	0.00010457251	2.0	0.01697675	17.539764	5.7651553	0.01588723	0.0758816	0.0913625	0.29551312	0.03310954	2.9657366	7.1544414	-231.71002	114.409065	-231.79007	114.662415	23.0	1270.0968
24	2000000	1.5	0.014675439	-19.251402	4.9380736	-266.37903	1219.0	40.000492	0.16559106	0.00015335287	149.0	0.067359485	17.082367	5.224636	0.008175029	0.09532952	0.106925	1.2075777	-0.0064406907	3.9603214	11.132722	-154.33424	205.70923	-152.98502	205.51575	24.0	1328.3687
25	2080000	1.5	0.014725265	-22.022476	6.114153	-247.85803	1219.0	45.20127	0.15491727	0.00011547003	8.0	-0.10248346	17.728546	5.701702	0.033976726	0.09636259	0.2671625	-2.0534823	0.056655433	4.8602567	12.074459	-271.3608	59.837746	-271.53647	59.765026	25.0	1374.5774
26	2160000	1.5	0.014767439	-20.075829	4.3216176	-289.91562	1219.0	31.738712	0.19118516	0.00016044047	1.0	0.02696534	16.492163	4.433435	0.023070095	0.09643865	0.2224125	0.3797781	0.043334033	6.470965	29.460674	-313.2716	31.027142	-313.7345	30.939125	26.0	1420.1667
27	2240000	1.5	0.014803143	-23.891989	3.6299386	-324.38007	1219.0	30.613274	0.23294559	0.00025183428	1.0	0.04533482	16.4715	3.8117855	0.017098082	0.09650481	0.1746875	0.8285297	0.033421673	6.318191	27.43118	-345.2497	16.474085	-344.8342	16.462784	27.0	1465.9877
28	2320000	1.5	0.014833362	-26.85766	3.8653364	-355.75525	1219.0	39.868694	0.25218838	0.00034935237	4.0	-0.031167878	17.521832	3.7159743	0.019264733	0.09664166	0.23315	-0.6143069	-0.0012399231	7.736831	34.309155	-310.14783	31.54603	-309.94852	31.646341	28.0	1511.9502
29	2400000	1.5	0.014858946	-28.989582	2.6120071	-317.0089	1219.0	22.670012	0.22776537	0.0002552122	2.0	0.042781424	15.858445	2.7921853	0.015261737	0.09657347	0.1716125	0.71651804	-0.0017824627	7.253	29.174809	-260.6736	65.825455	-261.1609	65.63689	29.0	1557.8268
30	2480000	1.5	0.0148806	-26.513103	2.98207	-280.18887	1219.0	29.852482	0.18562323	0.00020757275	3.0	0.16882528	16.654772	3.7022634	0.021222772	0.0964514	0.103225	2.893307	0.015882952	6.386855	21.103315	-300.67615	35.16444	-299.32883	34.93782	30.0	1606.2333
31	2560000	1.5	0.014898927	-23.83628	3.3877387	-305.94458	1219.0	18.8677	0.2010084	0.00014274272	1.0	-0.20686987	15.6169615	2.517534	0.029129932	0.09641814	0.1367625	-3.5369954	0.036518365	4.938721	37.28328	-347.45938	9.627388	-347.3856	9.672246	31.0	1651.6569
32	2640000	1.5	0.014914451	-25.809103	1.8628728	-346.8973	1219.0	5.89968	0.23836319	0.0001435569	1.0	-0.3060606	14.35277	0.5584825	0.069857456	0.09638643	0.197375	-4.9914412	0.07869048	9.860935	83.0359	-406.7869	3.1557603	-406.84702	3.182928	32.0	1696.8489
33	2720000	1.5	0.01492758	-28.80548	0.606342	-402.3011	1219.0	10.206895	0.28468984	0.00030790226	1.0	0.057435565	14.807331	0.8676085	0.025260422	0.09635603	0.1282	0.9228199	0.03755602	0.52340984	167.09534	-434.68082	9.971485	-434.55658	9.91141	33.0	1742.1488
34	2800000	1.5	0.014938699	-33.122208	1.1625712	-429.292	1219.0	23.3432	0.31450957	0.0005089622	4.0	0.2560421	16.181606	2.2383285	0.070353515	0.09622896	0.2594125	4.2499323	0.062871695	3.7198157	183.70323	-382.2746	1.5860044	-382.2491	1.5610987	34.0	1787.6376
35	2880000	1.5	0.014948113	-34.46581	1.0493296	-383.66864	1219.0	2.5864472	0.26690918	0.00027126708	1.0	-0.18794483	14.121687	0.24990362	0.033113126	0.09619403	0.144675	-2.8817573	0.03258434	2.0869458	145.0685	-341.6974	11.988342	-342.71426	11.97112	35.0	1832.893
36	2960000	1.5	0.014956073	-31.291107	0.20368083	-351.37497	1219.0	2.8754106	0.24192795	0.00012224463	5.0	0.008113456	14.152729	0.2400708	0.018267795	0.09603059	0.0535375	0.09892265	0.016750928	0.08264066	94.06988	-359.26407	9.707195	-359.78906	9.213165	36.0	1878.4229
37	3040000	1.5	0.01496282	-29.00397	0.21676475	-366.8792	1219.0	1.1856524	0.24967591	9.710438e-05	5.0	-0.029599983	14.018256	0.09467344	0.017386697	0.09592723	0.1162125	-0.44833344	0.02231013	0.10013572	125.20416	-338.2446	36.591778	-337.0482	37.060944	37.0	1924.0072
38	3120000	1.5	0.0149685275	-29.797796	0.075626485	-348.65625	1219.0	3.8278756	0.2497786	8.4686486e-05	149.0	0.056398444	14.254781	0.31909603	0.0033656445	0.09343624	0.0238125	0.853874	0.0018072645	0.30058113	110.467926	-332.0354	49.901577	-332.72522	49.67083	38.0	1981.3604
39	3200000	1.5	0.014973358	-28.601772	0.3225947	-351.35205	1219.0	3.5456378	0.24175611	6.593298e-05	149.0	-0.0076800464	14.230311	0.29444283	0.0010458943	0.09363842	0.014175	-0.121219456	0.0017701199	0.11358391	128.8803	-338.34134	37.229256	-338.8753	36.874577	39.0	2041.1671
40	3280000	1.5	0.014977453	-28.708994	0.28486437	-356.17157	1219.0	2.5319307	0.26018363	6.710958e-05	149.0	-0.018822288	14.133391	0.2078735	0.00088613527	0.07851529	0.010375	-0.2888854	0.0012186187	0.05702151	124.0772	-340.87823	35.275394	-341.49805	35.04634	40.0	2099.1023
41	3360000	1.5	0.014980911	-29.136713	0.20440543	-358.09494	1219.0	2.1820283	0.2665838	5.394835e-05	149.0	-0.006728585	14.100871	0.17806594	0.0009512292	0.07085574	0.01095	-0.10491306	0.0009157812	0.027123837	126.46285	-343.8918	31.525274	-344.80023	31.47836	41.0	2156.8152
42	3440000	1.5	0.014983846	-29.360294	0.17479506	-360.96646	1219.0	1.7214264	0.27492368	5.117858e-05	149.0	-0.008295565	14.05627	0.14108646	0.0014560488	0.052718878	0.0108875	-0.12706888	-0.00036423426	0.01904705	128.29956	-344.70938	39.206985	-344.5933	39.46412	42.0	2214.6194
43	3520000	1.5	0.014986322	-29.689734	0.14660758	-361.7977	1219.0	1.8167428	0.25633755	5.1099632e-05	149.0	0.0003250265	14.066483	0.14916416	0.001749184	0.042039394	0.0206875	0.0009016487	0.0004206748	0.016843216	131.2007	-347.91177	19.67721	-348.07346	19.262	43.0	2272.2114
44	3600000	1.5	0.0149884205	-29.583954	0.14320476	-364.0211	1219.0	1.4594375	0.26770696	4.69922e-05	149.0	-0.0056857346	14.037248	0.11947515	0.000857253	0.035822153	0.0089125	-0.087396234	0.00048719023	0.017777953	126.80077	-350.0365	16.315042	-350.298	16.128082	44.0	2329.9539
45	3680000	1.5	0.0149901975	-29.901115	0.11902533	-365.69925	1219.0	1.3828324	0.2817578	5.2232645e-05	149.0	-0.0011948228	14.036833	0.11419194	0.00036987345	0.018752098	0.0016	-0.0181223	-0.00033920107	0.021323731	124.235466	-349.05356	14.353347	-349.17877	14.136418	45.0	2387.6243
46	3760000	1.5	0.0149917025	-29.914478	0.11345222	-364.8361	1219.0	1.3186396	0.26523	4.621669e-05	149.0	-0.0010269991	14.03623	0.108966336	0.0006978357	0.012263536	0.0059875	-0.016227363	-0.00014483878	0.018768491	115.105774	-349.23227	20.032593	-349.5171	19.917547	46.0	2445.2856
47	3840000	1.5	0.014992981	-30.49252	0.11068838	-365.1006	1219.0	1.3380735	0.26406035	4.571459e-05	149.0	0.00012814195	14.035703	0.11135409	0.00076298293	0.0067622666	0.0041125	0.0013626888	-2.1614265e-05	0.021445867	113.551	-349.38025	25.219053	-350.8359	25.36495	47.0	2502.8975
48	3920000	1.5	0.014994055	-30.086212	0.11222378	-367.0031	1219.0	1.4318206	0.25834283	4.6459085e-05	149.0	0.0019651721	14.035506	0.12072347	0.0011144974	-0.020442843	0.0074625	0.028795129	-0.0006156855	0.02653303	105.149124	-348.79837	25.96569	-350.04205	24.950563	48.0	2560.6025
49	4000000	1.5	0.014994966	-30.422155	0.1178791	-365.8257	1219.0	1.3476001	0.28110737	4.5297907e-05	149.0	-0.00080255314	14.034895	0.114763744	0.0014009686	-0.039675478	0.0085	-0.012641555	-0.0005623968	0.021897381	100.38825	-349.10492	27.382254	-350.41064	27.595755	49.0	2618.224
50	4080000	1.5	0.01499574	-30.98972	0.112016454	-364.6293	1219.0	1.2994962	0.2662366	4.200523e-05	149.0	-0.00022624616	14.034234	0.11125437	0.0008165414	-0.049857974	0.005575	-0.0037670853	-0.00039506188	0.018754316	94.53879	-348.87604	24.539694	-350.48688	23.730349	50.0	2675.834
51	4160000	1.5	0.0149963945	-29.678596	0.11126482	-363.92264	1219.0	1.236158	0.27081528	3.9549086e-05	149.0	-0.0010291634	14.033386	0.10738053	0.00023745808	-0.057168603	0.000925	-0.015581183	-0.0003757536	0.017594172	92.593636	-350.10544	26.88373	-350.679	26.937557	51.0	2733.469
52	4240000	1.5	0.014996949	-30.401653	0.10447832	-364.4712	1219.0	1.2862126	0.26451087	3.7438927e-05	149.0	0.0017033294	14.032736	0.11206323	0.001062516	-0.09021521	0.01	0.024867637	-0.000581556	0.019753896	94.08319	-349.6407	26.454933	-349.63742	26.22738	52.0	2791.2734
53	4320000	1.5	0.014997421	-30.515753	0.10775221	-363.65396	1219.0	1.2718668	0.24668558	3.774628e-05	149.0	0.00082251214	14.031943	0.11169067	0.0013342929	-0.11955774	0.007625	0.011991707	-0.00063840655	0.019023625	102.242874	-350.0822	25.215942	-350.49002	25.78705	53.0	2848.876
54	4400000	1.5	0.014997812	-30.256365	0.10738025	-363.50534	1219.0	1.3059987	0.25530252	3.2290613e-05	149.0	0.0018538802	14.031335	0.115937464	0.0007462139	-0.14242613	0.0043125	0.02729859	-0.0002766756	0.020106383	105.682976	-350.77866	27.969017	-350.86206	28.027536	54.0	2906.572
55	4480000	1.5	0.014998151	-31.035627	0.1094213	-362.23633	1219.0	1.2285374	0.2437027	3.213308e-05	149.0	1.178883e-05	14.030432	0.11034971	0.002898506	-0.16037989	0.0434125	0.00016913633	0.0012166275	0.017569851	110.68423	-352.04636	28.9093	-351.91852	28.602558	55.0	2964.159
56	4560000	1.5	0.014998434	-29.9465	0.10961838	-362.87256	1219.0	1.2677248	0.23923282	2.7296079e-05	149.0	0.0011289881	14.029716	0.11550088	0.0008346846	-0.17621922	0.004125	0.01646035	-0.00024543543	0.019170867	111.93255	-350.5649	26.935415	-350.6454	26.834763	56.0	3021.8096
57	4640000	1.5	0.0149986725	-29.57696	0.11681345	-362.56198	1219.0	1.2323328	0.22826013	2.7621554e-05	149.0	-0.0009753886	14.028819	0.11389021	0.00072147656	-0.18830022	0.007325	-0.015588376	7.303009e-05	0.018516857	120.2171	-350.14618	25.834593	-350.65143	24.77608	57.0	3079.6973
58	4720000	1.5	0.014998881	-30.425175	0.108641416	-362.57013	1219.0	1.217772	0.23133533	2.934108e-05	149.0	0.0008535525	14.027917	0.11360933	0.000951297	-0.21741347	0.0068875	0.012074903	-9.498463e-05	0.017658414	124.00399	-348.79266	24.58969	-349.58334	24.598585	58.0	3137.5227
59	4800000	1.5	0.014999048	-30.254766	0.10864363	-360.91898	1219.0	1.1390607	0.24213934	2.3139917e-05	149.0	-0.00069073786	14.026781	0.10719297	0.0008049532	-0.23774287	0.0084	-0.011308252	-4.5110322e-05	0.015235186	128.78897	-346.6322	22.263365	-347.39832	22.255766	59.0	3195.3877
60	4880000	1.5	0.014999196	-30.16005	0.10409033	-359.82935	1219.0	1.072635	0.23095827	2.5521507e-05	149.0	-0.0009968336	14.02545	0.10148747	0.0012295296	-0.24457262	0.0097	-0.0155093325	0.00015547752	0.0132430615	136.92754	-346.81473	23.969599	-347.2714	23.917252	60.0	3253.1057
61	4960000	1.5	0.014999316	-30.54483	0.095738485	-358.25992	1219.0	1.0386966	0.22812447	2.323818e-05	149.0	5.760704e-05	14.024018	0.09773492	0.00066842325	-0.2647743	0.0039875	0.00048235976	-0.00040284652	0.011509608	138.09491	-345.76434	24.033401	-346.73788	23.724466	61.0	3311.0745
62	5040000	1.5	0.014999421	-29.917091	0.09485421	-357.94977	1219.0	1.0217727	0.24070351	2.0694086e-05	149.0	-0.0003527672	14.022538	0.09516963	0.0009447296	-0.2792344	0.0066875	-0.005959161	-0.00014953899	0.0105059445	132.61746	-347.17053	26.101448	-346.8444	25.6291	62.0	3368.7544
63	5120000	1.5	0.01499951	-30.32045	0.09109737	-358.46954	1219.0	1.0367683	0.24379253	2.3124067e-05	149.0	0.00083882816	14.021115	0.09636753	0.00092980755	-0.3008957	0.0067625	0.012278632	-0.0004988573	0.010798782	136.36775	-346.16678	24.996958	-346.48413	23.921377	63.0	3426.4822
64	5200000	1.5	0.014999585	-29.731228	0.09457386	-357.53574	1219.0	1.0273806	0.2395502	2.3527422e-05	149.0	-0.00016030365	14.019636	0.0957245	0.0007022069	-0.29428628	0.003525	-0.0026349525	-0.00014003925	0.009961043	138.52269	-346.3874	24.276226	-347.2166	23.92902	64.0	3484.301
65	5280000	1.5	0.014999655	-29.385902	0.095474035	-358.8418	1219.0	1.0666367	0.22149141	2.593195e-05	149.0	0.0006037708	14.018326	0.09991615	0.00042441086	-0.29792306	0.0019125	0.008922992	-6.507373e-05	0.011249004	133.93185	-346.43747	26.551317	-347.22238	26.085697	65.0	3542.0264
66	5360000	1.5	0.014999704	-29.551016	0.09864144	-358.67798	1219.0	1.0500683	0.2343153	2.4379067e-05	149.0	-0.00055028085	14.01689	0.09817965	0.0023379277	-0.33384988	0.0261375	-0.009066811	-0.0001427494	0.01028949	135.65553	-345.7869	24.860907	-346.1459	24.445667	66.0	3599.745
67	5440000	1.5	0.014999748	-30.408688	0.093835324	-357.1309	1219.0	1.03847	0.22835083	2.5080324e-05	149.0	0.00020248347	14.015458	0.096402824	0.00077912404	-0.3388653	0.00785	0.0027410816	-8.370628e-05	0.008898383	140.63756	-346.08044	22.718288	-347.303	22.880024	67.0	3657.3762
68	5520000	1.5	0.014999791	-29.01473	0.09857828	-358.7426	1219.0	1.078744	0.23813474	2.8144364e-05	149.0	0.00022602454	14.014186	0.1013544	0.0007867709	-0.3537218	0.0046625	0.003116282	-0.0004438471	0.010805382	138.03793	-347.8472	25.28098	-348.39935	25.32086	68.0	3715.1157
69	5600000	1.5	0.01499982	-30.073973	0.10008532	-359.73535	1219.0	1.1025518	0.25827008	2.6444719e-05	149.0	0.0005686787	14.012927	0.104295604	0.0011144083	-0.37807086	0.00585	0.008139937	-0.00014178695	0.0115837855	142.74017	-348.58228	24.196157	-349.85538	23.833849	69.0	3772.7812
70	5680000	1.5	0.014999851	-29.505346	0.10571591	-360.65765	1219.0	1.1863606	0.26487988	2.8363644e-05	149.0	0.0013689449	14.0119915	0.11333326	0.00039213392	-0.38860032	0.002125	0.02055173	-0.00028872924	0.013866893	148.4103	-347.6076	23.821302	-348.02383	23.803679	70.0	3830.4358
71	5760000	1.5	0.014999868	-28.989304	0.114442386	-359.37195	1219.0	1.1192485	0.26379636	3.4162942e-05	149.0	-0.0017202066	14.010715	0.10899641	0.0019504032	-0.40691176	0.0247375	-0.026479779	0.00070595037	0.012547221	146.3227	-344.28528	25.794626	-345.24655	25.721777	71.0	3888.1267
72	5840000	1.5	0.014999894	-31.50747	0.100994244	-357.23004	1219.0	1.0959011	0.26269427	2.7535792e-05	149.0	0.00067319826	14.009452	0.10547467	0.0016416553	-0.43796962	0.0136125	0.009165695	-0.00060147553	0.009322823	153.3512	-343.05768	22.006687	-343.98462	21.744698	72.0	3945.901
73	5920000	1.5	0.01499991	-29.476402	0.10441092	-356.87704	1219.0	1.0925049	0.2498086	2.7272234e-05	149.0	-0.00023345463	14.008181	0.10502175	0.0011165476	-0.44527823	0.009075	-0.0036989667	-5.9574127e-06	0.008631092	145.31108	-344.3139	23.125198	-345.09085	22.836943	73.0	4003.7322
74	6000000	1.5	0.014999923	-30.078257	0.10708318	-357.8172	1219.0	1.1515412	0.2702524	2.8702361e-05	149.0	0.0006768542	14.007142	0.1114864	0.00063191645	-0.4536161	0.003375	0.009937024	-0.0005147917	0.00964569	152.58539	-342.289	20.711678	-342.37137	19.80082	74.0	4061.3958
75	6080000	1.5	0.014999928	-28.59785	0.10968168	-356.43094	1219.0	1.0945703	0.26182622	2.4516426e-05	55.0	-0.0010757416	14.005818	0.10675574	0.017556453	-0.4556084	0.12735	-0.017572744	0.018675055	0.008557398	147.72731	-347.5915	16.830015	-348.33267	17.155107	75.0	4111.378
76	6160000	1.5	0.014999942	-27.400272	0.11334491	-361.4524	1219.0	1.2186689	0.26887745	3.2603413e-05	149.0	0.0017103484	14.005041	0.122036844	0.0012955891	-0.45564222	0.0151125	0.025411611	0.00047310448	0.015385833	166.2557	-346.57993	17.383015	-348.6131	17.041206	76.0	4168.9443
77	6240000	1.5	0.014999954	-29.980963	0.12542525	-361.35452	1219.0	1.2228262	0.2689301	3.347967e-05	149.0	0.00011271591	14.004035	0.12799749	0.00058566243	-0.44615462	0.0041375	0.0012279785	-0.00026447143	0.01604896	164.87563	-343.31964	16.640755	-344.1223	16.714401	77.0	4226.6216
78	6320000	1.5	0.014999957	-29.483646	0.12061717	-358.4097	1219.0	1.0737721	0.268687	2.6660666e-05	149.0	-0.0025021986	14.002704	0.11197129	0.0008082744	-0.47056913	0.0074875	-0.03820275	-0.0001518422	0.01161785	155.40233	-344.3503	16.509985	-345.6881	16.26162	78.0	4285.2583
79	6400000	1.5	0.01499997	-29.845781	0.11266453	-358.44806	1219.0	1.1172081	0.28801432	3.357027e-05	149.0	0.00050733454	14.001547	0.11665717	0.001619224	-0.50202185	0.0136	0.0070150862	-0.00041749686	0.011629631	157.63992	-344.68597	14.6743555	-345.3537	14.979292	79.0	4344.043
80	6480000	1.5	0.014999973	-29.997988	0.11596469	-358.30917	1219.0	1.1118861	0.31569752	2.8766657e-05	64.0	-0.00030087482	14.00029	0.1164647	0.015064096	-0.49245834	0.1241	-0.0037688748	0.01520665	0.010840474	164.9717	-348.57898	11.197143	-349.56775	11.300842	80.0	4395.2886
81	6560000	1.5	0.014999973	-27.105972	0.12610935	-362.2556	1219.0	1.2634087	0.28586283	2.8582032e-05	149.0	0.0018888456	13.999671	0.1362741	0.000967979	-0.501357	0.0044625	0.027925266	-0.00026648596	0.018663937	178.75667	-347.7937	14.666029	-348.26654	14.26838	81.0	4453.8965
82	6640000	1.5	0.014999983	-30.516428	0.13617939	-361.97913	1219.0	1.2850072	0.27863464	4.0511735e-05	149.0	0.0010013552	13.99884	0.14273599	0.0013350756	-0.52040774	0.010175	0.014464462	0.00021597595	0.01853612	176.7092	-346.54715	14.016448	-347.2711	14.17444	82.0	4512.6313
83	6720000	1.5	0.014999985	-29.952103	0.14063951	-360.85254	1219.0	1.2114679	0.2862528	3.173235e-05	149.0	-0.0011798773	13.997897	0.13797058	0.0008664137	-0.5388536	0.0050125	-0.018119538	-0.00035261098	0.016423028	173.4862	-345.80466	12.337202	-346.80475	12.614932	83.0	4571.4346
84	6800000	1.5	0.014999987	-29.908197	0.13718404	-359.9074	1219.0	1.1541353	0.29888937	3.3939334e-05	149.0	-0.0014849626	13.996808	0.13305764	0.00048224832	-0.54531914	0.005225	-0.023073167	4.496727e-05	0.014800767	179.52347	-345.76324	13.254448	-347.3989	13.110671	84.0	4630.2676
85	6880000	1.5	0.014999988	-29.283796	0.13594203	-360.3252	1219.0	1.1960375	0.2960177	3.226758e-05	149.0	0.00025052644	13.995882	0.13946915	0.0014648188	-0.5748907	0.0096125	0.0032561042	-0.00053301716	0.01580254	177.2811	-344.45233	15.113927	-345.24954	14.924611	85.0	4688.944
86	6960000	1.5	0.014999988	-30.463768	0.1396588	-360.0498	1219.0	1.2391365	0.30495438	3.8645187e-05	20.0	0.00010980213	13.995045	0.1423719	0.02624877	-0.5769534	0.134225	-0.001363199	0.022943398	0.01495166	184.34091	-338.60846	15.841044	-340.05988	15.513059	86.0	4736.3257
87	7040000	1.5	0.014999988	-29.941168	0.12515675	-354.30872	1219.0	1.1521133	0.30744258	2.2905599e-05	149.0	-0.0023209567	13.993906	0.11765033	0.0010539459	-0.6033774	0.00815	-0.035536874	-0.0003481289	0.00913586	168.11722	-338.48636	13.852973	-338.78348	14.230344	87.0	4795.0845
88	7120000	1.5	0.014999988	-29.62104	0.11761165	-353.54675	1219.0	1.2201315	0.3045266	1.7616216e-05	149.0	-0.0008996768	13.993077	0.116045535	0.008534559	-0.6295728	0.0900125	-0.01451788	0.0076079527	0.007225567	165.22948	-336.99857	13.478389	-336.4483	13.594195	88.0	4853.9478
89	7200000	1.5	0.014999988	-29.52011	0.11384129	-351.71057	1219.0	1.4296204	0.3225339	1.9057488e-05	37.0	0.002195486	13.992942	0.12520804	0.018935017	-0.6297688	0.1216875	0.030426944	0.018037252	0.008510771	159.26974	-340.9281	13.030639	-341.58688	12.72849	89.0	4902.934
90	7280000	1.5	0.014999999	-27.955904	0.13258557	-356.02695	1219.0	1.1773975	0.3449891	2.3876279e-05	149.0	-0.0047372174	13.9917145	0.11420796	0.0014839777	-0.64162153	0.0133875	-0.0716589	3.318615e-05	0.008798611	174.95567	-341.30145	11.971887	-342.24335	11.681276	90.0	4961.6426
91	7360000	1.5	0.014999999	-29.051844	0.11319949	-355.52087	1219.0	1.18575	0.3458589	2.8681698e-05	149.0	0.0013106307	13.990727	0.120602444	0.0013695509	-0.6472302	0.009275	0.019059017	-0.00013815956	0.007808523	169.82367	-342.82108	10.112589	-343.83267	10.065481	91.0	5020.416
92	7440000	1.5	0.014999999	-28.406887	0.12098476	-356.9336	1219.0	1.1370246	0.32291353	2.8638704e-05	149.0	-0.00023260762	13.989577	0.12220022	0.0021474843	-0.66598314	0.025625	-0.0037733237	0.00028590692	0.008829735	170.58775	-341.37546	9.298357	-341.87207	8.701348	92.0	5079.348
93	7520000	1.5	0.014999999	-29.449526	0.11821959	-355.4741	1219.0	1.1453913	0.31788105	2.5190657e-05	149.0	-0.00034223474	13.98847	0.119098365	0.00168171	-0.67754424	0.008775	-0.005737447	-0.00038079225	0.007890957	167.8209	-342.6296	7.3739424	-343.39508	7.4587674	93.0	5138.939
94	7600000	1.5	0.014999999	-28.375406	0.12118496	-356.9388	1219.0	1.0788602	0.35842422	2.965263e-05	149.0	-0.0015481595	13.987148	0.11682567	0.0040139835	-0.68249476	0.0557125	-0.023425624	0.0015881064	0.008178436	172.18991	-341.8424	8.158329	-342.40778	8.134633	94.0	5197.8574
95	7680000	1.5	0.014999999	-29.738623	0.11137807	-354.5016	1219.0	1.1487323	0.38322464	2.6336367e-05	149.0	0.00067393034	13.986112	0.11646184	0.00062953704	-0.6903973	0.001925	0.009820723	-0.0003713046	0.00744937	165.42538	-341.5689	7.3251457	-342.35583	7.0482035	95.0	5256.708
96	7760000	1.5	0.014999999	-28.557943	0.117785975	-355.4476	1219.0	1.0849652	0.33535457	2.179213e-05	149.0	-0.0018932458	13.984748	0.11215657	0.00087464525	-0.6933037	0.0081625	-0.02872634	-5.639858e-05	0.006968682	166.73763	-340.97208	6.73584	-341.79266	6.5493965	96.0	5315.549
97	7840000	1.5	0.014999999	-28.815487	0.10855255	-354.45834	1219.0	1.094034	0.36158878	2.0290168e-05	149.0	-1.2197932e-05	13.983489	0.11070611	0.0016931224	-0.71551716	0.013925	-0.00093874376	7.382603e-05	0.0067265495	163.68358	-341.16772	7.235818	-342.7734	6.778589	97.0	5374.4297
98	7920000	1.5	0.014999999	-29.725471	0.11385952	-354.86844	1219.0	1.1439072	0.39989465	2.1538397e-05	149.0	-0.0003146373	13.9824095	0.11485481	0.0010364623	-0.73452306	0.0045125	-0.0052328003	-0.0004165721	0.0065799933	167.9876	-341.15533	7.933826	-341.9604	7.6198945	98.0	5433.5933
99	8000000	1.5	0.014999999	-29.576603	0.11444755	-354.11484	1219.0	1.2630342	0.39138135	2.0326599e-05	149.0	0.0014443552	13.9817095	0.12276237	0.0009385541	-0.72526014	0.0079625	0.021168156	-3.5785295e-05	0.007141841	165.80977	-340.84506	7.6801677	-340.93002	7.5853353	99.0	5492.8604
100	8080000	1.5	0.014999999	-28.838482	0.12192189	-354.00378	1219.0	1.2987471	0.39161482	1.8570945e-05	30.0	-0.00016042117	13.980966	0.12349791	0.024515014	-0.73349184	0.1673375	-0.005642725	0.023327563	0.007061436	162.71277	-346.21246	4.2009697	-346.5891	3.7515996	100.0	5541.263
101	8160000	1.5	0.014999999	-27.183746	0.12437832	-357.85333	1219.0	1.0426195	0.39212924	2.1754913e-05	149.0	-0.0035365352	13.979511	0.11160645	0.001739645	-0.7463847	0.0169625	-0.05304239	-6.6067696e-05	0.008549545	175.96297	-347.81427	3.2025154	-347.53815	2.8697257	101.0	5600.1304
102	8240000	1.5	0.014999999	-29.019924	0.10949596	-357.5134	1219.0	1.0171934	0.39331645	2.2641461e-05	149.0	0.0004472777	13.978017	0.1136552	0.00097186986	-0.76081747	0.0048875	0.006257978	-0.00045618895	0.007834178	169.45253	-344.1782	4.2397494	-344.4928	3.8821845	102.0	5658.989
103	8320000	1.5	0.014999999	-29.986784	0.1113509	-356.02734	1219.0	1.0588858	0.41148075	2.040325e-05	128.0	0.00021877268	13.9766865	0.11481354	0.018886983	-0.7703216	0.1517625	0.00087187154	0.016842276	0.0073006293	168.9323	-350.00876	2.3500516	-349.53885	2.2982492	103.0	5716.037
104	8400000	1.5	0.014999999	-27.787525	0.119849585	-359.65417	1219.0	1.0319393	0.38100132	2.6361662e-05	149.0	-0.00018693204	13.975194	0.121527396	0.003562242	-0.7827645	0.04265	-0.0035263775	0.0007523303	0.010464977	178.22484	-345.48538	3.3626285	-346.10092	3.1432557	104.0	5774.804
105	8480000	1.5	0.014999999	-30.279366	0.11921306	-358.80722	1219.0	1.0700924	0.40930146	2.652381e-05	149.0	0.0012060091	13.973892	0.12705398	0.0014593493	-0.80167776	0.01025	0.017602732	-0.00036268358	0.010068293	175.65381	-345.7761	2.6274915	-346.35724	2.6496134	105.0	5833.8276
106	8560000	1.5	0.014999999	-29.113007	0.12657551	-358.49255	1219.0	1.0241429	0.42399207	3.188914e-05	149.0	-0.0015022602	13.972382	0.12300169	0.0024071482	-0.81916434	0.030775	-0.022906411	0.000346026	0.0091920765	174.03812	-347.21265	2.5223982	-347.0763	2.455591	106.0	5892.8613
107	8640000	1.5	0.014999999	-29.309772	0.124980286	-359.38403	1219.0	1.0554409	0.3935333	2.8615288e-05	149.0	9.059422e-05	13.97103	0.12825239	0.00071850256	-0.8161774	0.0021125	0.00083202217	-0.00026598817	0.0100574335	173.95813	-348.8114	1.9540569	-348.0594	1.8825096	107.0	5951.8423
108	8720000	1.5	0.014999999	-28.436232	0.12976967	-360.10236	1219.0	1.0374131	0.42425174	3.5061017e-05	149.0	-0.0003687448	13.969564	0.1311733	0.005745151	-0.8398104	0.0730875	-0.00642388	0.0034957465	0.011443248	175.09532	-346.67157	1.8962775	-346.48798	1.9740556	108.0	6010.85
109	8800000	1.5	0.014999999	-29.64108	0.13274387	-360.6666	1219.0	1.0662584	0.4536937	2.9196963e-05	27.0	0.00038424358	13.968244	0.13725983	0.018572297	-0.8470039	0.1273625	0.0028022889	0.0149791185	0.011992528	180.66057	-342.64423	2.318763	-343.78235	2.213447	109.0	6059.046
110	8880000	1.5	0.014999999	-30.3487	0.12730607	-357.99115	1219.0	1.0155517	0.4415535	2.5042576e-05	149.0	-0.0016651826	13.966716	0.12337815	0.0019707	-0.86964524	0.0166125	-0.025915118	4.484024e-05	0.009200693	173.14935	-342.8238	2.12724	-343.09186	1.943811	110.0	6117.8765
111	8960000	1.5	0.014999999	-29.425076	0.12166282	-357.65848	1219.0	1.001523	0.4591834	3.08459e-05	149.0	-0.0011404905	13.965175	0.119702905	0.0009376566	-0.88408	0.0067875	-0.017384212	-0.00044571247	0.007877847	170.4443	-343.289	2.4222245	-343.18332	2.3111978	111.0	6177.04
112	9040000	1.5	0.014999999	-29.865906	0.11716746	-356.75354	1219.0	1.0564187	0.45618886	3.0371797e-05	2.0	2.4920671e-05	13.96385	0.120104834	0.020461643	-0.8841323	0.1411375	0.00023991374	0.016682552	0.007447942	169.70102	-339.70377	3.627743	-339.5212	3.1070232	112.0	6223.0537
113	9120000	1.5	0.014999999	-30.196321	0.11304319	-353.49524	1219.0	1.3583561	0.45935607	1.9158466e-05	149.0	0.0033354573	13.963607	0.13013928	0.0023979517	-0.88236624	0.0234125	0.048800807	8.403396e-05	0.010250689	164.95038	-338.62006	3.580056	-338.8947	3.3016615	113.0	6282.0737
114	9200000	1.5	0.014999999	-29.219215	0.13065384	-352.81583	1219.0	1.4020734	0.45943347	1.669299e-05	16.0	-0.0012894823	13.962996	0.12751259	0.020779507	-0.89193165	0.1650125	-0.022337234	0.019152671	0.00801981	163.42255	-341.02283	2.2473977	-341.49246	2.05415	114.0	6329.328
115	9280000	1.5	0.014999999	-27.33726	0.12832911	-355.79208	1219.0	1.0398049	0.4870655	3.0828814e-05	149.0	-0.005950021	13.961524	0.1049947	0.0012158933	-0.8940867	0.006175	-0.08951723	-0.00030844202	0.0068234666	171.5577	-343.5449	1.7931285	-343.10388	1.7259253	115.0	6388.218
116	9360000	1.5	0.014999999	-28.40705	0.10432604	-356.58008	1219.0	0.9991053	0.50282687	2.5177715e-05	72.0	0.00067078724	13.959975	0.1090115	0.029912116	-0.8994208	0.1823375	0.007934784	0.025976239	0.006053079	165.76567	-347.3185	1.3937781	-347.37848	1.5029052	116.0	6440.301
117	9440000	1.5	0.014999999	-27.660126	0.11683064	-360.6563	1219.0	1.0156419	0.4839533	2.6261885e-05	149.0	0.0015789964	13.958493	0.12578806	0.0007925034	-0.9018535	0.0021	0.023323044	-0.0004083571	0.010868064	177.8522	-347.2853	1.3551639	-347.4092	1.3489162	117.0	6499.2314
118	9520000	1.5	0.014999999	-29.530794	0.12743855	-361.05948	1219.0	1.0232408	0.50027263	2.859641e-05	149.0	0.00077196275	13.957008	0.13342242	0.0013021417	-0.90684503	0.01425	0.011226425	-0.00010927296	0.010730378	175.8007	-346.5906	1.4347123	-347.27515	1.4477361	118.0	6558.3086
119	9600000	1.5	0.014999999	-29.908594	0.13281105	-360.43903	1219.0	1.0190294	0.5069526	2.87548e-05	149.0	-0.00015550849	13.955511	0.13507469	0.0008852214	-0.9032783	0.004375	-0.002603506	-0.00048681218	0.010706443	175.4195	-343.7156	1.7570697	-343.8927	1.7517864	119.0	6617.4194
120	9680000	1.5	0.014999999	-30.152203	0.13117497	-359.45517	1219.0	1.0265821	0.50886923	3.1600655e-05	149.0	-8.221742e-05	13.954052	0.13366574	0.00083204516	-0.90823925	0.002125	-0.0014653358	-0.00058767054	0.009835333	174.34682	-343.27368	1.7268966	-344.8573	1.6673623	120.0	6676.408
121	9760000	1.5	0.014999999	-29.643978	0.13305019	-358.58218	1219.0	1.0098946	0.5356441	2.7704635e-05	149.0	-0.0010734831	13.952528	0.13139535	0.00076175516	-0.91036034	0.0074375	-0.01664512	-9.7769116e-05	0.008966815	175.05742	-343.0332	1.5453511	-343.308	1.5430529	121.0	6735.334
122	9840000	1.5	0.014999999	-29.065575	0.1323526	-358.96384	1219.0	0.9932691	0.56425977	2.7528096e-05	149.0	-0.00090740656	13.950962	0.13142134	0.0023323665	-0.918438	0.027	-0.013989941	-0.00010685109	0.009248883	174.54704	-341.35635	1.7562487	-341.03824	1.8983866	122.0	6794.3315
123	9920000	1.5	0.014999999	-30.017633	0.12709916	-357.27094	1219.0	1.0121	0.53492296	3.2589363e-05	149.0	-0.0006095067	13.9494705	0.12742539	0.0013027498	-0.94761854	0.00685	-0.00956576	-0.00047830847	0.008314171	172.36401	-342.31458	1.6277925	-343.3463	1.548088	123.0	6853.2866
124	10000000	1.5	0.014999999	-28.933685	0.12933113	-358.576	1219.0	1.0189731	0.5309232	2.6132499e-05	149.0	0.00026535313	13.947969	0.1331699	0.0008618403	-0.95958906	0.0057625	0.003503037	-0.0005592033	0.008754191	172.01164	-342.50848	1.5562854	-342.86172	1.5174525	124.0	6912.3403
125	10080000	1.5	0.014999999	-29.261978	0.13222834	-358.83807	1219.0	1.0073652	0.5600921	2.5252002e-05	149.0	6.4692244e-06	13.946439	0.13497388	0.0009422325	-0.95832247	0.00525	-3.4274293e-05	-0.00046598492	0.009154269	170.11375	-341.71265	1.5831469	-341.89108	1.5124671	125.0	6971.5034
126	10160000	1.5	0.014999999	-29.425056	0.13375519	-358.10513	1219.0	0.9996069	0.5735942	2.6847021e-05	2.0	-0.0012950167	13.944892	0.13143878	0.020689815	-0.95833486	0.155325	-0.019370835	0.016339362	0.0085235955	165.63336	-338.64746	2.1558027	-337.80344	2.0256093	126.0	7017.5557
127	10240000	1.5	0.014999999	-30.579512	0.1261784	-354.67535	1219.0	1.1558474	0.55981714	2.4268982e-05	31.0	-0.001142619	13.94396	0.12444431	0.019958472	-0.9850749	0.151875	-0.019707961	0.016424784	0.00843826	168.23868	-341.20233	1.5327852	-342.25812	1.5487251	127.0	7066.1396
128	10320000	1.5	0.014999999	-27.981512	0.13080882	-357.6774	1219.0	1.0036972	0.57030356	2.648773e-05	18.0	-0.0022359928	13.942271	0.123876	0.017256496	-0.9959163	0.168425	-0.034391858	0.015148767	0.0075749373	168.75978	-338.84143	2.2314773	-338.8495	2.1694179	128.0	7113.496
129	10400000	1.5	0.014999999	-30.658638	0.116879165	-355.19675	1219.0	1.1841625	0.56120384	2.6486863e-05	14.0	0.0022099838	13.941447	0.12875782	0.020803018	-1.0037926	0.17465	0.02987104	0.018257624	0.0075279265	166.55678	-342.08142	1.7104349	-341.96667	1.6436445	129.0	7160.5874
130	10480000	1.5	0.014999999	-27.829084	0.13658978	-358.2273	1219.0	1.0374125	0.6282533	2.6210066e-05	101.0	-0.001934817	13.939834	0.13102448	0.027544964	-1.019988	0.204825	-0.03080346	0.024584023	0.008625165	170.97545	-345.28397	1.4868777	-345.3161	1.5219685	130.0	7215.161
131	10560000	1.5	0.014999999	-27.996168	0.14061391	-361.79526	1219.0	1.1325129	0.58821154	3.30512e-05	149.0	0.0035368942	13.938773	0.15837461	0.0022747712	-1.0389081	0.02175	0.052055858	0.00022424488	0.0143201845	173.52353	-345.03818	1.5197539	-345.06525	1.4574063	131.0	7274.062
132	10640000	1.5	0.014999999	-29.480669	0.15644698	-361.4298	1219.0	1.0937685	0.6352553	3.4446974e-05	149.0	-1.7014398e-05	13.937411	0.15935072	0.0013649	-1.0356675	0.0160125	-0.0010633419	4.3605567e-05	0.012016572	166.456	-345.60703	1.4113622	-346.35065	1.4149283	132.0	7333.018
133	10720000	1.5	0.014999999	-29.03478	0.15953861	-361.94617	1219.0	1.100466	0.6822268	3.5397825e-05	48.0	0.0006690731	13.93617	0.16560861	0.015160155	-1.0590602	0.1404375	0.00975212	0.011384123	0.0128802005	163.90857	-347.8984	1.428836	-348.39505	1.4265653	133.0	7382.8647
134	10800000	1.5	0.014999999	-28.678453	0.17722161	-364.10883	1219.0	1.2588835	0.6724628	3.0326566e-05	31.0	0.0032281938	13.935539	0.19439957	0.025819402	-1.0648023	0.1459	0.046800427	0.01883788	0.018466892	170.35483	-344.32144	1.247973	-345.6197	1.2131499	134.0	7431.429
135	10880000	1.5	0.014999999	-30.616682	0.17728819	-360.2713	1219.0	0.9907	0.7036892	4.0960917e-05	49.0	-0.0066868877	13.933809	0.15217504	0.019828187	-1.0710555	0.1719	-0.1013975	0.017269654	0.014443329	166.85742	-340.6449	1.4324393	-341.03665	1.4491754	135.0	7481.432
136	10960000	1.5	0.014999999	-30.851791	0.14171685	-357.0299	1219.0	0.97019315	0.636272	2.9708923e-05	149.0	-0.0031160326	13.932176	0.13165021	0.0016611429	-1.0990504	0.01975	-0.04725057	-0.0003318945	0.009300236	166.46529	-340.88467	1.3448459	-341.59546	1.2280158	136.0	7540.3574
137	11040000	1.5	0.014999999	-28.995697	0.13248195	-357.5191	1219.0	0.9641025	0.58887726	2.7489174e-05	81.0	-0.0008080839	13.930525	0.13184252	0.01699721	-1.1146852	0.1422125	-0.013036325	0.014230059	0.0077383844	159.52287	-343.22122	1.2093788	-343.97986	1.1608242	137.0	7593.119
138	11120000	1.5	0.014999999	-28.32035	0.13980319	-359.79007	1219.0	0.9783636	0.65154487	3.2043907e-05	97.0	0.0013780311	13.928929	0.14826396	0.015725333	-1.1385545	0.1625	0.019596022	0.014745136	0.010055552	164.40422	-345.33762	1.1745361	-346.03192	1.1290822	138.0	7647.3657
139	11200000	1.5	0.014999999	-28.402544	0.1582787	-362.28467	1219.0	1.071714	0.69275683	3.15554e-05	52.0	0.002923126	13.927673	0.17367429	0.026914474	-1.1642436	0.1678125	0.041089036	0.021278158	0.013764113	165.63005	-342.3586	1.1682186	-344.22546	1.1417545	139.0	7697.7085
140	11280000	1.5	0.014999999	-30.772043	0.15786706	-359.36703	1219.0	0.9463793	0.61971843	3.1223517e-05	139.0	-0.003787509	13.925879	0.14494842	0.020573303	-1.1897048	0.1491625	-0.057553552	0.018841092	0.0104198055	165.70113	-340.09888	1.3144125	-341.16663	1.28399	140.0	7755.681
141	11360000	1.5	0.014999999	-30.306948	0.1339902	-356.79523	1219.0	0.97197247	0.6190956	4.023246e-05	12.0	-0.0020751911	13.924274	0.12815945	0.015196812	-1.1924795	0.1571875	-0.031998638	0.01373331	0.0076889074	160.68633	-338.176	1.6638012	-338.93823	1.6719753	141.0	7802.5376
142	11440000	1.5	0.014999999	-30.31646	0.12089393	-354.5809	1219.0	1.1293898	0.6571274	2.2646536e-05	35.0	0.00027383375	13.923242	0.12460256	0.01777693	-1.2074233	0.1463125	0.0054429434	0.014946852	0.0075408914	160.21028	-336.49042	2.2893484	-336.56985	2.2117724	142.0	7851.2686
143	11520000	1.5	0.014999999	-29.927475	0.12166844	-352.60187	1219.0	1.4651235	0.6594933	1.3359876e-05	137.0	0.0013868754	13.923246	0.13035765	0.023005327	-1.199911	0.1659	0.017433729	0.022241205	0.009353388	158.0349	-338.86417	1.6936668	-339.48196	1.5669641	143.0	7909.096
144	11600000	1.5	0.014999999	-27.841665	0.13365664	-355.27545	1219.0	1.1130393	0.6921347	1.861252e-05	149.0	-0.006807614	13.921703	0.10612881	0.0039411266	-1.2135497	0.0462125	-0.10098131	0.0014777153	0.00661651	159.803	-338.2684	1.802311	-338.84183	1.8843446	144.0	7968.129
145	11680000	1.5	0.014999999	-29.282404	0.1058516	-354.4493	1219.0	1.1681961	0.6931556	1.6881264e-05	36.0	0.0012191761	13.92071	0.11256145	0.022727987	-1.2149371	0.1838625	0.015486947	0.021389997	0.004903856	155.63734	-340.69562	1.394351	-341.30215	1.2872465	145.0	8017.09
146	11760000	1.5	0.014999999	-28.043865	0.11691539	-356.72604	1219.0	0.9811947	0.6867568	2.4028834e-05	76.0	-0.0020885062	13.919054	0.10966876	0.02089693	-1.236972	0.156075	-0.03104882	0.017446775	0.0053382865	162.14354	-338.48883	1.7036412	-338.35428	1.7850797	146.0	8069.4844
147	11840000	1.5	0.014999999	-30.027863	0.10402075	-354.95825	1219.0	1.1488036	0.7146882	2.0517775e-05	149.0	0.003187651	13.918113	0.11915039	0.006732695	-1.2605997	0.0856625	0.046806615	0.005435336	0.0060522547	158.79393	-339.1047	1.5868379	-339.35263	1.6397109	147.0	8128.407
148	11920000	1.5	0.014999999	-28.91296	0.12056407	-355.33627	1219.0	1.1045458	0.78106046	1.7502427e-05	44.0	-0.0012573919	13.916712	0.117232315	0.016868364	-1.2730349	0.1659375	-0.021447768	0.014249426	0.0051071187	156.1692	-341.41046	1.3043383	-341.58554	1.2344793	148.0	8178.167
149	12000000	1.5	0.014999999	-28.111843	0.12200014	-358.07574	1219.0	0.9901776	0.72979105	1.8513747e-05	149.0	-2.4454812e-05	13.915137	0.12385875	0.00079131784	-1.2662364	0.00385	-0.00050714595	-0.0004348599	0.0065764245	160.67432	-342.0586	1.2654796	-342.6037	1.2341949	149.0	8236.953
