Epoch	TotalEnvInteracts	worker/CostLimit	worker/noise	learner/VVals	learner/CostVVals	worker/EpRet	worker/EpLen	worker/EpCost	learner/LossQ	learner/LossQC	learner/StopIter	learner/LossPi	learner/Lagrangian	learner/QcRet	learner/KL	learner/Entropy	learner/ClipFrac	learner/LossQcPenalty	learner/LossVallina	learner/LossVC	learner/LossV	Eval/NaturalReward	Eval/NaturalCost	Eval/AdvUniformReward	Eval/AdvUniformCost	worker/Epoch	worker/Time
0	80000	1.5	0.0	0.044043947	-0.025230868	-1880.5641	1219.0	467.7595	2.2547498	0.007139218	5.0	9.433151	48.189274	36.613464	0.020049023	0.9164323	0.2983625	463.8225	-0.0029413379	1391.1873	21004.785	-1673.0168	466.334	-1672.9971	466.33572	0.0	43.186234
1	160000	1.5	0.0	-60.23182	39.529705	-1683.2698	1219.0	463.13687	1.031938	0.0015298768	5.0	-0.09261167	48.64227	39.342354	0.015293657	0.91466814	0.25255	-4.7786703	-0.0025089253	8.939597	5624.822	-1486.0319	462.0002	-1485.9116	461.9933	1.0	86.39832
2	240000	1.5	0.0023027735	-125.916565	39.11482	-1516.0292	1219.0	457.87378	0.92841464	0.0008538142	5.0	-0.07818965	49.476322	39.126575	0.015450833	0.913845	0.2433125	-4.1073837	-0.0015120393	3.5125437	413.88614	-1304.7031	455.96176	-1304.7546	455.97836	2.0	241.66614
3	320000	1.5	0.004252031	-121.13715	39.041756	-1357.8103	1219.0	450.82007	0.8553953	0.0005504664	5.0	-0.1928668	50.11037	38.697563	0.015572342	0.9131965	0.2429375	-10.010078	-0.0057216124	3.7344027	336.52127	-1123.744	445.41525	-1123.7606	445.42712	3.0	397.0126
4	400000	1.5	0.0059020403	-109.56824	38.65558	-1196.9446	1219.0	441.6919	0.82524604	0.00042746664	5.0	-0.2798882	50.5246	38.05036	0.015590436	0.91258615	0.2492625	-14.5884	-0.010524149	5.1368246	296.27963	-941.22595	429.4405	-941.01794	429.43872	4.0	552.75134
5	480000	1.5	0.0072987443	-96.27518	37.779514	-1048.1757	1219.0	428.67505	0.7937158	0.00036341595	6.0	-0.3361153	50.50244	36.992847	0.0206561	0.9119139	0.3226875	-17.583292	-0.009796523	7.970411	250.16714	-731.48413	400.04138	-731.34735	399.9814	5.0	708.5445
6	560000	1.5	0.008481027	-84.09191	36.71577	-885.02606	1219.0	409.9477	0.7034442	0.0003127791	6.0	-0.45106602	49.867332	35.52802	0.017079156	0.91082	0.27345	-23.272596	-0.012328464	11.961981	260.98907	-554.28546	341.83832	-554.31415	341.8459	6.0	864.3885
7	640000	1.5	0.009481809	-70.76392	34.86644	-750.51086	1219.0	384.2098	0.68276834	0.0003263262	7.0	-0.52981794	48.423653	33.378113	0.015073141	0.90863603	0.2506125	-26.540884	-0.013814426	16.755096	196.98026	-424.88608	202.95686	-425.04	203.10654	7.0	1020.0781
8	720000	1.5	0.010328949	-59.718964	32.61654	-635.2395	1219.0	346.55798	0.5908227	0.0002830374	11.0	-0.75537455	45.7143	30.22409	0.016148487	0.9033347	0.2461125	-35.69881	-0.012776276	22.996521	142.1019	-307.9217	45.382244	-307.91113	45.316303	8.0	1176.8209
9	800000	1.5	0.011046043	-49.796906	28.012156	-532.5722	1219.0	279.49387	0.50424826	0.00041645594	91.0	-1.0096066	39.856964	24.53191	0.015079235	0.84104353	0.1573375	-41.65529	-0.016203735	33.40296	79.04514	-77.0203	297.59848	-77.9139	296.8042	9.0	1339.4642
10	880000	1.5	0.01165305	-41.269974	19.127695	-434.1469	1219.0	154.26631	0.37016305	0.00049741025	149.0	-1.488698	27.827904	13.432341	0.0064069587	0.7561236	0.0663	-43.062176	-0.008120247	43.01703	50.69415	-11.864097	333.5967	-11.947162	333.4867	10.0	1507.4125
11	960000	1.5	0.012166867	-35.04794	11.171079	-396.65372	1219.0	110.52111	0.32226786	0.0005514389	149.0	-0.5313027	23.851662	9.157631	0.006617601	0.6760604	0.06045	-13.286314	-0.008083545	11.605056	23.350945	-5.927545	332.66223	-5.9164925	332.6636	11.0	1676.4553
12	1040000	1.5	0.012601807	-32.093468	7.81596	-371.79562	1219.0	87.27466	0.28904095	0.0005392545	149.0	-0.22707567	21.792274	6.939348	0.0061388025	0.5978808	0.0579375	-5.217629	-0.008000978	6.2831287	15.724348	-4.5680323	332.78137	-4.622832	332.77533	12.0	1844.468
13	1120000	1.5	0.012969971	-29.982779	5.9092717	-349.34152	1219.0	69.806076	0.25586694	0.0005227501	149.0	-0.09830691	20.28408	5.5260224	0.0068034776	0.520657	0.0580625	-2.1368823	-0.007875811	4.5809493	13.662224	-4.017453	332.83807	-4.0216627	332.83658	13.0	2013.0566
14	1200000	1.5	0.0132816145	-27.952665	4.167698	-321.41296	1219.0	48.98358	0.22319241	0.00038585335	149.0	-0.06917294	18.332062	3.8651452	0.005007812	0.4440083	0.054775	-1.374681	-0.00784455	4.626553	13.130684	-3.7986114	332.87054	-3.808771	332.86758	14.0	2181.5466
15	1280000	1.5	0.013545423	-25.847446	3.06116	-302.07547	1219.0	38.990185	0.1941135	0.00034630802	149.0	0.04326729	17.479881	3.2158177	0.0042445404	0.38113877	0.0389875	0.78812814	-0.0069440445	3.5036597	9.697665	-6.0521274	332.64868	-6.0304365	332.64902	15.0	2349.2273
16	1360000	1.5	0.013768726	-24.348583	3.0016415	-281.82358	1219.0	35.684937	0.18022525	0.00031530543	149.0	0.02657448	17.226086	3.094396	0.0024478321	0.32964703	0.024575	0.4784887	-0.005935959	4.535394	9.864118	-12.102751	333.0074	-12.4874525	334.02423	16.0	2517.2515
17	1440000	1.5	0.013957752	-22.718763	3.0649261	-272.2348	1219.0	35.675724	0.17044695	0.0003131067	149.0	0.058919773	17.32134	3.3061237	0.0023133708	0.27837512	0.0232125	1.0746655	-0.006412161	3.9486008	6.862558	-4.7334075	332.76544	-4.710019	332.76917	17.0	2684.5623
18	1520000	1.5	0.014117749	-21.909288	3.3813453	-262.35858	1219.0	36.751747	0.15428829	0.00015963148	149.0	0.055496037	17.531834	3.6080484	0.0015199812	0.24028707	0.0096375	1.0276451	-0.0049255076	4.381288	5.8906565	-3.6429908	332.90012	-3.6420972	332.8969	18.0	2852.6414
19	1600000	1.5	0.014253196	-21.16298	3.6780958	-254.34204	1219.0	38.100063	0.15380344	0.00011075976	149.0	0.07176052	17.775106	3.9682856	0.0018087027	0.20452285	0.0083375	1.3474835	-0.0050166785	4.308084	5.6222625	-2.9789245	332.95276	-2.9724894	332.95285	19.0	3020.0789
20	1680000	1.5	0.014367847	-20.42575	4.090734	-244.54301	1219.0	40.561028	0.15030713	0.000120709556	149.0	0.07973436	18.131664	4.4301696	0.003163373	0.14906526	0.0289	1.5208832	-0.006950774	4.706829	5.4644217	-3.2647228	332.9314	-3.2563121	332.9337	20.0	3188.0527
21	1760000	1.5	0.014464887	-19.733305	4.600488	-233.41771	1219.0	44.687195	0.13594288	4.7956215e-05	149.0	0.10022718	18.666828	5.0136333	0.00056390435	0.17276677	0.0031625	1.9652157	0.003506765	5.2580895	5.349195	-2.9126415	332.95694	-2.903917	332.95667	21.0	3355.7188
22	1840000	1.5	0.014547037	-19.017262	5.071167	-238.1605	1219.0	42.65451	0.14844877	0.00020671674	149.0	-0.0051707756	18.584087	5.0459123	0.003967944	0.23742557	0.043725	-0.12745689	0.011730591	3.2585514	4.578286	-3.3602345	332.9241	-3.3782973	332.92072	22.0	3524.0532
23	1920000	1.5	0.014616577	-19.364107	4.7240195	-251.64108	1219.0	38.61581	0.17467614	0.00018928971	149.0	0.027569596	18.29605	4.8498945	-7.3341727e-07	0.23664616	0.0	0.53213865	-0.00017443848	2.6122868	6.076778	-3.3928297	332.9216	-3.419281	332.91898	23.0	3691.3752
24	2000000	1.5	0.014675439	-20.324112	4.763683	-250.44556	1219.0	38.72767	0.17684516	5.1525625e-05	149.0	0.047767065	18.417458	4.9660616	0.0013248728	0.20451665	0.0059375	0.9285635	-0.004219533	3.0966105	5.366764	-3.5434237	332.90973	-3.5426736	332.9088	24.0	3859.085
25	2080000	1.5	0.014725265	-20.24653	5.257721	-243.54285	1219.0	40.95804	0.16928613	4.3439686e-05	149.0	-0.00042409476	18.755291	5.247043	0.0026475703	0.26082873	0.035275	-0.027928187	0.009589272	2.8410697	4.922025	-3.1250725	332.94177	-3.1481144	332.94016	25.0	4026.492
26	2160000	1.5	0.014767439	-19.864893	4.794117	-254.8631	1219.0	37.810516	0.19142213	5.5451103e-05	149.0	0.058419168	18.550669	5.037746	0.00056328275	0.2847958	0.002925	1.1374711	0.0032736214	3.134927	5.7320194	-2.8641243	332.95914	-2.8818803	332.9591	26.0	4195.015
27	2240000	1.5	0.014803143	-20.655832	4.8416376	-262.41827	1219.0	36.60276	0.20575885	7.977653e-05	149.0	0.029116705	18.538538	4.9536967	0.002082104	0.2432344	0.013675	0.5695287	-0.005424109	2.8318732	6.471082	-3.2393703	332.9333	-3.2495718	332.93265	27.0	4362.5513
28	2320000	1.5	0.014833362	-21.183691	5.171548	-253.66833	1219.0	38.477478	0.19070347	0.00010755125	149.0	0.002958496	18.83095	5.1722174	0.0034821075	0.18385291	0.0335	0.056251604	-0.006840001	3.1025698	6.2530947	-3.1668375	332.9387	-3.1855834	332.9373	28.0	4531.1567
29	2400000	1.5	0.014858946	-20.538673	5.442312	-240.19777	1219.0	41.99637	0.17179243	0.000120421384	149.0	0.02693931	19.298561	5.550294	0.00042626305	0.16298413	0.0006125	0.54863524	-0.0027858152	3.763577	5.8498683	-3.1037178	332.94333	-3.0894036	332.94522	29.0	4698.8013
30	2480000	1.5	0.0148806	-19.57258	5.798473	-236.24673	1219.0	43.583767	0.1637175	9.747717e-05	149.0	-0.010514094	19.577253	5.761994	0.00028062743	0.17999743	0.00065	-0.21947007	0.0023693321	3.1200733	4.2509413	-2.1123343	332.98932	-2.132225	332.98865	30.0	4867.1377
31	2560000	1.5	0.014898927	-19.26393	5.6503606	-241.17346	1219.0	41.59084	0.16913073	7.881443e-05	149.0	-0.00035207474	19.499813	5.6529493	0.00024704926	0.16363692	0.0001625	-0.005541638	-0.0023090253	2.3324573	5.0461097	-2.40247	332.97812	-2.4194646	332.97702	31.0	5034.1533
32	2640000	1.5	0.014914451	-19.616096	5.6205983	-236.40714	1219.0	43.283604	0.16780904	0.00013013458	149.0	0.057017054	19.789972	5.8612185	0.002050463	0.20865297	0.022	1.1732668	0.00770726	3.4037528	4.6250434	-2.223866	332.98508	-2.2006624	332.9869	32.0	5202.3335
33	2720000	1.5	0.01492758	-19.38725	5.554282	-246.08052	1219.0	40.25193	0.18531331	0.00031982642	149.0	0.019868512	19.603825	5.6329	0.0010168313	0.17784604	0.005125	0.41139024	-0.0040703905	3.9484515	5.5704365	-2.9260228	332.95624	-2.8651834	332.95734	33.0	5370.347
34	2800000	1.5	0.014938699	-19.901476	6.160078	-238.141	1219.0	42.819904	0.17379215	0.00019761888	149.0	-0.06451635	19.981241	5.8903956	0.00015286847	0.16647768	0.0	-1.3522469	-0.0015943603	4.006062	4.5840726	-4.0279255	332.8355	-4.030429	332.83725	34.0	5538.2314
35	2880000	1.5	0.014948113	-19.46235	5.864216	-237.23584	1219.0	43.116684	0.16449158	0.0002282619	149.0	0.025676373	20.131126	5.976263	0.00054370606	0.14070082	0.002	0.5448788	-0.0034574666	3.099691	4.506619	-3.4371953	332.91815	-3.4962115	332.91382	35.0	5705.6343
36	2960000	1.5	0.014956073	-19.323076	6.483932	-230.53325	1219.0	45.693146	0.16372643	0.00018959492	149.0	-0.055313513	20.517637	6.2750273	0.004875297	0.20999815	0.0485375	-1.2118429	0.012705172	3.1911423	4.590502	-3.7682533	332.87537	-3.7703457	332.87296	36.0	5873.7
37	3040000	1.5	0.01496282	-18.958376	5.6577444	-245.66873	1219.0	40.328182	0.18556084	0.00013908635	149.0	0.03327315	20.101358	5.806097	0.00024556374	0.19228029	0.0003	0.7039966	-0.002520772	3.0237832	6.0520787	-4.075797	332.82968	-4.0752096	332.82968	37.0	6041.4443
38	3120000	1.5	0.0149685275	-19.980654	5.9779854	-241.99947	1219.0	41.141216	0.17382228	9.2633876e-05	137.0	-0.010096668	20.299421	5.9365306	0.01514398	0.31899738	0.0958625	-0.2767158	0.028126653	2.1022673	5.5640845	-33.487732	336.01328	-34.095543	336.09357	38.0	6209.265
39	3200000	1.5	0.014973358	-19.9311	4.7776475	-271.69647	1219.0	35.82459	0.24156284	0.00030595862	17.0	0.13794115	19.881502	5.352994	0.015504488	0.32223177	0.0251125	2.8644698	0.01009301	7.435617	10.569416	-237.36964	182.6341	-238.33952	182.4055	39.0	6365.831
40	3280000	1.5	0.014977453	-22.028368	5.440846	-279.73544	1219.0	36.360447	0.25431937	0.00046475395	3.0	-0.025105974	20.038546	5.3296304	0.044627633	0.32216212	0.05695	-0.6639643	0.061428502	2.8998115	9.211681	-305.0142	77.03503	-304.28073	76.82646	40.0	6521.3774
41	3360000	1.5	0.014980911	-22.678085	5.0715985	-305.33887	1219.0	35.01626	0.28298917	0.0005627227	1.0	-0.022245632	20.001492	4.9809732	0.024832815	0.32215574	0.0698125	-0.46868867	0.039415423	2.785792	17.584486	-317.34854	45.939335	-317.97403	45.70003	41.0	6678.0864
42	3440000	1.5	0.014983846	-24.713404	4.467522	-325.94873	1219.0	41.137962	0.30180514	0.00059011515	1.0	0.14721912	20.748756	5.058975	0.05356145	0.3220992	0.269675	3.1279638	0.07079327	6.492256	15.070898	-349.2861	24.348114	-349.1204	24.314735	42.0	6833.843
43	3520000	1.5	0.014986322	-25.970951	5.755264	-361.50293	1219.0	78.86743	0.3415512	0.0006561524	1.0	0.33698	24.76749	7.0325837	0.12662393	0.32203245	0.529325	8.133701	0.12779668	14.234275	20.904432	-393.6969	71.90639	-393.99664	71.45259	43.0	6989.777
44	3600000	1.5	0.0149884205	-27.403843	10.291708	-408.3175	1219.0	155.0247	0.3840736	0.00062725396	1.0	0.58433896	32.836815	12.417378	0.032290466	0.32195833	0.219225	19.917171	0.04906433	18.267149	40.301697	-416.71567	111.63449	-416.7755	111.99519	44.0	7144.985
45	3680000	1.5	0.0149901975	-30.20865	14.512881	-430.38092	1219.0	190.84558	0.3963801	0.0010104444	3.0	0.3366484	36.947636	15.687184	0.03899035	0.32165673	0.2340125	12.440705	0.023385426	6.2669964	36.476192	-394.7889	32.570877	-395.12427	32.632175	45.0	7302.1455
46	3760000	1.5	0.0149917025	-34.996033	11.945304	-392.98624	1219.0	97.56736	0.37412113	0.001345323	1.0	-0.9342433	27.897984	8.392154	0.0218361	0.3215342	0.1953	-27.183275	0.007175533	17.75531	44.12947	-372.14438	7.162232	-372.19543	7.074542	46.0	7458.386
47	3840000	1.5	0.014992981	-33.37354	6.985507	-371.13153	1219.0	63.199566	0.3285312	0.0006922626	1.0	-0.36855608	24.672224	5.62334	0.024136454	0.32139537	0.16765	-9.537476	0.010408176	4.517471	28.465631	-347.7084	14.603233	-348.1666	14.426359	47.0	7615.626
48	3920000	1.5	0.014994055	-31.79115	3.7468605	-345.76196	1219.0	33.940506	0.30215645	0.0009355995	2.0	-0.110184275	21.847746	3.4102993	0.016429909	0.32087657	0.092175	-2.5080864	0.0027887605	3.1553988	28.072315	-336.74792	23.448076	-336.11758	23.569057	48.0	7771.167
49	4000000	1.5	0.014994966	-30.096422	2.944365	-325.8864	1219.0	25.134665	0.28035945	0.00036546146	2.0	-0.048054967	21.042337	2.7625844	0.015932223	0.32019562	0.0565375	-1.085712	0.019064393	1.4996822	24.227018	-346.29138	16.990105	-346.03403	17.03778	49.0	7927.023
50	4080000	1.5	0.01499574	-27.814579	2.7022204	-330.64233	1219.0	19.761955	0.2730221	0.00050700194	1.0	-0.15883787	20.571163	2.046247	0.016139094	0.31987235	0.0606125	-3.472902	0.028916676	2.094073	28.4104	-359.30353	9.851888	-359.47278	9.732708	50.0	8082.232
51	4160000	1.5	0.0149963945	-27.953997	2.079697	-342.41788	1219.0	17.351276	0.2853518	0.00055090827	1.0	-0.09725755	20.37024	1.681123	0.029516473	0.31949142	0.0796625	-2.0791225	0.04030774	1.6189373	35.629795	-375.7914	3.1097727	-376.75198	2.8835826	51.0	8238.197
52	4240000	1.5	0.014996949	-28.649557	1.7227998	-362.79855	1219.0	13.948665	0.3131623	0.0006835355	1.0	-0.131245	20.078773	1.1907865	0.036437932	0.3190727	0.099	-2.8022072	0.04793933	2.4291248	56.041664	-392.389	1.088022	-391.18674	1.1084205	52.0	8393.623
53	4320000	1.5	0.014997421	-29.716309	1.380065	-387.3935	1219.0	16.86654	0.33828884	0.00035999605	2.0	0.0012005176	20.410185	1.3880244	0.017500341	0.31821272	0.0712125	0.027873162	0.029184915	0.83745974	82.44643	-400.38824	2.3099365	-398.9745	2.293961	53.0	8549.089
54	4400000	1.5	0.014997812	-31.405027	1.3651001	-397.02786	1219.0	16.012825	0.3498775	0.00066696655	94.0	0.014849855	20.376724	1.4389045	0.0151066175	0.23461868	0.13775	0.26350063	0.0036271855	0.91915554	105.41588	-358.74445	2.511716	-359.38135	2.551217	54.0	8712.611
55	4480000	1.5	0.014998151	-33.764576	0.6571422	-382.94705	1219.0	2.9479215	0.2830098	0.00034644298	98.0	-0.087788306	19.079697	0.30614737	0.01520606	0.19760522	0.0505625	-1.7849859	0.006534084	0.387916	137.83765	-351.06186	0.99128395	-351.25647	1.0109848	55.0	8878.412
56	4560000	1.5	0.014998434	-30.970997	0.2971027	-370.2858	1219.0	1.5482308	0.2725485	0.00056239526	149.0	-0.03847719	18.941477	0.13557789	0.002573911	0.17178226	0.02615	-0.7722807	-0.00029625453	0.09444541	116.950386	-344.98447	0.91757244	-347.1639	0.9253382	56.0	9047.46
57	4640000	1.5	0.0149986725	-31.435455	0.12777942	-368.3326	1219.0	1.0071943	0.26281518	0.000435087	149.0	-0.01224208	18.937449	0.0812399	0.0012743912	0.15026224	0.0156625	-0.24627012	-0.0005974242	0.018348651	110.02414	-344.99512	1.0756972	-347.3927	1.0957196	57.0	9216.762
58	4720000	1.5	0.014998881	-29.511368	0.08243856	-365.76035	1219.0	0.9727959	0.26322603	0.0003726675	149.0	-0.0023231173	18.935825	0.07716268	0.00076939224	0.13238657	0.008025	-0.047378328	-0.00053307496	0.012138885	126.574265	-343.35638	0.97431165	-344.75668	0.9740463	58.0	9387.432
59	4800000	1.5	0.014999048	-30.430937	0.06761111	-366.93826	1219.0	1.0519135	0.2410829	0.00031828592	149.0	0.0026435913	18.934515	0.082638845	0.0009934736	0.116645455	0.0143625	0.050531525	0.00046976737	0.013221669	121.23657	-344.9371	1.0061101	-346.61038	0.9960312	59.0	9555.855
60	4880000	1.5	0.014999196	-30.599472	0.08314534	-363.9959	1219.0	0.9614758	0.24355999	0.00024301065	149.0	-0.0014420818	18.93278	0.08128258	0.00068181264	0.10790563	0.0032	-0.029756006	0.000554738	0.008233768	112.6643	-345.13138	1.0326539	-348.22745	1.0811591	60.0	9729.054
61	4960000	1.5	0.014999316	-29.249031	0.09705391	-363.81088	1219.0	0.99252623	0.24995628	0.00014102066	149.0	-0.004997226	18.931242	0.081156895	0.0012006449	0.09373069	0.0086	-0.10089339	-0.0002954173	0.013808475	118.44498	-344.9949	1.0758283	-346.69452	1.040663	61.0	9900.651
62	5040000	1.5	0.014999421	-30.625946	0.074992396	-371.8531	1219.0	1.4739342	0.26292613	0.00014369092	149.0	0.01029683	18.931541	0.11732905	0.0012648162	0.09272301	0.0103	0.20322327	0.0003707881	0.032651983	127.4303	-343.40088	1.0214816	-345.3741	1.0574734	62.0	10069.223
63	5120000	1.5	0.01499951	-30.608694	0.122276016	-371.26862	1219.0	1.3878069	0.25239554	0.0001449448	149.0	-0.002279124	18.930668	0.11313291	0.0028781728	0.0842495	0.0334625	-0.047064513	-8.87537e-06	0.024505695	117.57676	-341.58127	0.9745674	-343.08664	0.95165837	63.0	10239.551
64	5200000	1.5	0.014999585	-30.78705	0.113447145	-363.06058	1219.0	0.9310706	0.24934714	6.823476e-05	149.0	-0.008081975	18.928919	0.079342544	0.0011878721	0.06268537	0.01095	-0.1623383	-0.0003029839	0.012091797	113.38424	-342.58594	1.022289	-344.5497	1.0337586	64.0	10412.153
65	5280000	1.5	0.014999655	-29.902637	0.087431714	-360.13977	1219.0	0.9996333	0.24769752	5.027899e-05	149.0	-0.0012157516	18.927439	0.08417819	0.00057930703	0.06916678	0.001675	-0.0251617	-1.1575258e-05	0.007718154	124.23173	-342.86237	1.0338678	-343.56717	0.98649037	65.0	10582.975
66	5360000	1.5	0.014999704	-28.833712	0.06529509	-363.285	1219.0	0.94321495	0.25672308	0.00015748528	149.0	0.0023742493	18.92566	0.076241806	0.00047859683	0.060299754	0.0008875	0.047362324	-0.00046242194	0.009437483	129.17267	-341.99844	1.0087398	-345.23593	1.0544043	66.0	10752.914
67	5440000	1.5	0.014999748	-30.808287	0.094738826	-363.18176	1219.0	0.9418706	0.23176634	8.041771e-05	149.0	-0.0048366482	18.92394	0.07734573	0.0008697144	0.044188857	0.0053625	-0.0971108	-4.2633343e-05	0.008846656	125.9907	-342.69968	1.0290242	-344.71347	1.0356047	67.0	10921.014
68	5520000	1.5	0.014999791	-29.887398	0.076664835	-362.57767	1219.0	0.9657227	0.2230906	5.0916606e-05	149.0	4.0946386e-05	18.922321	0.07798634	0.00085297343	0.024220943	0.0057875	0.0008224681	-0.0008319246	0.0068857307	121.02859	-343.1073	1.0421515	-343.85266	1.0317149	68.0	11089.715
69	5600000	1.5	0.01499982	-29.503857	0.06936434	-359.802	1219.0	1.0140765	0.22913685	8.3257924e-05	149.0	0.0024478608	18.92084	0.08248886	0.00014574657	0.017632246	0.000225	0.048504304	0.00012947111	0.01015365	121.772934	-343.27295	1.0567034	-345.31778	1.0964086	69.0	11259.328
70	5680000	1.5	0.014999851	-29.889196	0.08640318	-364.39883	1219.0	1.141009	0.22189459	7.8202705e-05	149.0	0.0021008535	18.91979	0.09321526	0.0006834146	0.00990665	0.0019	0.041631263	-0.00066330715	0.016664717	134.4993	-342.5646	1.0270159	-344.4744	1.0531626	70.0	11428.139
71	5760000	1.5	0.014999868	-29.95428	0.09169504	-360.49374	1219.0	0.94181234	0.25578713	6.297535e-05	149.0	-0.0033595506	18.917948	0.07755174	0.0011078926	-0.012084842	0.007075	-0.067057565	-0.00066077645	0.009194955	133.69	-343.6851	1.040236	-343.35037	1.0131916	71.0	11598.425
72	5840000	1.5	0.014999894	-29.69046	0.07272158	-356.9796	1219.0	1.0767708	0.25487703	6.700736e-05	149.0	0.003564985	18.916763	0.08804799	0.00091243256	-0.02609837	0.010775	0.07002146	-0.0006319152	0.008752315	130.38185	-344.2026	1.1097933	-344.12692	1.1172558	72.0	11768.939
73	5920000	1.5	0.01499991	-29.650953	0.09172086	-366.63696	1219.0	1.3612098	0.26282963	9.84838e-05	149.0	0.0039800997	18.916431	0.10891461	0.0012381928	-0.024207115	0.0097625	0.079844326	0.00020610285	0.023100372	147.6144	-344.27692	1.2333854	-343.941	1.25409	73.0	11938.086
74	6000000	1.5	0.014999923	-30.317532	0.092754476	-363.40796	1219.0	1.3245738	0.28218594	4.4671477e-05	149.0	0.0057203113	18.915565	0.11469349	0.0015414717	-0.04026687	0.0118125	0.11299437	-0.0004803005	0.017818274	135.3755	-343.21405	1.7263724	-342.14447	1.6811886	74.0	12107.163
75	6080000	1.5	0.014999928	-29.311478	0.16185996	-358.3977	1219.0	1.1481707	0.2649109	9.0485104e-05	149.0	-0.0140273	18.914457	0.10295929	0.0010875965	-0.055600047	0.00495	-0.27974147	-0.00035302783	0.019866873	130.3959	-342.98807	2.8084087	-343.66742	2.8546035	75.0	12276.293
76	6160000	1.5	0.014999942	-30.582928	0.107705116	-353.23093	1219.0	1.322506	0.26774183	6.6456676e-05	149.0	0.00042304848	18.914038	0.11086659	0.0031463916	-0.08449638	0.03095	0.0057400577	-0.0002660433	0.013210364	134.5714	-343.8671	4.7141275	-342.01135	4.63718	76.0	12447.273
77	6240000	1.5	0.014999954	-28.743837	0.11693739	-360.68387	1219.0	1.134229	0.27982473	6.615968e-05	149.0	-0.006621726	18.912718	0.089649715	0.0019888738	-0.111373544	0.018275	-0.13468456	5.143862e-05	0.016409894	151.79526	-343.7146	3.744528	-344.99747	3.3152723	77.0	12616.614
78	6320000	1.5	0.014999957	-29.778221	0.10618798	-357.01007	1219.0	0.9681426	0.24488942	4.9331902e-05	149.0	-0.00548881	18.91108	0.08378638	0.0010978987	-0.12704384	0.0084	-0.10960652	-0.00049068575	0.0107014	144.15619	-344.73035	5.9637194	-344.96338	6.254717	78.0	12787.568
79	6400000	1.5	0.01499997	-30.946821	0.076583326	-357.23077	1219.0	0.99814993	0.28128237	4.7337617e-05	149.0	0.0012925379	18.909555	0.08225843	0.001428117	-0.15298581	0.0093125	0.025053501	-0.00038001055	0.008950648	150.9155	-343.22253	4.714879	-343.53903	4.567968	79.0	12956.366
80	6480000	1.5	0.014999973	-29.36219	0.083495475	-352.70145	1219.0	1.4376136	0.2715711	4.0807972e-05	149.0	0.008435051	18.909708	0.122392185	0.0023100893	-0.1506337	0.0264625	0.16503394	0.0013316458	0.02157601	121.12647	-343.07162	2.6277153	-343.1929	2.4741745	80.0	13124.736
81	6560000	1.5	0.014999973	-27.383963	0.13838416	-363.8613	1219.0	1.2897835	0.30213946	8.2694925e-05	149.0	-0.0069973757	18.908587	0.1104005	0.0027021908	-0.1316005	0.0389	-0.14176227	0.0019483608	0.026051246	154.20447	-340.5434	3.0595617	-341.39438	3.2105103	81.0	13294.804
82	6640000	1.5	0.014999983	-30.52104	0.09042621	-360.0852	1219.0	1.053065	0.27195683	3.7745405e-05	149.0	-0.0001490335	18.9072	0.09074953	0.0012466682	-0.13850379	0.015225	-0.0046873274	0.000118994714	0.0107039	133.38988	-339.7277	3.5124328	-340.48657	3.6514268	82.0	13467.862
83	6720000	1.5	0.014999985	-30.423607	0.08320127	-352.30658	1219.0	1.1152982	0.29131126	5.3219217e-05	149.0	0.0025497505	18.906057	0.09387214	0.0014082423	-0.15701199	0.009425	0.04974744	-0.00047199364	0.007472434	136.13954	-342.1682	4.4037685	-342.85352	4.411015	83.0	13639.892
84	6800000	1.5	0.014999987	-28.006315	0.08699607	-352.57086	1219.0	1.2294046	0.28693792	3.5220095e-05	149.0	0.0029091537	18.905241	0.099442646	0.0020053033	-0.19064894	0.016025	0.056463037	0.00016359596	0.010230189	112.53454	-341.783	4.3100286	-341.44226	3.910053	84.0	13809.161
85	6880000	1.5	0.014999988	-29.450941	0.10560086	-361.29297	1219.0	1.1314896	0.29161847	5.3900876e-05	149.0	-0.002323386	18.90397	0.0967427	0.000664363	-0.19360362	0.0043	-0.046821482	-0.0002554434	0.014807324	142.28275	-340.7934	5.6188416	-339.97165	5.76771	85.0	13979.5625
86	6960000	1.5	0.014999988	-30.155252	0.0902174	-351.69684	1219.0	1.0717218	0.26420385	5.0856557e-05	149.0	-4.553474e-05	18.902637	0.08986039	0.0008212078	-0.20895095	0.00335	-0.0012725036	-0.00014499322	0.007105414	141.91054	-340.2903	4.9692087	-339.49527	4.5946665	86.0	14150.23
87	7040000	1.5	0.014999988	-27.730972	0.07867544	-351.68167	1219.0	1.2663715	0.286207	2.1231139e-05	35.0	0.0055334372	18.902073	0.10194982	0.017752688	-0.21640065	0.1156125	0.10330188	0.016607556	0.011208756	117.06129	-344.98962	4.927061	-343.92892	4.832954	87.0	14310.167
88	7120000	1.5	0.014999988	-28.778435	0.114880554	-358.97607	1219.0	1.0253488	0.30581188	3.012055e-05	149.0	-0.006846963	18.90041	0.086984694	0.0012145267	-0.2388177	0.0150875	-0.13786304	-0.00034260482	0.012851532	138.12662	-345.29327	3.3076384	-345.3817	3.4404001	88.0	14481.537
89	7200000	1.5	0.014999988	-30.9951	0.081460044	-358.70105	1219.0	1.0409873	0.30231237	3.9489427e-05	149.0	0.0018491222	18.899	0.09001393	0.002411175	-0.27457145	0.0180125	0.03562255	-0.0002936568	0.007190841	138.86623	-344.43567	2.9479253	-345.33774	2.7489376	89.0	14655.801
90	7280000	1.5	0.014999999	-28.913418	0.088311866	-358.22052	1219.0	1.1606964	0.31159216	5.3490792e-05	149.0	0.0029986268	18.898033	0.10191801	0.00033341345	-0.2863827	0.0006875	0.059689544	-3.213501e-05	0.010381654	124.22899	-344.35202	2.75463	-345.50015	2.3803246	90.0	14825.44
91	7360000	1.5	0.014999999	-28.997465	0.10600576	-354.42743	1219.0	1.031535	0.26859584	2.7026912e-05	149.0	-0.004384333	18.896463	0.088080384	0.0019451324	-0.31051117	0.0143375	-0.08807365	-0.00072012166	0.007066942	169.75475	-343.28003	3.0279117	-345.20554	3.057853	91.0	14995.815
92	7440000	1.5	0.014999999	-29.87127	0.08009102	-357.47073	1219.0	1.1692156	0.3112759	4.5657333e-05	149.0	0.005534645	18.895552	0.10336322	0.0022429125	-0.3334255	0.0190375	0.10924689	-0.00047165717	0.010252572	141.03143	-343.1868	2.0514834	-343.47787	1.9080483	92.0	15166.099
93	7520000	1.5	0.014999999	-27.59633	0.11450132	-366.43726	1219.0	1.570952	0.3164789	4.7664933e-05	139.0	0.011238375	18.900679	0.16193144	0.01745722	-0.34156367	0.1086375	0.21854065	0.013699658	0.030753393	153.81702	-338.92108	2.6143546	-340.26044	2.301661	93.0	15334.363
94	7600000	1.5	0.014999999	-32.400654	0.1373103	-357.60916	1219.0	1.2257866	0.33206514	4.9993443e-05	149.0	-0.006929821	18.89468	0.10930203	0.00096325605	-0.34760812	0.0116875	-0.13878031	-0.00018644943	0.011685315	160.03612	-337.63992	3.3619266	-338.32123	2.9634497	94.0	15503.6875
95	7680000	1.5	0.014999999	-29.634659	0.09406499	-350.68594	1219.0	1.5223198	0.32985172	7.304194e-05	149.0	0.006994987	18.894968	0.12431626	0.0009636157	-0.33024672	0.0098	0.13751675	-8.5766886e-05	0.018922241	119.65862	-338.30798	2.8056176	-338.44946	2.5218313	95.0	15672.427
96	7760000	1.5	0.014999999	-26.75229	0.12674035	-350.6517	1219.0	1.168294	0.2837099	2.6069276e-05	149.0	-0.0078428695	18.893627	0.09441797	0.0013423124	-0.3420367	0.007475	-0.157143	-0.00048255755	0.014194542	171.17836	-338.31024	1.4667783	-339.40277	1.301262	96.0	15841.81
97	7840000	1.5	0.014999999	-27.478277	0.10066502	-362.61624	1219.0	1.1995612	0.35393652	6.4366235e-05	149.0	0.0036786767	18.892702	0.11633027	0.0024741658	-0.35347795	0.036575	0.071767144	0.0010345789	0.011539681	169.86694	-337.4304	1.8585882	-338.51825	1.9309679	97.0	16011.435
98	7920000	1.5	0.014999999	-31.44259	0.105341665	-354.99182	1219.0	1.0892677	0.3390294	2.9976514e-05	149.0	-0.0032348617	18.89139	0.09192301	0.0016894756	-0.3804541	0.01085	-0.06520608	-0.00038359966	0.00688514	148.28665	-337.16528	3.075895	-338.91678	2.7419271	98.0	16187.34
99	8000000	1.5	0.014999999	-28.173744	0.098047726	-361.30957	1219.0	1.1024654	0.31942588	2.1504125e-05	149.0	0.0028700845	18.890162	0.110348545	0.0015327017	-0.4052019	0.0090125	0.0564251	-0.00041786832	0.0074940985	149.29042	-336.78308	4.6960754	-336.16846	4.384897	99.0	16357.474
100	8080000	1.5	0.014999999	-31.09396	0.094837405	-354.95016	1219.0	1.1899905	0.32193404	6.075895e-05	149.0	0.0010189554	18.88925	0.0992588	0.0028176398	-0.43162867	0.028875	0.0174341	7.897739e-05	0.006925394	151.66519	-337.9702	6.642621	-337.13306	6.52626	100.0	16529.629
101	8160000	1.5	0.014999999	-30.6852	0.10039992	-350.83188	1219.0	1.2659312	0.3132288	2.919506e-05	149.0	0.00036059294	18.888477	0.10204258	0.0025943466	-0.4610043	0.020125	0.0060470314	-5.359974e-05	0.008394474	136.1818	-336.85822	5.6904874	-338.3275	5.913221	101.0	16700.027
102	8240000	1.5	0.014999999	-27.288568	0.09876008	-356.87625	1219.0	1.3758211	0.43151587	6.8694484e-05	149.0	0.004617075	18.888077	0.118003406	0.0010008867	-0.47927046	0.00625	0.091010794	-0.00030168562	0.010248957	147.18837	-336.37634	6.2699857	-337.5996	6.385785	102.0	16870.477
103	8320000	1.5	0.014999999	-28.69126	0.11397472	-348.92627	1219.0	1.2061454	0.33691317	5.5142e-05	149.0	-0.004034265	18.887032	0.09690102	0.005330319	-0.509551	0.0691	-0.083215155	0.0017785401	0.00999304	198.14607	-337.46652	7.713883	-338.47308	7.3470774	103.0	17040.607
104	8400000	1.5	0.014999999	-30.7901	0.09479674	-350.42285	1219.0	1.2361736	0.3093821	2.4981779e-05	149.0	0.0011171965	18.886215	0.099595524	0.0008814819	-0.5011329	0.007875	0.021008858	-0.0002181036	0.007865243	141.70407	-337.0497	7.8182526	-337.21072	7.5942554	104.0	17210.402
105	8480000	1.5	0.014999999	-27.387972	0.08931346	-349.24677	1219.0	1.8963875	0.31978387	2.2507116e-05	149.0	0.015335161	18.924704	0.15361974	0.0017379591	-0.52408165	0.0158875	0.30338302	-0.00025243577	0.031690136	131.31483	-336.49823	6.116796	-337.65768	6.2232356	105.0	17378.66
106	8560000	1.5	0.014999999	-28.789644	0.1578506	-351.3497	1219.0	1.1229008	0.4545706	5.7134253e-05	149.0	-0.015986014	18.886105	0.09125494	0.0016683913	-0.5591621	0.0148375	-0.3192981	-0.0003399315	0.021073157	148.98851	-337.28647	6.3232675	-338.23206	6.218464	106.0	17549.312
107	8640000	1.5	0.014999999	-28.420181	0.10429006	-361.3039	1219.0	1.3036269	0.44916916	0.000107837564	10.0	0.0060680974	18.885633	0.13062756	0.01676224	-0.5613237	0.1278125	0.11928289	0.016027402	0.012802545	164.35008	-333.898	6.924403	-336.05362	6.4580493	107.0	17706.016
108	8720000	1.5	0.014999999	-31.069256	0.105784215	-348.75064	1219.0	1.9905893	0.43514758	0.000111349415	149.0	0.013418166	18.933558	0.16176653	0.003611944	-0.5602422	0.0289	0.26266128	0.0017727742	0.036700383	142.59352	-336.26553	6.059712	-338.77744	6.298052	108.0	17876.906
109	8800000	1.5	0.014999999	-27.098146	0.15950336	-356.12418	1219.0	1.0721844	0.46700555	0.00010216839	149.0	-0.016156716	18.885506	0.09225989	0.0021569268	-0.60019153	0.019975	-0.3233936	6.488433e-05	0.036486045	227.1355	-336.2831	7.4210668	-337.46606	7.8390393	109.0	18046.275
110	8880000	1.5	0.014999999	-29.415287	0.08312738	-349.08395	1219.0	2.4293144	0.53121054	7.339449e-05	105.0	0.027366163	18.978773	0.1992853	0.01570215	-0.58175415	0.1289375	0.5393983	0.01532395	0.061070323	165.53078	-340.6514	3.4449801	-341.83224	3.2984757	110.0	18212.56
111	8960000	1.5	0.014999999	-28.626268	0.20306078	-363.01447	1219.0	1.3894207	0.5540183	0.000100062614	149.0	-0.011342193	18.887787	0.15592074	0.0035751746	-0.5849448	0.0535375	-0.22935699	0.002597506	0.05057101	196.04808	-340.87433	2.2354374	-342.06833	2.1194668	111.0	18380.893
112	9040000	1.5	0.014999999	-30.019213	0.18155953	-352.04306	1219.0	1.5217464	0.56944764	9.705264e-05	76.0	-0.007101906	18.887913	0.16164406	0.016238026	-0.5817161	0.1205875	-0.14515495	0.014814893	0.04325702	166.2548	-343.08817	1.97529	-344.9229	2.0195777	112.0	18543.676
113	9120000	1.5	0.014999999	-25.730059	0.17934217	-365.60788	1219.0	1.4913145	0.49339136	8.227213e-05	15.0	0.004057433	18.88769	0.1976105	0.019770661	-0.57850367	0.13695	0.07819875	0.019641494	0.04954749	222.88467	-340.4104	2.9652553	-341.4889	2.5335815	113.0	18701.445
114	9200000	1.5	0.014999999	-29.594982	0.21786281	-355.70923	1219.0	1.7433344	0.5977222	8.737868e-05	120.0	-0.0042175096	18.91028	0.22320634	0.015648013	-0.62506014	0.1311375	-0.08786527	0.01256365	0.06971725	168.17993	-338.71124	4.246713	-338.6237	4.077597	114.0	18869.027
115	9280000	1.5	0.014999999	-28.6479	0.21491109	-350.0578	1219.0	1.9983695	0.56984675	6.631699e-05	149.0	-0.012461345	18.936806	0.16702151	0.002506348	-0.6327953	0.0210625	-0.2507598	0.00040212058	0.04097118	195.1204	-338.93787	4.7033815	-339.2352	4.0431843	115.0	19039.77
116	9360000	1.5	0.014999999	-32.42155	0.20581597	-356.101	1219.0	0.8659099	0.5617531	0.0001145571	149.0	-0.029297316	18.887804	0.083410844	0.0008389204	-0.6124602	0.006	-0.5835053	0.00029712645	0.040314376	209.52988	-339.83832	4.229166	-341.83923	3.7417772	116.0	19209.715
117	9440000	1.5	0.014999999	-24.743547	0.17717582	-357.9105	1219.0	2.19192	0.6787054	7.7779856e-05	24.0	0.017559646	18.956957	0.27460667	0.018182587	-0.6248912	0.1078875	0.33807313	0.014798236	0.1512341	181.78217	-342.89627	3.774179	-344.5888	3.4821322	117.0	19367.69
118	9520000	1.5	0.014999999	-27.939194	0.2490444	-359.33154	1219.0	1.0139385	0.6076275	7.2027455e-05	149.0	-0.025775343	18.888275	0.14046924	0.0012333926	-0.64127916	0.0122125	-0.5140503	-8.8083645e-05	0.08136284	221.86577	-342.7832	3.0709608	-344.40417	2.96244	118.0	19537.828
119	9600000	1.5	0.014999999	-29.133707	0.22568224	-352.6746	1219.0	1.9069588	0.6290838	6.333997e-05	130.0	-0.0085503645	18.928097	0.2247067	0.015385136	-0.6626052	0.113725	-0.17289224	0.011718446	0.10832117	158.8754	-340.5508	3.2396564	-342.715	3.134997	119.0	19707.783
120	9680000	1.5	0.014999999	-29.22626	0.21039441	-364.77692	1219.0	1.8607736	0.6266035	9.557495e-05	149.0	0.009705977	18.923706	0.25100502	0.0016001053	-0.63079745	0.023375	0.19096728	0.0010070524	0.056177404	194.0279	-339.972	3.50328	-341.79156	3.4689045	120.0	19876.32
121	9760000	1.5	0.014999999	-31.09188	0.21115576	-355.10214	1219.0	1.6798705	0.7511943	7.145411e-05	59.0	0.0020368577	18.906313	0.22000612	0.021284247	-0.66862047	0.151325	0.036923192	0.017494656	0.03774265	192.71051	-342.84216	1.9030409	-342.68427	1.8818674	121.0	20040.115
122	9840000	1.5	0.014999999	-27.353624	0.2232	-353.16333	1219.0	1.4949822	0.6834396	5.169106e-05	149.0	-0.001047258	18.890787	0.22017173	0.0014363262	-0.6913672	0.0095	-0.021837153	-0.00016474092	0.03825583	147.70251	-341.976	1.7410873	-343.24292	1.5191367	122.0	20210.562
123	9920000	1.5	0.014999999	-28.480822	0.24592046	-357.4652	1219.0	0.8992532	0.73988265	5.903634e-05	149.0	-0.008656351	18.888945	0.2118012	0.002136749	-0.6576804	0.027675	-0.17456341	0.001462712	0.045283634	240.4202	-342.10364	1.7724136	-343.65186	1.7338814	123.0	20378.848
124	10000000	1.5	0.014999999	-27.816082	0.21087226	-363.2848	1219.0	1.2937099	0.6670696	5.4210883e-05	2.0	0.02098685	18.888657	0.30073872	0.020492962	-0.657772	0.1330875	0.41319242	0.018432766	0.0865287	200.30086	-339.80414	2.4421422	-340.83377	2.2499647	124.0	20535.775
125	10080000	1.5	0.014999999	-29.038275	0.42240655	-352.89508	1219.0	1.9090585	0.65786135	0.000106110725	149.0	-0.055625442	18.928028	0.25806004	0.004042835	-0.70243555	0.0406	-1.1120967	0.0007145517	0.2663864	169.5734	-337.96967	2.531254	-339.31845	2.3367383	125.0	20706.037
126	10160000	1.5	0.014999999	-28.510485	0.25330412	-349.08298	1219.0	2.5606976	0.45989862	4.4236476e-05	149.0	-0.011464435	18.995323	0.21347187	0.0067333207	-0.7235009	0.07465	-0.23383042	0.004580006	0.050686993	158.5659	-339.40015	1.8929628	-340.9243	1.7843131	126.0	20876.361
127	10240000	1.5	0.014999999	-29.79075	0.20375547	-350.55115	1219.0	1.6260064	0.70585215	3.0378098e-05	149.0	-0.017209746	18.902918	0.13117404	0.006676257	-0.6920723	0.065175	-0.35056522	0.0039848275	0.035409	214.08397	-343.36197	1.3529344	-343.10718	1.2470477	127.0	21049.502
128	10320000	1.5	0.014999999	-29.708332	0.14467116	-351.42413	1219.0	1.3245181	0.7480254	3.093645e-05	149.0	-0.008909029	18.892193	0.10931405	0.0028893028	-0.67895406	0.03995	-0.1794197	0.0014557269	0.011525418	155.17473	-343.3664	1.3527032	-344.0677	1.305417	128.0	21218.354
129	10400000	1.5	0.014999999	-27.962065	0.109493226	-351.08353	1219.0	1.2567567	0.5221654	2.661162e-05	149.0	-0.0019808474	18.891405	0.1019302	0.0020677058	-0.67561156	0.0191125	-0.04123055	-7.279196e-05	0.00708126	137.90442	-341.23456	1.8592855	-342.6252	1.7938899	129.0	21387.414
130	10480000	1.5	0.014999999	-25.876507	0.091682486	-350.62204	1219.0	2.3618195	0.71731573	2.7683103e-05	31.0	0.023706896	18.977577	0.19133955	0.019310078	-0.6732937	0.1373875	0.46536222	0.017138166	0.05237392	162.0718	-343.7888	1.3566306	-344.54422	1.2875464	130.0	21545.926
131	10560000	1.5	0.014999999	-29.186981	0.20116426	-358.6264	1219.0	1.0020572	0.81709003	0.000120792036	149.0	-0.023044191	18.892345	0.10438387	0.0019491068	-0.6368956	0.0267375	-0.46222958	0.0006405804	0.05616598	200.8126	-342.1493	1.3275595	-342.69382	1.3032619	131.0	21714.271
132	10640000	1.5	0.014999999	-25.740807	0.16885813	-352.65234	1219.0	1.8535136	0.9599453	8.2036364e-05	149.0	8.9085246e-05	18.926702	0.19209155	0.00623839	-0.6891018	0.055975	-0.0043067522	0.0014000345	0.08018222	158.60268	-341.4867	1.2590541	-343.25134	1.3211235	132.0	21882.121
133	10720000	1.5	0.014999999	-30.291935	0.1999614	-364.08063	1219.0	1.3787252	0.9073423	0.00011610387	116.0	-0.0032462976	18.892895	0.18603685	0.01560885	-0.6940461	0.1103625	-0.06713472	0.01543547	0.05167453	211.2215	-339.66046	1.3547983	-341.21408	1.2552432	133.0	22048.883
134	10800000	1.5	0.014999999	-30.584257	0.17302966	-361.74365	1219.0	1.380394	0.82431984	3.474965e-05	149.0	0.016049841	18.892475	0.24078858	0.002010801	-0.6683522	0.0220625	0.31650847	0.0005236271	0.052131325	210.65782	-339.37976	1.1708034	-342.2905	1.1706129	134.0	22218.582
135	10880000	1.5	0.014999999	-29.220257	0.24404526	-362.10516	1219.0	1.196868	0.77294344	2.5976415e-05	149.0	0.006780277	18.891508	0.27566746	0.004879952	-0.69475836	0.0356875	0.13344692	0.0022952459	0.05160705	174.30893	-338.65784	1.1970512	-338.79446	1.1702933	135.0	22388.266
136	10960000	1.5	0.014999999	-27.712826	0.30375326	-362.02032	1219.0	1.2871255	0.70230293	2.7757365e-05	2.0	-0.0015507207	18.890902	0.30348632	0.020620454	-0.69476324	0.13145	-0.03936719	0.017101033	0.070384964	173.38443	-336.74152	1.6056683	-338.37717	1.6502597	136.0	22544.773
137	11040000	1.5	0.014999999	-30.180153	0.2823289	-354.8609	1219.0	2.0963588	0.8733527	0.00013605962	90.0	-0.00093444594	18.94976	0.29793873	0.026370734	-0.7036234	0.1326625	-0.031129895	0.022542985	0.114876285	176.20418	-337.47018	1.2030787	-339.40076	1.133793	137.0	22709.832
138	11120000	1.5	0.014999999	-25.6037	0.361739	-347.76395	1219.0	2.545006	0.6206101	8.618178e-05	10.0	-0.037547875	18.99664	0.2350343	0.015388322	-0.7039274	0.1151875	-0.754174	0.013433966	0.120847814	141.50017	-339.55753	1.0497726	-343.54895	1.0241725	138.0	22866.395
139	11200000	1.5	0.014999999	-29.78453	0.25255415	-354.56076	1219.0	0.8613329	0.8934177	6.9425616e-05	30.0	-0.042350188	18.89357	0.07674033	0.016138958	-0.69955355	0.1122375	-0.8511963	0.018872779	0.08497985	191.21361	-342.13132	1.0500911	-343.6188	1.0435225	139.0	23024.207
140	11280000	1.5	0.014999999	-24.80063	0.08600744	-365.22134	1219.0	1.5315398	1.1209161	0.0001389531	125.0	0.020622764	18.895088	0.17364849	0.016394114	-0.70960325	0.1035125	0.4073294	0.01237577	0.052965045	204.01038	-340.71152	1.0922047	-342.78558	1.0325738	140.0	23193.04
141	11360000	1.5	0.014999999	-30.018593	0.18930376	-350.3293	1219.0	1.9110563	0.72063255	0.00013155848	48.0	-0.006037149	18.933325	0.1727531	0.018054193	-0.7162422	0.13525	-0.1264541	0.01684372	0.04552253	161.53963	-340.4513	0.99532235	-342.23727	0.9924838	141.0	23354.637
142	11440000	1.5	0.014999999	-26.093336	0.1558788	-363.45605	1219.0	1.1691651	0.9430491	9.619362e-05	149.0	-0.0028844865	18.893696	0.14404306	0.0028441271	-0.7239972	0.037925	-0.059179626	0.0008129576	0.039197832	233.87617	-339.29416	0.9847729	-340.13925	0.95467347	142.0	23523.346
143	11520000	1.5	0.014999999	-29.964277	0.12680638	-356.223	1219.0	1.2229905	0.93022996	8.734471e-05	115.0	0.007946874	18.892862	0.16243447	0.017655341	-0.7139765	0.1177875	0.15514687	0.015001526	0.02721084	179.18823	-338.2213	0.9670311	-340.0565	0.98682845	143.0	23691.18
144	11600000	1.5	0.014999999	-28.982193	0.13604036	-350.45395	1219.0	1.7834401	0.95000505	7.29747e-05	21.0	0.007869715	18.919771	0.17016464	0.015170229	-0.71627486	0.1006625	0.15053894	0.010875843	0.022662843	160.74712	-338.9661	0.97278583	-340.4631	0.969706	144.0	23859.514
145	11680000	1.5	0.014999999	-29.479284	0.2144206	-362.89935	1219.0	1.2239538	1.3336129	0.00014095524	149.0	0.0030500179	18.892694	0.22826296	0.0027528778	-0.7416373	0.031775	0.058234807	0.0011314196	0.06439389	185.66165	-340.2096	0.96751827	-342.13544	0.9832006	145.0	24028.465
146	11760000	1.5	0.014999999	-29.597847	0.19812047	-359.5682	1219.0	1.2542484	0.99215543	4.4527937e-05	149.0	0.015449714	18.891932	0.26283285	0.0038681652	-0.7706287	0.041075	0.30499572	0.00094336167	0.04101757	151.20084	-339.66034	0.9505012	-340.6353	0.974296	146.0	24201.928
147	11840000	1.5	0.014999999	-26.33862	0.24019155	-357.4131	1219.0	1.3810366	1.1302427	9.0545225e-05	30.0	0.007256601	18.891605	0.2738962	0.01970868	-0.80050856	0.1374375	0.14374252	0.0220531	0.04778672	190.15872	-340.77734	1.0076467	-341.4551	1.0112033	147.0	24366.32
148	11920000	1.5	0.014999999	-31.880219	0.44669887	-349.9599	1219.0	1.593005	0.9175006	7.6380384e-05	10.0	-0.0752193	18.898785	0.22149445	0.01799243	-0.80308634	0.121575	-1.5049162	0.013082877	0.28210425	181.87256	-339.02014	1.225894	-339.94946	1.0707414	148.0	24525.037
149	12000000	1.5	0.014999999	-27.438206	0.19556811	-353.57724	1219.0	1.5408124	0.7888011	9.560825e-05	70.0	-0.016370732	18.893488	0.13720003	0.015274975	-0.82695574	0.1445	-0.3336054	0.015952451	0.054442994	177.11398	-340.5124	1.0135074	-341.12497	1.0315228	149.0	24687.395
