Epoch	TotalEnvInteracts	worker/CostLimit	worker/noise	learner/VVals	learner/CostVVals	worker/EpRet	worker/EpLen	worker/EpCost	learner/LossQ	learner/LossQC	learner/StopIter	learner/LossPi	learner/Lagrangian	learner/QcRet	learner/KL	learner/Entropy	learner/ClipFrac	learner/LossQcPenalty	learner/LossVallina	learner/LossVC	learner/LossV	Eval/NaturalReward	Eval/NaturalCost	Eval/AdvUniformReward	Eval/AdvUniformCost	worker/Epoch	worker/Time
0	80000	1.5	0.0	0.0059754183	-0.11591515	-1720.3665	1219.0	463.84384	1.7240055	0.0058838516	5.0	9.37603	47.78236	36.378914	0.021626983	0.92144483	0.3072375	456.64905	-0.0042464067	1382.9072	17557.94	-1487.841	462.2613	-1487.7655	462.26312	0.0	43.80166
1	160000	1.5	0.0	-72.438675	38.98318	-1515.1741	1219.0	458.29712	0.93464965	0.0010702625	5.0	-0.06836346	48.139477	38.923317	0.01940219	0.9225884	0.3011	-3.5266328	0.00033125267	16.09869	2696.4143	-1281.3496	455.168	-1281.2688	455.14877	1.0	87.66906
2	240000	1.5	0.0023027735	-115.160034	38.63123	-1336.0837	1219.0	449.82855	0.81358564	0.00039619114	5.0	-0.1336847	48.62871	38.47598	0.019626833	0.92313284	0.2973875	-6.8921213	-0.0012157274	7.2510705	372.26385	-1075.3123	441.76785	-1075.3395	441.7646	2.0	244.43074
3	320000	1.5	0.004252031	-106.53599	38.366962	-1159.466	1219.0	438.13858	0.7661567	0.00018213484	5.0	-0.29838464	48.76959	37.707	0.018864257	0.9237432	0.291825	-15.143838	-0.007349606	6.9953704	320.98584	-872.4595	422.4055	-872.42596	422.3824	3.0	401.97632
4	400000	1.5	0.0059020403	-92.908936	37.501686	-995.11725	1219.0	423.6382	0.67848384	0.00016767827	5.0	-0.388478	48.584026	36.58425	0.015736647	0.9232597	0.2601375	-19.515171	-0.011712196	10.271906	280.07376	-689.58374	390.47943	-689.8123	390.61682	4.0	559.5483
5	480000	1.5	0.0072987443	-79.51104	36.30371	-852.51605	1219.0	404.60406	0.66393983	0.0001977772	6.0	-0.48245546	47.9078	35.077423	0.017953333	0.9216518	0.2891875	-23.952421	-0.011727483	15.204312	221.05302	-511.17575	317.85733	-511.4173	318.15576	5.0	717.0336
6	560000	1.5	0.008481027	-67.77464	34.608307	-721.9419	1219.0	375.9747	0.6205319	0.00022674611	8.0	-0.6511074	46.182655	32.725407	0.018324884	0.9175176	0.2840875	-31.105022	-0.01201813	22.789213	174.9569	-385.54663	140.37881	-385.6273	140.54596	6.0	874.42847
7	640000	1.5	0.009481809	-56.800625	31.578552	-597.9362	1219.0	328.20984	0.5349899	0.0003105992	16.0	-0.9063681	42.322792	28.660904	0.015562671	0.90593535	0.230825	-39.696667	-0.0134378895	33.12289	133.1332	-254.97844	58.44929	-255.20132	58.29797	7.0	1033.357
8	720000	1.5	0.010328949	-46.350845	25.532791	-496.04398	1219.0	238.78809	0.4551197	0.00034435614	149.0	-1.2612424	34.178513	21.043736	0.013124409	0.8122359	0.1002875	-44.588825	-0.013983156	40.47113	65.136116	-60.418636	311.63443	-59.992886	311.79962	8.0	1202.3446
9	800000	1.5	0.011046043	-38.843708	17.067862	-417.46222	1219.0	134.72997	0.33438998	0.0005148007	149.0	-1.4015669	24.219746	11.68519	0.006724937	0.7311379	0.062	-35.404167	-0.0077327513	39.80968	39.233887	-20.821728	336.4246	-21.12196	337.0376	9.0	1371.0393
10	880000	1.5	0.01165305	-33.977116	10.644979	-392.74594	1219.0	106.40869	0.29378325	0.0006053933	149.0	-0.4883849	21.741657	8.800511	0.006433579	0.6527123	0.0596	-11.169138	-0.008164405	10.9669075	18.85316	-12.442352	332.97177	-12.586068	333.45563	10.0	1539.7228
11	960000	1.5	0.012166867	-31.53408	7.391045	-364.32996	1219.0	80.36874	0.2758432	0.0008328732	149.0	-0.22963561	19.384651	6.51842	0.005952576	0.5754363	0.0567125	-4.7368436	-0.0080895955	6.241496	14.7418	-9.057765	332.40964	-9.0823765	332.4078	11.0	1708.6039
12	1040000	1.5	0.012601807	-29.2758	4.9598994	-342.20554	1219.0	61.872044	0.23186421	0.00064819737	149.0	0.012367846	17.723072	5.0323086	0.0065093874	0.49879834	0.0576	0.20290542	-0.007205772	3.3845618	12.330502	-7.874215	332.48953	-7.8715262	332.48993	12.0	1877.7856
13	1120000	1.5	0.012969971	-27.550821	4.7146583	-315.43002	1219.0	45.329224	0.20374198	0.0005022305	149.0	-0.24464522	16.210829	3.6957743	0.0055187712	0.4261809	0.0507375	-4.22829	-0.0071638846	6.0297	13.260571	-6.9574594	332.5627	-6.952567	332.56555	13.0	2046.291
14	1200000	1.5	0.0132816145	-25.249886	2.7245214	-298.76648	1219.0	39.553818	0.1852972	0.000314617	149.0	0.14328764	15.7561455	3.3123531	0.004748717	0.36362645	0.0383875	2.3908608	-0.0066266013	2.9654813	8.394868	-7.0344977	332.55606	-7.0499	332.55215	14.0	2215.2607
15	1280000	1.5	0.013545423	-23.98651	3.0932276	-281.73727	1219.0	36.30462	0.17013302	0.00015972034	149.0	0.012772008	15.539097	3.1370423	0.002340023	0.32115507	0.015	0.20970918	-0.0054802033	3.6660683	8.119026	-5.5591564	332.69748	-5.5740247	332.69424	15.0	2383.0654
16	1360000	1.5	0.013768726	-22.744787	3.14998	-271.20697	1219.0	36.111046	0.16551673	0.00023340239	149.0	0.019888278	15.610105	3.2290554	0.000940823	0.29111814	0.00445	0.3314127	-0.004316424	3.5775476	6.887772	-3.7058787	332.88815	-3.6891656	332.8907	16.0	2551.5486
17	1440000	1.5	0.013957752	-21.777687	3.1278965	-265.39023	1219.0	36.497505	0.16475037	0.00014507337	149.0	0.069980994	15.751413	3.4157634	0.0014447205	0.24917507	0.012825	1.1714149	-0.0053053303	3.3622954	5.7712655	-3.224267	332.93494	-3.2321963	332.93372	17.0	2718.4639
18	1520000	1.5	0.014117749	-21.34108	3.4398363	-254.24947	1219.0	38.08683	0.15765078	5.427337e-05	149.0	0.08831317	16.016874	3.8051965	0.0016342266	0.20931295	0.01245	1.5029877	-0.005433354	4.0637345	6.2004905	-4.6359324	332.77515	-4.633915	332.778	18.0	2886.2947
19	1600000	1.5	0.014253196	-20.565685	3.955325	-245.23969	1219.0	40.595646	0.1483502	0.0001697413	149.0	0.08299089	16.380844	4.296208	0.00032445387	0.2270832	0.0006625	1.4386631	0.0026263886	4.2684507	5.520256	-4.0786505	332.83057	-4.064351	332.831	19.0	3053.24
20	1680000	1.5	0.014367847	-19.846027	4.255385	-247.23962	1219.0	39.962154	0.16307658	0.00014489854	147.0	0.053720947	16.429232	4.479208	0.025075529	0.2228594	0.1284625	0.8615013	0.035076015	3.121148	4.9506397	-257.39575	100.09755	-257.45212	100.105385	20.0	3222.997
21	1760000	1.5	0.014464887	-20.385744	4.1660376	-282.2323	1219.0	35.73412	0.19999743	0.00027888012	7.0	-0.0035335151	16.113874	4.142797	0.017990386	0.22123627	0.0579625	-0.08338113	0.00879413	3.6206305	11.877941	-281.04398	81.652504	-280.85266	81.430275	21.0	3380.185
22	1840000	1.5	0.014547037	-22.609957	4.188861	-290.44894	1219.0	29.561165	0.20934257	0.00018446273	19.0	-0.14832218	15.59326	3.5522802	0.016610656	0.21991563	0.149825	-2.525963	0.034654636	3.2501314	13.631305	-284.2361	46.75395	-283.64435	46.725883	22.0	3538.0532
23	1920000	1.5	0.014616577	-23.827648	3.1310904	-317.18723	1219.0	21.166965	0.23191269	0.000290609	2.0	-0.14794177	14.821453	2.5140295	0.02248266	0.21987388	0.16105	-2.3890147	0.04280104	4.020699	29.217884	-332.24512	15.167855	-332.24417	15.179572	23.0	3695.0066
24	2000000	1.5	0.014675439	-26.249956	2.3296053	-355.87262	1219.0	22.112272	0.25847188	0.00041506928	4.0	-0.08707056	14.97869	1.9644035	0.021184774	0.21974424	0.0677625	-1.4421799	0.02178371	6.6699414	46.405704	-350.6721	4.035569	-348.60205	4.0867243	24.0	3851.8887
25	2080000	1.5	0.014725265	-29.0602	1.5214261	-374.39896	1219.0	11.044519	0.28122506	0.00030687015	4.0	-0.14277777	13.924855	0.9185675	0.0191518	0.21940352	0.1755125	-2.1669319	0.0136063015	1.7005887	80.767845	-323.5015	31.196365	-323.63382	31.145458	25.0	4008.8457
26	2160000	1.5	0.014767439	-30.242594	0.37162465	-366.3901	1219.0	2.8596058	0.27198878	0.00018107313	149.0	-0.031416915	13.111285	0.2405332	0.0035136105	0.19466123	0.03415	-0.4488212	-0.0022592463	0.18645066	108.0515	-314.1312	61.10486	-313.70697	60.587048	26.0	4177.904
27	2240000	1.5	0.014803143	-29.878393	0.22286038	-351.31644	1219.0	2.9266746	0.2564622	0.0003119377	149.0	0.0049434816	13.121395	0.24768037	0.001182673	0.1694909	0.010925	0.06851985	-0.0009471304	0.15539709	104.440895	-310.32925	71.31172	-310.6236	70.782005	27.0	4347.157
28	2320000	1.5	0.014833362	-28.056822	0.24164997	-347.52817	1219.0	4.2316394	0.2673045	0.00021833768	149.0	0.02712172	13.259123	0.3595581	0.0016840164	0.15354455	0.0218125	0.38084248	0.001925363	0.1862002	112.322365	-315.72342	67.98266	-315.68945	67.678734	28.0	4517.8276
29	2400000	1.5	0.014858946	-28.523174	0.35442165	-351.5402	1219.0	2.6039927	0.25947332	0.00012858419	149.0	-0.031864773	13.100705	0.22148311	0.0014283982	0.13610077	0.0179375	-0.45648217	0.002556758	0.15966879	118.42265	-323.76627	62.0391	-323.68582	61.866608	29.0	4687.5327
30	2480000	1.5	0.0148806	-28.89654	0.20451319	-364.3575	1219.0	1.141788	0.2634055	0.00014946931	149.0	-0.027728867	12.993126	0.091901235	0.00089058874	0.13651633	0.0138	-0.39036065	0.0009386282	0.09644267	141.94485	-327.46198	64.75204	-327.6178	64.38901	30.0	4857.3022
31	2560000	1.5	0.014898927	-30.43606	0.100422874	-371.2325	1219.0	1.5219928	0.26570415	0.00013048138	149.0	0.005121509	12.993497	0.12476749	0.0005012718	0.12562108	0.0033125	0.07148496	-0.00047451316	0.045612704	132.15811	-325.44388	64.90187	-325.33514	64.81533	31.0	5026.351
32	2640000	1.5	0.014914451	-30.042019	0.122874856	-363.2347	1219.0	1.181744	0.27875003	7.6368706e-05	149.0	-0.00659818	12.99212	0.0956948	0.0010131493	0.110885024	0.0121375	-0.094361596	0.00043767714	0.01946325	117.75105	-331.58682	59.05968	-331.8331	58.964554	32.0	5196.338
33	2720000	1.5	0.01492758	-29.802074	0.09336649	-365.3552	1219.0	1.2702829	0.27478552	7.6293436e-05	149.0	0.0020442058	12.991459	0.104022525	0.0007770792	0.094284296	0.00535	0.02827935	-0.0005557769	0.024151765	126.831436	-333.18042	57.2744	-332.68365	57.839123	33.0	5369.264
34	2800000	1.5	0.014938699	-29.540316	0.11030338	-361.02408	1219.0	1.3563242	0.27289084	6.0049504e-05	149.0	-0.00024910338	12.990965	0.11105486	0.0010563572	0.075392246	0.0093375	-0.005262455	0.0003266882	0.019809932	137.58777	-337.69333	51.82991	-337.75607	52.014534	34.0	5539.6064
35	2880000	1.5	0.014948113	-29.85686	0.10566046	-369.09738	1219.0	1.4288871	0.2593095	8.328774e-05	149.0	0.0022623364	12.990675	0.11735615	0.000755949	0.060424928	0.0022625	0.03160854	-0.0007237677	0.033270787	149.90387	-334.795	55.79883	-334.6343	55.757805	35.0	5711.349
36	2960000	1.5	0.014956073	-30.889206	0.12838918	-367.9643	1219.0	1.4002402	0.26351887	6.556697e-05	149.0	-0.003491713	12.99024	0.115571104	0.00094585994	0.057424303	0.0108	-0.05035886	0.0001922863	0.03305459	140.75218	-338.01172	44.051964	-338.08008	43.91388	36.0	5883.4624
37	3040000	1.5	0.01496282	-30.171247	0.11503329	-362.22366	1219.0	1.1154361	0.26438525	5.393104e-05	149.0	-0.005951765	12.9890375	0.090941116	0.00085197506	0.037487864	0.0057	-0.08400168	-0.00045175228	0.017079515	123.92011	-336.22092	44.891926	-337.31372	43.985325	37.0	6053.391
38	3120000	1.5	0.0149685275	-30.059877	0.08303402	-362.96786	1219.0	1.1583005	0.27110448	4.5754736e-05	149.0	0.0022802844	12.988002	0.09465987	0.00082984025	0.019368172	0.0033625	0.031910848	-0.00074370624	0.017705763	132.8468	-335.27496	45.532127	-335.05493	45.481777	38.0	6224.3096
39	3200000	1.5	0.014973358	-29.854696	0.09575097	-367.84235	1219.0	1.3934302	0.25904107	4.7480986e-05	149.0	0.004338531	12.987809	0.11591041	0.0004160367	0.016372561	0.0060375	0.059981517	-1.0510445e-06	0.02974011	136.95032	-331.40875	48.458637	-330.59457	48.88009	39.0	6394.1484
40	3280000	1.5	0.014977453	-29.403938	0.13237974	-364.62405	1219.0	1.171046	0.2419714	6.543009e-05	149.0	-0.007967842	12.986537	0.09918352	0.0009658798	0.0034003258	0.0063875	-0.1119224	-0.0004739675	0.022811817	150.98927	-327.23975	51.17889	-326.95865	51.38236	40.0	6564.1973
41	3360000	1.5	0.014980911	-31.546602	0.07932215	-362.57147	1219.0	1.0846938	0.23781581	3.8821563e-05	149.0	0.0025556237	12.985242	0.090093955	0.0010843442	-0.019100666	0.0045625	0.035602797	-0.00062959583	0.015227457	146.53064	-327.38223	51.007652	-327.21417	51.15949	41.0	6734.121
42	3440000	1.5	0.014983846	-29.50742	0.09273632	-358.99417	1219.0	1.103005	0.23384981	2.9086112e-05	149.0	-0.00039739738	12.984019	0.091583945	0.0017936386	-0.05249691	0.0128375	-0.0059972177	-0.0009166584	0.011777798	141.91339	-328.04355	51.846985	-327.94247	52.050755	42.0	6904.469
43	3520000	1.5	0.014986322	-29.607737	0.096503235	-356.168	1219.0	1.1583958	0.23014808	2.9021623e-05	149.0	-0.0005240378	12.982979	0.095470116	0.0018071987	-0.07598543	0.016775	-0.009260969	0.00053923856	0.011858338	148.46272	-328.47156	55.619415	-329.5987	55.72981	43.0	7075.368
44	3600000	1.5	0.0149884205	-29.732822	0.09822304	-360.5441	1219.0	1.0492918	0.22165978	3.0463561e-05	149.0	-0.0027268198	12.981524	0.08762854	0.0013632204	-0.09616709	0.0156	-0.03899975	0.00018362851	0.0152995335	152.42705	-327.54376	55.872562	-328.18268	55.6929	44.0	7245.2495
45	3680000	1.5	0.0149901975	-29.320837	0.08313281	-351.62827	1219.0	1.5419546	0.2287832	2.4063194e-05	23.0	0.009852279	12.983928	0.12610847	0.017572206	-0.09761738	0.109725	0.12778172	0.01756498	0.032930642	133.4847	-346.09174	49.27574	-346.62823	48.386192	45.0	7405.424
46	3760000	1.5	0.0149917025	-29.509312	0.12442632	-378.79672	1219.0	2.9106877	0.24221417	8.470789e-05	149.0	0.028380431	13.123691	0.2467553	0.0020196256	-0.07989323	0.023775	0.39814427	0.0004890821	0.15288818	198.0551	-348.38306	44.4869	-348.64334	44.215027	46.0	7575.7026
47	3840000	1.5	0.014992981	-30.400768	0.25803128	-374.02982	1219.0	2.1987312	0.22943373	6.103823e-05	149.0	-0.015644493	13.054218	0.19448487	0.00066555454	-0.0753299	0.012675	-0.22133657	9.099999e-05	0.06885954	181.94305	-346.95142	42.716946	-346.12973	42.26056	47.0	7746.104
48	3920000	1.5	0.014994055	-31.063343	0.17453054	-372.07956	1219.0	1.9738734	0.24810931	4.7070323e-05	149.0	0.0029614903	13.033404	0.18488686	0.0034063957	-0.11201477	0.041	0.039581325	-3.2614516e-05	0.0533276	170.52127	-342.81198	45.460228	-341.9753	45.59917	48.0	7916.73
49	4000000	1.5	0.014994966	-31.494076	0.16786079	-367.19498	1219.0	1.5359653	0.26489884	3.019474e-05	149.0	-0.0020503302	12.990315	0.16122288	0.00029897093	-0.11602711	0.0006625	-0.029056195	-0.0004635037	0.032139644	161.60217	-342.55643	47.86277	-343.3862	47.47066	49.0	8088.8765
50	4080000	1.5	0.01499574	-30.487513	0.13942182	-366.4512	1219.0	1.4428056	0.25050125	2.6196696e-05	149.0	0.0046175616	12.98881	0.15886597	0.0014574993	-0.11968732	0.0151	0.062850565	-0.000175877	0.03549497	157.8777	-338.80923	51.865658	-339.06494	51.37373	50.0	8261.613
51	4160000	1.5	0.0149963945	-30.43143	0.15413588	-362.1217	1219.0	1.1151743	0.26471418	2.5648213e-05	149.0	-0.0068243574	12.987603	0.12732187	0.002011668	-0.14509034	0.012175	-0.09652625	-0.0003335945	0.028134882	151.2044	-334.73505	56.273575	-333.96976	55.361748	51.0	8434.702
52	4240000	1.5	0.014996949	-30.419325	0.10833281	-361.29074	1219.0	1.0368872	0.26012295	1.94338e-05	149.0	-0.0005082692	12.986167	0.105626024	0.0018715165	-0.1679841	0.016775	-0.0086065335	5.808735e-06	0.02258174	157.2279	-329.23096	60.1503	-328.49353	60.446007	52.0	8607.836
53	4320000	1.5	0.014997421	-30.762806	0.08365698	-351.60062	1219.0	1.1666191	0.23603244	1.2753508e-05	149.0	0.003864692	12.985241	0.10097772	0.003253044	-0.19950351	0.0267625	0.051601842	0.000115540315	0.012702469	154.90187	-332.20587	60.209545	-331.69943	59.943302	53.0	8780.697
54	4400000	1.5	0.014997812	-28.867437	0.1031819	-350.01483	1219.0	1.3656901	0.22841911	1.5947584e-05	149.0	0.0020565798	12.984845	0.11501249	0.0013246619	-0.2188461	0.0120875	0.027031362	-0.00012327518	0.019086534	152.35197	-334.08984	60.60521	-333.62402	60.908653	54.0	8952.898
55	4480000	1.5	0.014998151	-27.840607	0.11689649	-357.79724	1219.0	1.3733656	0.26195312	3.5297922e-05	149.0	0.0004044593	12.984216	0.119465165	0.0011198297	-0.23925163	0.007425	0.004646264	-0.00017838487	0.022563795	155.806	-337.37936	54.403507	-336.53467	54.438118	55.0	9123.548
56	4560000	1.5	0.014998434	-30.776787	0.11626945	-358.87384	1219.0	1.0047506	0.23295815	3.690569e-05	149.0	-0.005670235	12.982677	0.092510186	0.0010216091	-0.26363516	0.005025	-0.07968436	-0.00036854943	0.0166492	182.7382	-335.48648	55.794624	-334.6086	55.26373	56.0	9293.702
57	4640000	1.5	0.0149986725	-31.362267	0.08577707	-354.70447	1219.0	0.97217226	0.22673908	1.68425e-05	149.0	0.00058301224	12.98105	0.088878796	0.001056812	-0.28938437	0.0091	0.0073406007	-0.0002586853	0.008324463	166.75203	-335.5517	58.666813	-335.6895	58.5024	57.0	9466.313
58	4720000	1.5	0.014998881	-26.4285	0.1291	-356.89368	1219.0	1.3078023	0.24737671	2.5872152e-05	149.0	-0.0028665033	12.980745	0.12413335	0.002655437	-0.31605294	0.0190375	-0.04156368	-8.9290035e-05	0.02774412	179.0804	-337.6306	55.323513	-337.21182	55.260063	58.0	9636.584
59	4800000	1.5	0.014999048	-35.974113	0.11799264	-347.40784	1219.0	3.926763	0.28399593	2.3840514e-05	149.0	0.04725638	13.226822	0.3207105	0.0033010533	-0.34932142	0.03285	0.6678178	0.00069987413	0.20186725	198.35553	-338.903	55.32965	-338.57065	54.02198	59.0	9805.777
60	4880000	1.5	0.014999196	-27.642447	0.3371205	-365.52286	1219.0	1.5794971	0.3113039	3.1243493e-05	149.0	-0.041103013	12.993239	0.16177115	0.0010075396	-0.33013436	0.006825	-0.57610035	-7.1372226e-05	0.15655819	175.5126	-337.37183	54.07676	-337.43097	53.365036	60.0	9975.949
61	4960000	1.5	0.014999316	-28.000608	0.22318919	-348.1299	1219.0	3.3203032	0.2946181	6.609676e-05	62.0	0.010038561	13.171707	0.2865998	0.015946269	-0.33676243	0.12235	0.13429132	0.017165704	0.21175942	107.55235	-347.88956	47.575287	-347.87433	47.19116	61.0	10137.636
62	5040000	1.5	0.014999421	-24.993376	0.24292064	-371.22363	1219.0	2.0680363	0.33261505	7.7785e-05	149.0	-0.011259511	13.048273	0.19693044	0.0004603129	-0.3389902	0.004425	-0.15937269	-0.00026120502	0.10035961	265.4765	-347.0464	48.79288	-346.5366	48.284645	62.0	10307.019
63	5120000	1.5	0.01499951	-31.780745	0.19002344	-356.10507	1219.0	1.7669094	0.31669208	4.4525346e-05	149.0	-0.002699122	13.019337	0.18786867	0.0017731125	-0.36978957	0.0136875	-0.03928116	0.00011487884	0.05264652	172.6169	-347.16135	49.630703	-347.3123	49.584854	63.0	10477.426
64	5200000	1.5	0.014999585	-29.219744	0.1793239	-358.1424	1219.0	1.6266959	0.32113904	2.516645e-05	149.0	-0.006602168	13.005835	0.15286982	0.0015644961	-0.39831355	0.011225	-0.093590505	-0.00042098007	0.026214462	139.31459	-346.87668	46.108456	-347.46274	45.993855	64.0	10647.976
65	5280000	1.5	0.014999655	-28.303673	0.15876563	-356.86304	1219.0	1.6821673	0.31513256	2.783319e-05	149.0	0.0035507472	13.011822	0.17738889	0.0007813345	-0.41442877	0.0052625	0.048603013	-0.00018789139	0.027254842	143.84457	-349.3148	43.84738	-349.60733	43.24503	65.0	10820.299
66	5360000	1.5	0.014999704	-29.699604	0.19693905	-368.3782	1219.0	1.9769946	0.3283183	5.2821113e-05	149.0	0.009880715	13.042436	0.24109457	0.0014165841	-0.39345118	0.0144375	0.13699383	0.00010379577	0.0708311	235.28752	-349.96927	39.74106	-349.44547	39.374866	66.0	10990.587
67	5440000	1.5	0.014999748	-31.99914	0.3369459	-356.42935	1219.0	1.3778676	0.31538463	3.905514e-05	149.0	-0.043503582	12.997012	0.1771477	0.0009564983	-0.39074188	0.0112	-0.610358	6.8165114e-05	0.086480305	193.71146	-349.98337	38.720226	-349.98584	39.17619	67.0	11160.47
68	5520000	1.5	0.014999791	-26.757126	0.13477005	-358.66174	1219.0	1.2479986	0.34857315	3.883225e-05	149.0	0.00035157948	12.9962	0.1358704	0.0016083382	-0.40483138	0.02125	0.003954733	0.0005584879	0.02317073	145.21498	-348.08948	38.402363	-347.89508	38.87511	68.0	11330.811
69	5600000	1.5	0.01499982	-30.253025	0.13672341	-353.8201	1219.0	1.2815509	0.3448781	2.6805046e-05	149.0	0.0018445044	12.99552	0.14784135	0.0009052102	-0.41621298	0.0028125	0.025617227	-0.0003598133	0.020703308	182.86246	-345.1897	41.652397	-344.72992	41.2626	69.0	11501.003
70	5680000	1.5	0.014999851	-30.638393	0.19523028	-352.7964	1219.0	1.4512326	0.31291977	2.1000502e-05	149.0	-0.012850515	12.9954405	0.15054646	0.00054010376	-0.40837047	0.0020625	-0.18040004	-0.00021307087	0.029389499	172.65335	-345.6542	42.06599	-345.75708	41.285805	70.0	11671.154
71	5760000	1.5	0.014999868	-30.11989	0.17365287	-359.4825	1219.0	1.2595297	0.41380763	3.9759758e-05	149.0	-0.009696088	12.994494	0.13313144	0.0007030044	-0.39982554	0.00515	-0.13658422	0.00019452913	0.030373596	207.6988	-345.33728	40.344906	-344.96893	40.324303	71.0	11843.333
72	5840000	1.5	0.014999894	-24.609093	0.18638319	-352.41077	1219.0	1.3040888	0.37592953	4.11894e-05	149.0	-0.01234769	12.993891	0.14723289	0.003238868	-0.44163033	0.02885	-0.17464225	-0.00033050505	0.04728484	169.9472	-349.9638	36.100002	-349.68515	36.315964	72.0	12016.31
73	5920000	1.5	0.01499991	-34.499527	0.19132058	-366.6769	1219.0	1.8129787	0.45262375	6.446064e-05	149.0	0.0069264947	13.02376	0.22280124	0.0013262808	-0.42335123	0.0068	0.09599395	7.176156e-05	0.07703216	254.82198	-348.375	34.468292	-347.6728	33.614754	73.0	12184.025
74	6000000	1.5	0.014999923	-27.934435	0.22546138	-354.43845	1219.0	1.0992755	0.41335154	3.3377622e-05	149.0	-0.02109445	12.993451	0.14802931	0.0023164067	-0.45192003	0.0232125	-0.29657385	-0.0003069049	0.05052006	170.9814	-345.87216	34.838326	-344.96423	34.422634	74.0	12352.061
75	6080000	1.5	0.014999928	-27.831528	0.122388564	-353.39536	1219.0	1.593061	0.4058333	2.8314733e-05	149.0	0.0041690725	13.001037	0.14187925	0.0047145057	-0.47484493	0.0672375	0.055909783	0.0041543203	0.014883799	179.62009	-350.6364	33.361504	-350.10544	32.941906	75.0	12519.335
76	6160000	1.5	0.014999942	-29.785929	0.181622	-363.6473	1219.0	1.521248	0.43739557	3.2523745e-05	149.0	-0.00018945194	12.993652	0.18211827	0.0010022334	-0.46363544	0.0094125	-0.0023669875	0.0005060233	0.04047477	205.87587	-353.26697	31.940088	-352.34546	31.45342	76.0	12687.382
77	6240000	1.5	0.014999954	-25.826626	0.3168332	-357.79523	1219.0	1.1681399	0.35323444	4.9076945e-05	149.0	-0.038324617	12.992603	0.18529871	0.0021077606	-0.48631185	0.016775	-0.5377755	-0.00034896794	0.09358516	190.44562	-351.03232	34.354774	-349.88873	34.288517	77.0	12855.815
78	6320000	1.5	0.014999957	-33.94347	0.17128122	-361.14737	1219.0	1.3398293	0.53440726	4.5958477e-05	149.0	-0.0018190052	12.992234	0.16410425	0.00050867646	-0.49222752	0.0030375	-0.02599046	-0.0005977977	0.033753466	250.54283	-346.28348	36.03562	-346.97894	35.652294	78.0	13023.954
79	6400000	1.5	0.01499997	-27.573887	0.14785756	-361.9284	1219.0	1.7142186	0.5580894	3.508003e-05	149.0	0.025366932	13.011822	0.25802723	0.0015325865	-0.49366334	0.0098375	0.35394394	-0.00020761395	0.07010692	220.2552	-346.51242	32.647427	-345.61566	32.05969	79.0	13190.902
80	6480000	1.5	0.014999973	-30.62725	0.46176356	-360.7868	1219.0	1.2814007	0.4771207	5.0584807e-05	149.0	-0.06452622	12.991916	0.23129834	0.0015032557	-0.467422	0.0182625	-0.9056999	0.00065392803	0.1595334	206.21585	-343.81097	32.132294	-343.94373	32.101974	80.0	13361.708
81	6560000	1.5	0.014999973	-27.805506	0.21393989	-360.80884	1219.0	1.1258668	0.4720304	4.4040564e-05	149.0	-0.015137731	12.990743	0.14754733	0.000938087	-0.46695897	0.0198625	-0.21369487	0.0005683705	0.09252414	190.68005	-345.33115	32.89241	-345.73938	32.11406	81.0	13534.666
82	6640000	1.5	0.014999983	-30.53664	0.12495273	-361.29434	1219.0	1.2224857	0.5196938	3.6087473e-05	149.0	0.02301047	12.98995	0.22367048	0.0009985381	-0.48250908	0.0045875	0.32107964	-0.00010632062	0.06959446	179.70947	-343.97864	32.35672	-344.57446	32.56172	82.0	13704.048
83	6720000	1.5	0.014999985	-29.881847	0.3445943	-358.21912	1219.0	1.2564888	0.4356393	3.6543886e-05	149.0	-0.037549328	12.9891	0.2255674	0.0033365819	-0.5293588	0.025025	-0.5269585	-6.3644315e-05	0.14083835	178.7477	-344.90842	32.573063	-344.2336	32.347942	83.0	13873.563
84	6800000	1.5	0.014999987	-27.696041	0.17221409	-356.415	1219.0	1.4084922	0.5306462	3.1837357e-05	149.0	-0.0021358216	12.988878	0.16136882	0.0034681563	-0.57539326	0.02835	-0.03230778	2.2498321e-05	0.041485637	185.2304	-345.2953	29.239979	-345.54208	28.94521	84.0	14043.846
85	6880000	1.5	0.014999988	-30.106113	0.2972223	-354.70108	1219.0	1.537998	0.40011635	3.4008805e-05	149.0	-0.027985997	12.99037	0.21651821	0.0022979325	-0.6017652	0.018575	-0.3930271	-0.0005520378	0.10516998	178.67598	-345.4425	25.326645	-345.37427	25.001564	85.0	14213.26
86	6960000	1.5	0.014999988	-26.751194	0.18602727	-357.27707	1219.0	1.4743593	0.514653	4.9123e-05	149.0	-0.0030748495	12.988629	0.17260745	0.002165244	-0.64301723	0.0189375	-0.04430108	-0.00019139996	0.031310502	230.3412	-344.746	23.842743	-344.52997	23.678843	86.0	14384.533
87	7040000	1.5	0.014999988	-33.580093	0.24418162	-350.4654	1219.0	2.1430087	0.41135922	4.2402688e-05	149.0	-0.012734368	13.052186	0.20696172	0.0005447599	-0.63264984	0.00335	-0.17960185	-0.00017414305	0.048004344	238.42763	-343.66788	24.09932	-343.82013	23.977043	87.0	14554.171
88	7120000	1.5	0.014999988	-26.002666	0.1712312	-355.1195	1219.0	1.5095115	0.51593524	3.6372403e-05	149.0	-0.0042405208	12.990422	0.15250725	0.0005320326	-0.6156107	0.00545	-0.06040969	7.399845e-05	0.022127932	211.8143	-343.1003	22.260376	-343.83734	21.262897	88.0	14724.3
89	7200000	1.5	0.014999988	-29.6514	0.2391822	-352.56696	1219.0	1.7664202	0.44705957	2.3018549e-05	149.0	-0.01785082	13.01536	0.19319509	0.0010527422	-0.6238951	0.00635	-0.2510464	-0.00014426823	0.07140892	220.78125	-340.53915	19.9342	-341.58273	19.313675	89.0	14893.934
90	7280000	1.5	0.014999999	-26.667313	0.14503233	-347.78864	1219.0	2.4590473	0.38740903	2.110581e-05	33.0	0.012351796	13.086768	0.19876124	0.015749194	-0.62251145	0.132125	0.17065251	0.016586393	0.032419864	176.38664	-347.94064	15.084662	-348.27063	15.138886	90.0	15054.633
91	7360000	1.5	0.014999999	-29.9653	0.24464661	-358.76297	1219.0	1.1360065	0.6804356	5.535569e-05	149.0	-0.028707108	12.992763	0.12289226	0.00085736334	-0.6020275	0.0056125	-0.40256852	5.128412e-05	0.07652979	220.18655	-346.24298	14.136917	-346.29175	13.955237	91.0	15224.543
92	7440000	1.5	0.014999999	-29.54944	0.18545564	-355.22342	1219.0	0.911426	0.5242728	3.1163858e-05	149.0	-0.014407309	12.990955	0.14130671	0.002111852	-0.64162964	0.0151375	-0.2029584	-9.646234e-05	0.035151884	185.64455	-345.0083	14.048252	-344.95056	14.153616	92.0	15397.254
93	7520000	1.5	0.014999999	-28.815731	0.12177751	-362.1197	1219.0	1.308868	0.55094373	3.4181172e-05	26.0	0.014358474	12.990713	0.18296634	0.015648322	-0.64685196	0.1308375	0.19931409	0.014520578	0.04082249	214.70605	-337.9975	17.461523	-339.0342	17.575214	93.0	15557.999
94	7600000	1.5	0.014999999	-28.144	0.25037065	-346.34216	1219.0	2.358968	0.55492383	4.4495348e-05	149.0	-0.019574044	13.076152	0.21359634	0.0017748093	-0.67796046	0.0147	-0.27635267	-0.00036441957	0.135975	177.45316	-337.40012	18.381393	-338.46933	18.31743	94.0	15727.33
95	7680000	1.5	0.014999999	-30.946796	0.262227	-351.79752	1219.0	1.231495	0.6774254	3.1645926e-05	149.0	-0.038365163	12.991931	0.10084381	0.00059061626	-0.657898	0.003975	-0.53750306	-4.6558045e-05	0.050036795	244.61208	-338.1477	17.493902	-338.88177	17.254654	95.0	15897.08
96	7760000	1.5	0.014999999	-25.52702	0.08702612	-346.47797	1219.0	2.633274	0.5279271	2.8061064e-05	11.0	0.029259775	13.105929	0.2128113	0.017023847	-0.65775496	0.1226375	0.40618157	0.016963517	0.057996508	187.8378	-345.37207	14.019412	-346.03036	13.901963	96.0	16054.137
97	7840000	1.5	0.014999999	-28.894678	0.25559223	-351.9273	1219.0	1.6508993	0.33813787	1.1429978e-05	149.0	-0.028703416	13.008177	0.1305543	0.0011326983	-0.6602797	0.0127	-0.40400115	0.0009224201	0.045372456	200.2068	-344.34613	11.991605	-344.6069	11.928388	97.0	16223.294
98	7920000	1.5	0.014999999	-27.480988	0.11682234	-350.1134	1219.0	1.3321201	0.4642993	1.3316962e-05	149.0	-0.0018793048	12.995026	0.10855304	0.00067860726	-0.6663255	0.00395	-0.026966868	-0.00029859244	0.0079857465	196.1621	-344.83902	10.152117	-347.14883	10.115761	98.0	16392.725
99	8000000	1.5	0.014999999	-29.830074	0.11769325	-355.61734	1219.0	1.3050247	0.38165754	1.5300515e-05	149.0	-0.0025020475	12.994382	0.10726587	0.0011070094	-0.68158907	0.011325	-0.035232585	-0.00017425414	0.009321464	221.27983	-343.75552	9.20067	-344.8879	9.232918	99.0	16562.756
100	8080000	1.5	0.014999999	-28.637163	0.10644946	-351.18768	1219.0	1.4197612	0.3178772	1.1554015e-05	149.0	0.002210099	12.994189	0.11759811	0.000681035	-0.6753921	0.003375	0.030139862	-0.00018205795	0.009695751	196.07594	-343.54526	8.088712	-343.99695	7.9870973	100.0	16731.457
101	8160000	1.5	0.014999999	-29.462431	0.109595925	-353.30817	1219.0	0.9419122	0.70063347	2.3754512e-05	149.0	-0.0069252173	12.99236	0.07871623	0.00053458265	-0.68207896	0.0030625	-0.09704705	-0.0005985816	0.007648952	214.58145	-345.8432	9.5572195	-346.05612	9.508522	101.0	16900.816
102	8240000	1.5	0.014999999	-29.009148	0.07655145	-360.35577	1219.0	1.0636642	0.7613472	4.0828887e-05	149.0	0.0044846814	12.991122	0.09671654	0.0010854731	-0.7012907	0.0079625	0.062457543	-0.00035853055	0.015820373	224.8856	-344.64523	7.7109084	-345.89325	7.533849	102.0	17071.348
103	8320000	1.5	0.014999999	-26.598385	0.123564065	-353.54358	1219.0	1.1567614	0.67979825	3.793108e-05	149.0	-0.005674692	12.990011	0.109108426	0.005625469	-0.72253996	0.0711625	-0.08061976	0.0033454022	0.010948893	184.58287	-348.20856	9.256933	-348.854	9.214652	103.0	17240.637
104	8400000	1.5	0.014999999	-31.919378	0.12229183	-362.60522	1219.0	1.2153966	0.64935374	4.352769e-05	149.0	-0.0017542933	12.989068	0.114923805	0.0016079462	-0.73246646	0.0183	-0.024891913	-0.0001310876	0.023821501	213.92383	-346.17606	10.09323	-346.8491	9.443794	104.0	17412.033
105	8480000	1.5	0.014999999	-26.721325	0.11237245	-356.58337	1219.0	1.0641901	0.78652424	2.8049279e-05	149.0	-0.0014881882	12.987654	0.10923866	0.0011562632	-0.74637246	0.005275	-0.02126652	-0.00062412815	0.011431249	193.63167	-348.26068	8.430399	-347.83188	8.601854	105.0	17582.281
106	8560000	1.5	0.014999999	-30.83537	0.13194606	-356.08466	1219.0	0.95170313	0.57216537	2.161379e-05	67.0	-0.01063357	12.985966	0.097583555	0.015025546	-0.75668454	0.1371625	-0.1489958	0.0146678835	0.008442278	182.00063	-342.82712	8.976513	-343.88425	9.041775	106.0	17744.516
107	8640000	1.5	0.014999999	-28.238031	0.07898361	-353.2276	1219.0	1.243118	0.7642909	2.0017911e-05	149.0	0.0068402183	12.985427	0.10835951	0.0024949268	-0.7680795	0.0316625	0.09482476	0.001109028	0.0066822884	158.65685	-344.95233	10.104255	-345.2213	10.575568	107.0	17914.732
108	8720000	1.5	0.014999999	-31.813782	0.13323331	-360.3518	1219.0	1.19953	0.80095816	2.7923548e-05	149.0	-0.0036758808	12.984183	0.11801675	0.00076939934	-0.7744037	0.0033625	-0.05159793	-0.00030071527	0.017243475	193.52216	-345.58966	8.979532	-346.2875	9.240961	108.0	18085.432
109	8800000	1.5	0.014999999	-24.538523	0.12038439	-359.8649	1219.0	1.7182684	0.8435028	3.111016e-05	149.0	0.010097334	13.004498	0.16707021	0.0012636932	-0.79337984	0.00935	0.14049979	-0.00041212453	0.028926473	279.99994	-345.93024	6.830822	-347.04538	6.9135184	109.0	18256.246
110	8880000	1.5	0.014999999	-28.822624	0.17145972	-363.19022	1219.0	1.932226	1.1093737	4.0898005e-05	149.0	0.0029279047	13.026492	0.18735433	0.0018339149	-0.7935266	0.0197875	0.040285967	0.00033697233	0.02477995	226.813	-345.31604	5.0188255	-346.50275	4.9263325	110.0	18426.203
111	8960000	1.5	0.014999999	-31.366165	0.21219824	-354.92557	1219.0	1.244476	0.69157636	3.3097072e-05	149.0	-0.024341526	12.985147	0.12117752	0.0023343752	-0.8024302	0.019775	-0.34103915	4.4763758e-05	0.018512959	228.05525	-347.5723	3.277427	-348.40848	3.1902635	111.0	18596.238
112	9040000	1.5	0.014999999	-29.325525	0.120075	-354.67346	1219.0	0.8967405	0.7387174	2.3783155e-05	149.0	-0.010126617	12.983297	0.08051101	0.0011325207	-0.81090254	0.00775	-0.14241351	-0.0008029545	0.0058048647	182.27121	-346.41644	4.1225276	-347.4244	4.236926	112.0	18765.469
113	9120000	1.5	0.014999999	-26.699738	0.076048166	-356.59073	1219.0	0.87998396	0.86882865	3.127965e-05	76.0	0.00070347625	12.981397	0.079591535	0.025242502	-0.8105926	0.1651375	0.007933336	0.02276702	0.0061937887	201.5729	-351.65396	3.3668318	-352.45422	3.2789135	113.0	18933.76
114	9200000	1.5	0.014999999	-28.572462	0.088090904	-363.45728	1219.0	1.2195266	0.95766574	4.569564e-05	14.0	0.0075239735	12.980835	0.12194895	0.01665844	-0.81116	0.1379375	0.104072824	0.015178621	0.024689121	194.64302	-347.79355	4.389463	-348.72012	4.4287934	114.0	19093.457
115	9280000	1.5	0.014999999	-30.033415	0.11508119	-362.6448	1219.0	1.1391469	0.9020138	3.960947e-05	68.0	0.0008691652	12.979367	0.12053818	0.015705846	-0.84430784	0.13415	0.010510679	0.011604683	0.017978072	206.27242	-345.03827	5.825645	-346.50012	5.644275	115.0	19258.506
116	9360000	1.5	0.014999999	-35.0059	0.11492637	-357.41113	1219.0	0.8628599	1.0337127	2.4938961e-05	149.0	-0.0053489166	12.977416	0.09743771	0.0011389691	-0.8490764	0.004475	-0.07488079	-0.0002305068	0.008778283	254.611	-346.37903	4.6540704	-347.40704	4.2568693	116.0	19429.707
117	9440000	1.5	0.014999999	-25.03447	0.10711466	-354.49908	1219.0	1.1865199	1.3793995	3.4312856e-05	149.0	-0.0005910918	12.97674	0.11822856	0.0017137235	-0.8683843	0.0157125	-0.008638255	0.0003410656	0.013907046	202.09575	-345.6963	4.7475653	-347.0839	4.3084793	117.0	19599.738
118	9520000	1.5	0.014999999	-29.085726	0.10437058	-355.44763	1219.0	1.0222509	1.2099001	3.474992e-05	127.0	-0.0028638092	12.974941	0.092457205	0.019284794	-0.87717247	0.1679875	-0.042044915	0.020775774	0.006612706	184.70325	-351.19543	3.0380204	-351.69012	2.9739087	118.0	19768.234
119	9600000	1.5	0.014999999	-28.239574	0.103103735	-360.15015	1219.0	1.0142276	1.3678036	4.466877e-05	149.0	0.00041978198	12.973438	0.10583301	0.0012176133	-0.8928832	0.0087375	0.0054166336	-0.000485079	0.011544114	185.75458	-354.30374	2.2758565	-355.1754	2.1384227	119.0	19938.738
120	9680000	1.5	0.014999999	-28.906494	0.11727385	-365.68195	1219.0	1.7131588	1.552892	7.36801e-05	149.0	0.012798581	12.993409	0.1735467	0.0026641174	-0.88346756	0.0261125	0.17816061	0.0006330714	0.03413459	182.79175	-354.19034	1.72151	-354.02026	1.686658	120.0	20109.734
121	9760000	1.5	0.014999999	-31.258093	0.16369274	-360.07608	1219.0	0.92228174	1.5554522	4.4180346e-05	149.0	-0.014662109	12.972224	0.10214036	0.0008087821	-0.880475	0.0063625	-0.20584907	-0.0004134695	0.018363817	194.8892	-355.25403	1.6849511	-355.925	1.7588931	121.0	20279.584
122	9840000	1.5	0.014999999	-27.982906	0.105005674	-366.36725	1219.0	1.4437058	1.4256046	3.6332654e-05	149.0	0.013039021	12.972503	0.16389833	0.0008049601	-0.8853331	0.003275	0.18186744	-0.00023752455	0.04167728	185.06833	-356.44565	1.5356637	-356.2508	1.4742727	122.0	20449.67
123	9920000	1.5	0.014999999	-27.551296	0.17683896	-359.17764	1219.0	0.9137816	0.8859726	4.0915816e-05	149.0	-0.018296877	12.970189	0.11860377	0.004160781	-0.88704306	0.038475	-0.2553686	0.0011490555	0.019142067	192.99886	-356.93945	1.786306	-356.9289	1.7713686	123.0	20619.953
124	10000000	1.5	0.014999999	-30.066078	0.12224497	-366.25037	1219.0	1.4887435	1.3415505	4.5276713e-05	149.0	0.0102925915	12.970655	0.16801529	0.0014870059	-0.87679666	0.0104625	0.14324237	-9.433989e-05	0.031654675	198.91048	-356.6938	1.7847834	-357.43143	1.7464787	124.0	20791.93
125	10080000	1.5	0.014999999	-28.557873	0.199745	-361.9285	1219.0	1.044825	1.2473321	5.0918385e-05	80.0	-0.018748274	12.968675	0.14331383	0.02160296	-0.89502996	0.1884125	-0.26523826	0.01792947	0.025543293	194.89577	-351.83054	1.998658	-352.50058	1.9818088	125.0	20956.451
126	10160000	1.5	0.014999999	-32.727844	0.11915127	-359.01254	1219.0	0.90946877	1.4109104	3.365919e-05	149.0	-0.002972293	12.966862	0.1059345	0.000857852	-0.9085854	0.005875	-0.041879747	-0.00017720506	0.014030289	190.85934	-349.6271	2.0168996	-350.70288	1.83078	126.0	21127.111
127	10240000	1.5	0.014999999	-26.877512	0.16864063	-360.05664	1219.0	1.5585481	1.325834	3.6936155e-05	40.0	0.00477589	12.97112	0.21787691	0.016055362	-0.929905	0.15005	0.06655484	0.012773975	0.052271716	161.84488	-351.0653	1.8394222	-351.6445	1.7682537	127.0	21288.623
128	10320000	1.5	0.014999999	-31.65699	0.19635387	-356.38065	1219.0	0.867077	1.3706564	3.317424e-05	149.0	-0.021919368	12.965029	0.10122242	0.0011493636	-0.93707365	0.011025	-0.30696532	-2.3077202e-05	0.027908023	191.0878	-351.3374	1.5891589	-351.63586	1.6183932	128.0	21459.209
129	10400000	1.5	0.014999999	-28.25141	0.09703573	-356.6951	1219.0	0.86863387	1.4892274	2.5948835e-05	42.0	0.0044505815	12.963098	0.117249295	0.018422876	-0.9458265	0.1455	0.06187155	0.018082796	0.0105236145	173.1686	-354.24286	1.6239655	-353.34152	1.5718426	129.0	21620.857
130	10480000	1.5	0.014999999	-24.962502	0.2007875	-360.41904	1219.0	1.406194	1.5396535	3.6676753e-05	149.0	-0.002502657	12.963279	0.22672261	0.002905244	-0.9767494	0.0346625	-0.036215153	0.00049201335	0.060967956	244.32733	-354.00906	1.4614872	-354.53397	1.4450059	130.0	21792.436
131	10560000	1.5	0.014999999	-31.858324	0.22305986	-366.93506	1219.0	1.4518464	1.7280973	5.0922863e-05	28.0	0.004236987	12.962584	0.24023758	0.02635364	-0.9751702	0.1568125	0.050971452	0.022461854	0.05273238	225.4603	-350.24072	1.3649613	-350.29535	1.3297627	131.0	21953.55
132	10640000	1.5	0.014999999	-28.13251	0.2300875	-353.8247	1219.0	1.1144625	1.6472428	4.0957464e-05	66.0	-0.021667544	12.961331	0.16654536	0.016465925	-0.9781457	0.1764	-0.30405587	0.014795879	0.047429465	195.23628	-353.6938	1.0847491	-356.43616	1.0539675	132.0	22116.4
133	10720000	1.5	0.014999999	-27.70246	0.1858776	-355.47696	1219.0	1.0259329	1.5521771	2.2083004e-05	25.0	-0.01629205	12.959863	0.12827891	0.019834682	-0.97398674	0.146875	-0.2290052	0.017816784	0.0180809	192.95235	-349.48578	1.18232	-351.73337	1.0776007	133.0	22275.6
134	10800000	1.5	0.014999999	-31.720352	0.1193687	-362.17612	1219.0	0.9136029	2.012557	3.6373927e-05	149.0	0.0026519913	12.958062	0.13194957	0.003614352	-0.98308283	0.0384875	0.036580212	0.0015572916	0.02865415	208.7994	-355.54926	1.2123388	-353.88855	1.1779447	134.0	22446.564
135	10880000	1.5	0.014999999	-29.739323	0.13598904	-359.4415	1219.0	0.91757053	1.8174518	2.9459645e-05	75.0	-0.0033248237	12.956277	0.12224624	0.01807923	-0.99347675	0.1602875	-0.047379293	0.014152283	0.01692771	184.95	-345.12302	1.9086604	-348.74005	1.7898362	135.0	22611.508
136	10960000	1.5	0.014999999	-28.893196	0.1369649	-347.35654	1219.0	2.6557379	1.1851883	2.6322756e-05	12.0	0.013317381	13.072883	0.21762007	0.031170327	-0.9968415	0.1947625	0.18217923	0.026251193	0.080179736	182.67828	-349.58487	1.2484592	-352.08646	1.1929344	136.0	22769.521
137	11040000	1.5	0.014999999	-28.952887	0.23344961	-351.40668	1219.0	1.1127062	1.8534851	2.0693953e-05	149.0	-0.033576757	12.958407	0.088945225	0.0022554982	-1.0076848	0.0253	-0.47001046	-3.9748476e-05	0.045235526	173.29291	-347.98502	1.3168861	-348.44153	1.3102808	137.0	22939.094
138	11120000	1.5	0.014999999	-26.176977	0.09639298	-351.96924	1219.0	1.0028049	1.8483025	2.8872508e-05	86.0	-0.0029464455	12.956871	0.08473861	0.015740788	-1.0165931	0.143175	-0.041967172	0.0144185	0.004550787	204.52934	-346.00583	1.8437004	-347.7031	1.6867497	138.0	23106.078
139	11200000	1.5	0.014999999	-30.120413	0.09215908	-354.23755	1219.0	0.96869385	1.0844696	2.2432232e-05	79.0	-0.002364915	12.955234	0.08191463	0.025734661	-1.0320674	0.181075	-0.03515884	0.0231927	0.0042691515	200.45604	-356.66135	1.2197747	-356.38632	1.1682031	139.0	23270.824
140	11280000	1.5	0.014999999	-28.093906	0.084860116	-363.31982	1219.0	0.94126856	0.9749796	4.1606912e-05	116.0	-0.00052527053	12.953515	0.083206095	0.015603819	-1.0373133	0.12655	-0.007834819	0.01162259	0.009932138	263.21942	-357.07034	1.4749416	-355.77142	1.4350109	140.0	23438.188
141	11360000	1.5	0.014999999	-29.364637	0.07322313	-353.96002	1219.0	1.1214468	1.3253186	3.732529e-05	149.0	0.0053271237	12.952506	0.09703037	0.0018066351	-1.0497702	0.0207	0.07372703	0.00030528684	0.005296705	200.63432	-357.23438	1.2633458	-356.2384	1.235865	141.0	23609.834
142	11440000	1.5	0.014999999	-29.28799	0.092081465	-354.64938	1219.0	1.1475028	1.5868183	2.170067e-05	18.0	0.0012216188	12.951244	0.097669	0.020372024	-1.0476159	0.1451	0.015348523	0.016614886	0.0034924445	179.51393	-358.58292	1.0145146	-358.05814	1.0407369	142.0	23768.92
143	11520000	1.5	0.014999999	-28.305763	0.107681386	-362.995	1219.0	0.86966056	1.9446739	3.9710925e-05	149.0	-0.0060893325	12.949287	0.08257513	0.0013876007	-1.0439903	0.0179625	-0.08562527	0.0003288743	0.008937986	217.04968	-352.11005	1.100132	-354.29694	1.0056012	143.0	23940.541
144	11600000	1.5	0.014999999	-27.861324	0.08781657	-353.44455	1219.0	1.1974689	1.710474	4.4017852e-05	2.0	0.0028975462	12.948648	0.10853187	0.015607733	-1.0443441	0.1195625	0.040343992	0.010825594	0.011664795	184.28928	-352.73093	1.2839444	-353.32416	1.2522075	144.0	24099.557
145	11680000	1.5	0.014999999	-31.34376	0.11287749	-352.7865	1219.0	1.0915401	1.9329494	1.84361e-05	149.0	-0.005380218	12.947051	0.09137983	0.0038005826	-1.0486249	0.0420375	-0.07532157	0.001979326	0.006733021	185.9263	-347.88138	1.4049253	-350.49808	1.3438429	145.0	24273.473
146	11760000	1.5	0.014999999	-27.975756	0.09009365	-353.4111	1219.0	1.7069923	1.9266106	2.9114826e-05	38.0	0.012007122	12.966314	0.1404672	0.016976355	-1.0541288	0.1346875	0.16721663	0.016088074	0.018107854	160.12291	-345.21243	1.5223364	-348.2416	1.4594731	146.0	24438.326
147	11840000	1.5	0.014999999	-30.523806	0.14236854	-349.876	1219.0	1.2636188	1.6187832	2.204814e-05	149.0	-0.0098002	12.946828	0.10069915	0.006464682	-1.0514306	0.070025	-0.13663128	0.00488052	0.017080974	169.29808	-346.67606	1.454111	-349.13327	1.3556123	147.0	24615.863
148	11920000	1.5	0.014999999	-25.885422	0.10036021	-351.39136	1219.0	1.5193987	1.7995052	3.0464686e-05	50.0	0.0056581046	12.94707	0.12544848	0.015807586	-1.0593292	0.1314625	0.077389754	0.013372569	0.0100906985	225.75357	-354.69263	1.0407144	-354.34277	0.988681	148.0	24781.668
149	12000000	1.5	0.014999999	-29.2879	0.1180053	-355.16205	1219.0	1.2389266	2.0063515	3.1593107e-05	149.0	-0.0035614688	12.945978	0.10189614	0.0008220623	-1.052107	0.0045875	-0.04995778	-0.0005280782	0.009576589	182.92395	-348.32385	1.245132	-350.0433	1.1706696	149.0	24954.666
