Epoch	TotalEnvInteracts	worker/CostLimit	worker/noise	learner/VVals	learner/CostVVals	worker/EpRet	worker/EpLen	worker/EpCost	learner/LossQ	learner/LossQC	learner/StopIter	learner/LossPi	learner/Lagrangian	learner/QcRet	learner/KL	learner/Entropy	learner/ClipFrac	learner/LossQcPenalty	learner/LossVallina	learner/LossKLAdv	learner/LossVC	learner/LossV	Eval/NaturalReward	Eval/NaturalCost	Eval/AdvUniformReward	Eval/AdvUniformCost	worker/Epoch	worker/Time
0	80000	1.5	0.0	0.044043947	-0.025230868	-1880.5641	1219.0	467.7595	2.2547498	0.007139218	5.0	9.433152	48.189274	36.613464	0.020056048	0.9164323	0.2984375	463.8225	-0.002936718	1.5654826e-06	1391.1873	21004.785	-1672.9784	466.3335	-1673.0405	466.33276	0.0	44.543938
1	160000	1.5	0.0	-60.228973	39.527687	-1689.8718	1219.0	463.02026	1.076251	0.0014815283	6.0	-0.093414605	48.63108	39.343857	0.02069567	0.9158373	0.30345	-4.702718	-0.00027201956	7.818867e-06	8.852861	5699.0083	-1463.6641	461.24658	-1463.6912	461.24435	1.0	89.33593
2	240000	1.5	0.0023027735	-126.65945	39.182304	-1500.7554	1219.0	457.54593	0.9289913	0.00084395905	5.0	-0.10416338	49.440308	39.09988	0.015677312	0.915987	0.23855	-5.387732	-0.0023682911	1.4600408e-05	3.5915816	406.8086	-1284.6414	455.11597	-1284.5878	455.11835	2.0	133.82576
3	320000	1.5	0.004252031	-120.0421	39.00495	-1331.9365	1219.0	450.2071	0.8843256	0.0006047885	5.0	-0.1967299	50.04965	38.66461	0.015058084	0.9157554	0.24585	-10.197725	-0.005439314	2.1645075e-05	3.9673824	354.91205	-1102.0674	444.38116	-1102.069	444.39362	3.0	178.31003
4	400000	1.5	0.0059020403	-107.439285	38.56453	-1181.8309	1219.0	440.9465	0.7943317	0.00049106404	5.0	-0.27126667	50.442398	37.985493	0.015070669	0.9152993	0.2468375	-14.164069	-0.010435742	2.7385455e-05	5.4024744	284.52094	-919.5226	427.81525	-919.7372	427.82074	4.0	222.85573
5	480000	1.5	0.0072987443	-95.038574	37.8199	-1027.2179	1219.0	427.70734	0.8001297	0.0003928356	6.0	-0.36226898	50.393993	36.928146	0.020002268	0.914502	0.3172375	-18.852587	-0.010251184	3.0116653e-05	7.7675977	262.14194	-712.5076	396.67154	-712.6032	396.71912	5.0	267.64642
6	560000	1.5	0.008481027	-82.26363	36.5812	-873.33307	1219.0	407.64587	0.703465	0.00032455038	6.0	-0.46804667	49.593105	35.34395	0.016981231	0.91354465	0.2658625	-24.031483	-0.01209017	2.7426096e-05	12.652365	242.52057	-539.8768	334.73578	-539.7351	334.58804	6.0	312.47733
7	640000	1.5	0.009481809	-69.8034	34.821514	-742.22595	1219.0	381.72287	0.6574162	0.00027752924	8.0	-0.5732636	48.133846	33.165318	0.018537771	0.9120055	0.297525	-28.633972	-0.011822779	1.8337023e-05	17.423012	190.31177	-405.3375	165.7995	-405.33884	165.73232	7.0	357.68344
8	720000	1.5	0.010328949	-58.759556	31.979582	-617.74805	1219.0	338.09818	0.58873314	0.00020965244	13.0	-0.7732569	44.787148	29.499046	0.016286878	0.90618235	0.2368125	-35.784023	-0.014336043	5.9212593e-06	24.905504	142.9357	-285.4728	40.899986	-285.55566	40.901173	8.0	403.80316
9	800000	1.5	0.011046043	-48.364956	26.892235	-517.6672	1219.0	264.92566	0.47416878	0.00017376823	129.0	-1.0383375	38.283146	23.237919	0.015037703	0.82329744	0.12235	-41.102917	-0.014401691	2.131791e-08	31.276829	74.36507	-77.48503	296.81757	-77.646484	296.68372	9.0	473.23254
10	880000	1.5	0.01165305	-40.11806	17.670765	-424.2783	1219.0	139.51576	0.35173884	0.00021489777	149.0	-1.4453461	26.237091	12.124589	0.006689856	0.7413874	0.0639	-39.49579	-0.0088331355	2.7009173e-10	39.74995	46.16047	-26.582693	337.49878	-26.393566	337.45584	10.0	546.9905
11	960000	1.5	0.012166867	-34.659817	10.792043	-395.1986	1219.0	113.78129	0.311525	0.000300927	149.0	-0.3719547	24.054836	9.3686495	0.006433001	0.66234833	0.060175	-9.391325	-0.007974138	2.6026917e-11	8.598679	19.555637	-8.726729	332.431	-9.07963	332.43387	11.0	620.7225
12	1040000	1.5	0.012601807	-31.721682	7.4900117	-366.00992	1219.0	81.3491	0.27197236	0.000366703	149.0	-0.26149324	21.094545	6.453251	0.0063884296	0.5847066	0.0579375	-5.832092	-0.008173919	5.8329045e-12	6.1343946	15.147048	-7.0640273	332.55392	-7.0147405	332.55844	12.0	694.4972
13	1120000	1.5	0.012969971	-29.532896	5.286674	-342.77515	1219.0	63.530365	0.2503151	0.00020614969	149.0	-0.0710802	19.481153	4.967326	0.005721765	0.50782055	0.056025	-1.5015439	-0.00768602	9.1531956e-12	4.2990375	13.496636	-6.6835837	332.58823	-6.6441216	332.59406	13.0	768.5206
14	1200000	1.5	0.0132816145	-27.54038	3.9414165	-321.49457	1219.0	48.513275	0.2124284	8.0432554e-05	149.0	-0.016558204	18.136135	3.8445802	0.0062731947	0.43156534	0.0566625	-0.34238118	-0.0078062317	1.3110488e-12	3.6125348	10.691145	-5.002488	332.74466	-4.95247	332.75027	14.0	842.35565
15	1280000	1.5	0.013545423	-25.81178	3.0785406	-298.43997	1219.0	38.83599	0.18942164	5.3636042e-05	149.0	0.027720716	17.277071	3.1846128	0.004036997	0.3670802	0.0398625	0.4940749	-0.0069023413	4.8058963e-11	4.095031	10.697276	-6.44863	332.61057	-6.4677753	332.6085	15.0	916.1337
16	1360000	1.5	0.013768726	-24.021694	2.9107394	-281.59247	1219.0	37.065887	0.17344604	4.1274103e-05	149.0	0.083009735	17.21711	3.2482462	0.0022042226	0.32224676	0.01965	1.5064774	-0.0044633327	8.8651905e-07	4.28707	8.842529	-84.793785	298.15942	-85.53141	297.66565	16.0	991.87384
17	1440000	1.5	0.013957752	-22.682804	3.1102726	-274.82336	1219.0	35.705994	0.17144004	3.9550236e-05	51.0	0.052303378	17.16196	3.3215804	0.02289862	0.30522487	0.047225	0.9234226	0.009985555	9.4696305e-05	3.595443	7.1405907	-247.07492	154.64035	-246.67096	154.3402	17.0	1045.894
18	1520000	1.5	0.014117749	-22.170895	3.3193567	-280.5786	1219.0	34.214577	0.18115112	3.376903e-05	2.0	0.010528932	17.11295	3.360375	0.024487652	0.30457595	0.047675	0.15069485	0.02506277	0.00020676471	2.5602708	8.875451	-268.41388	119.49341	-269.37912	118.619995	18.0	1089.8113
19	1600000	1.5	0.014253196	-22.65316	3.3277683	-292.44193	1219.0	30.21955	0.20474355	3.010403e-05	1.0	-0.056435023	16.807255	3.0899754	0.015772182	0.30429223	0.047825	-1.0386133	0.02811189	0.00024212508	2.170747	14.496816	-291.51376	91.63034	-290.17532	91.85714	19.0	1133.5627
20	1680000	1.5	0.014367847	-23.66315	3.018658	-302.44122	1219.0	25.906921	0.22535595	2.5953466e-05	1.0	-0.075552545	16.45153	2.7077284	0.028287988	0.3040242	0.062675	-1.368848	0.04147461	0.000319034	1.7433012	18.049662	-317.62628	59.100876	-317.1269	59.01914	20.0	1177.3239
21	1760000	1.5	0.014464887	-24.560087	2.6783915	-316.30222	1219.0	21.838034	0.25063077	3.31562e-05	1.0	-0.10874847	16.115314	2.227514	0.036768384	0.3037686	0.0735875	-1.9305515	0.05724323	0.0004144651	2.078976	29.00794	-348.13092	29.200134	-348.46158	29.071915	21.0	1221.1311
22	1840000	1.5	0.014547037	-25.751305	2.1888552	-335.98148	1219.0	16.651007	0.27414265	4.3147917e-05	2.0	-0.14229041	15.646962	1.5976765	0.017370913	0.3033128	0.0618875	-2.3452075	0.035812784	0.0004516407	2.4674747	45.863873	-363.9665	15.416172	-363.1555	15.492188	22.0	1265.1
23	1920000	1.5	0.014616577	-27.335312	1.5709653	-348.65442	1219.0	13.247589	0.28236964	3.4999313e-05	149.0	-0.08456587	15.346907	1.2277224	0.003281515	0.2625461	0.0378	-1.4027455	-0.0024175968	0.00027954904	1.0275159	53.84035	-312.6275	47.304462	-312.65262	46.57487	23.0	1339.0883
24	2000000	1.5	0.014675439	-28.245403	1.0143175	-340.80966	1219.0	9.667336	0.2661668	3.2164284e-05	149.0	-0.022097336	15.014705	0.939127	0.002275843	0.23028374	0.017525	-0.36674297	0.0009997849	0.00024706475	0.30088198	67.0694	-309.63605	60.027496	-310.21536	59.06945	24.0	1413.0121
25	2080000	1.5	0.014725265	-27.840322	0.8675271	-340.4366	1219.0	7.614106	0.26304403	1.640073e-05	149.0	-0.03124647	14.831285	0.75186634	0.002829971	0.21375605	0.0321125	-0.5079493	0.0028215214	0.00019275399	0.20082079	72.16838	-312.5226	58.783356	-311.99298	58.774784	25.0	1486.9475
26	2160000	1.5	0.014767439	-27.901443	0.7037092	-348.15405	1219.0	4.9572043	0.25064406	1.6346114e-05	149.0	-0.056040894	14.578924	0.48067647	0.0036171037	0.20452523	0.0446	-0.8903754	0.006028649	0.00017177813	0.33400807	75.538635	-317.55078	57.842995	-317.8313	57.60718	26.0	1560.9207
27	2240000	1.5	0.014803143	-28.672188	0.43607163	-358.38965	1219.0	2.41124	0.2631114	1.3531235e-05	149.0	-0.055366825	14.331036	0.20824124	0.0018169205	0.19240475	0.0268875	-0.85992247	0.0030403822	0.00017300528	0.28593078	88.220634	-323.52362	52.577255	-323.9966	52.435516	27.0	1635.0195
28	2320000	1.5	0.014833362	-29.455162	0.18085253	-363.13312	1219.0	1.5190845	0.28002334	1.3262344e-05	149.0	-0.014516855	14.24331	0.12476995	0.0013076001	0.17863154	0.0132125	-0.22775938	0.0011799939	0.00017670677	0.030387014	97.936	-324.8864	54.86388	-324.18887	54.60101	28.0	1709.1273
29	2400000	1.5	0.014858946	-29.842154	0.11443533	-367.66553	1219.0	1.430603	0.2748507	1.5985932e-05	149.0	-0.0009895512	14.243053	0.11555877	0.00086684455	0.16331935	0.0042375	-0.018409036	-0.0003224843	0.00015609003	0.022674756	103.92932	-316.7659	67.54371	-317.037	67.07267	29.0	1783.3417
30	2480000	1.5	0.0148806	-30.173494	0.11318901	-367.738	1219.0	1.335216	0.25470498	2.7024274e-05	149.0	-0.002276971	14.242506	0.1085556	0.0008595849	0.15093362	0.0066	-0.03708275	-0.00068553345	0.00015300213	0.021228714	115.3506	-304.7224	86.2963	-305.11932	85.76283	30.0	1857.4716
31	2560000	1.5	0.014898927	-30.068419	0.1164027	-364.6064	1219.0	1.4974146	0.2591659	1.653129e-05	149.0	0.00033901812	14.242589	0.12176424	0.0009810115	0.13895512	0.0043375	0.0012804599	0.0006868058	0.00014993946	0.017921872	114.59518	-313.164	71.395645	-313.68985	70.534195	31.0	1931.5087
32	2640000	1.5	0.014914451	-29.944818	0.113039516	-366.32672	1219.0	1.3312606	0.25655007	2.0752024e-05	149.0	-0.0019253192	14.241864	0.10880369	0.00068898615	0.12500262	0.0043	-0.031759143	-0.0009906768	0.00015622568	0.021070467	113.840065	-314.2837	74.48964	-314.1695	74.32724	32.0	2005.7139
33	2720000	1.5	0.01492758	-30.084446	0.12285282	-361.23236	1219.0	1.3950036	0.24466689	1.5047233e-05	149.0	-0.0027862648	14.2415495	0.11439097	0.0020063852	0.10470986	0.0183125	-0.04881535	0.0011657568	0.00016994402	0.015548204	115.04179	-323.15195	63.38766	-323.46634	63.274387	33.0	2079.8176
34	2800000	1.5	0.014938699	-29.713388	0.102178946	-368.62546	1219.0	1.3917373	0.2587448	2.4111476e-05	149.0	0.0021509707	14.241099	0.11410532	0.000919028	0.09731555	0.006775	0.03081314	-0.0015691095	0.00016191583	0.02817319	125.288864	-310.82297	77.72672	-311.06534	77.752365	34.0	2153.9963
35	2880000	1.5	0.014948113	-30.260406	0.124255836	-360.52634	1219.0	1.3422178	0.23741254	1.5838097e-05	149.0	-0.0037414604	14.240565	0.11035863	0.0005881952	0.09408116	0.0043375	-0.060136925	-0.00011563145	0.00016715824	0.014342188	117.76222	-307.61887	85.062996	-307.65405	84.63742	35.0	2228.3877
36	2960000	1.5	0.014956073	-29.64839	0.11343397	-361.66156	1219.0	1.5242466	0.24569046	1.3546322e-05	149.0	0.0023196605	14.240939	0.1253129	0.002018238	0.07623279	0.0187375	0.029237494	0.00095931016	0.00019674198	0.017207282	117.73345	-322.32358	70.10642	-322.22928	70.41392	36.0	2302.6724
37	3040000	1.5	0.01496282	-29.705637	0.119660705	-365.7858	1219.0	1.3141874	0.25344664	2.4019242e-05	149.0	-0.003172882	14.239954	0.108048655	0.0010976419	0.056340575	0.0063125	-0.05312836	0.00052573805	0.00020269094	0.025769431	126.17289	-325.46625	66.327805	-325.5553	65.70284	37.0	2376.814
38	3120000	1.5	0.0149685275	-29.903719	0.106765136	-368.75287	1219.0	1.507211	0.24769104	2.8446093e-05	149.0	0.0043468736	14.240097	0.12530763	0.0011458632	0.052101497	0.01125	0.062722474	-0.0005314452	0.00017538099	0.03595093	126.78168	-310.0895	80.73543	-310.62473	80.32409	38.0	2451.0657
39	3200000	1.5	0.014973358	-30.62756	0.11583228	-361.09912	1219.0	1.3185931	0.24447536	2.4764106e-05	149.0	-0.001479117	14.239304	0.10912854	0.00042978095	0.033198476	0.0008625	-0.025633648	-0.000325503	0.0001905606	0.018545551	114.746376	-311.21054	81.69367	-311.60516	81.67536	39.0	2525.0952
40	3280000	1.5	0.014977453	-29.9077	0.11088069	-361.15674	1219.0	1.2068146	0.24952884	1.788807e-05	149.0	-0.0025243177	14.238369	0.10064118	0.001652395	0.008131862	0.0129625	-0.04346365	0.00049715844	0.00019559257	0.014914807	111.04609	-316.12854	76.796135	-316.1062	76.43111	40.0	2599.1267
41	3360000	1.5	0.014980911	-29.551937	0.103606604	-366.58878	1219.0	1.4079462	0.24617143	2.3403813e-05	149.0	0.0036843277	14.238234	0.1196287	0.0006329123	0.0008625984	0.003225	0.05284881	-0.00014698516	0.00017337663	0.029458148	121.51347	-309.54126	78.43548	-310.02255	78.03567	41.0	2673.4402
42	3440000	1.5	0.014983846	-30.078243	0.11503173	-363.3272	1219.0	1.2497411	0.24896269	2.3672936e-05	149.0	-0.0017047377	14.2372265	0.10725353	0.0012793102	-0.012984754	0.0123375	-0.029284528	-0.000749259	0.0001520154	0.019986596	116.57781	-291.8856	93.87011	-292.60193	93.571686	42.0	2747.498
43	3520000	1.5	0.014986322	-31.056475	0.09400648	-354.0228	1219.0	1.6223574	0.22334377	1.9352312e-05	149.0	0.009561679	14.247667	0.13412268	0.0010308072	-0.017595768	0.011075	0.14106682	0.00065590296	0.00017575012	0.050062988	112.6578	-301.44098	89.44442	-301.54034	89.17914	43.0	2821.7664
44	3600000	1.5	0.0149884205	-28.53567	0.12101886	-361.45578	1219.0	1.2599851	0.23192659	1.6029746e-05	149.0	-0.0036475614	14.236742	0.105734974	0.0019642457	-0.040539503	0.0210125	-0.061929096	0.0009440388	0.00018088393	0.023582498	109.4339	-314.25705	78.30554	-314.11218	78.48635	44.0	2895.8613
45	3680000	1.5	0.0149901975	-29.313524	0.10147312	-365.23645	1219.0	1.3879412	0.23215346	2.2176582e-05	149.0	0.004480565	14.236467	0.120433934	0.000810292	-0.056371447	0.005025	0.06480044	4.574547e-05	0.00017113645	0.027838657	123.68195	-311.05542	79.01578	-311.20547	78.22145	45.0	2970.0845
46	3760000	1.5	0.0149917025	-29.697071	0.120683216	-364.24536	1219.0	1.3267021	0.23038507	1.8665261e-05	149.0	-3.5636185e-06	14.235762	0.120129846	0.0024166352	-0.08123386	0.022275	-0.004308717	-0.0003077511	0.00014601741	0.024429707	126.20821	-297.59344	90.04859	-297.58032	89.85807	46.0	3044.3074
47	3840000	1.5	0.014992981	-32.02216	0.09159081	-354.71353	1219.0	1.2360228	0.22473335	1.588312e-05	149.0	0.0032331222	14.234914	0.10484657	0.002733361	-0.11104596	0.0272875	0.044805307	7.962636e-05	0.00016365721	0.022987079	129.75851	-300.8938	88.28792	-300.96744	88.513794	47.0	3118.622
48	3920000	1.5	0.014994055	-28.926662	0.10387489	-358.41556	1219.0	1.1796432	0.2091969	2.9091103e-05	149.0	-7.660875e-05	14.233898	0.10336093	0.0024570944	-0.14269817	0.02285	-0.0060090497	-0.00016532573	0.00015139203	0.017054519	123.5721	-307.4306	81.34642	-307.68607	80.84609	48.0	3192.8252
49	4000000	1.5	0.014994966	-29.278656	0.106932715	-361.50366	1219.0	1.2569281	0.22350974	2.4302813e-05	149.0	0.002806888	14.233189	0.11886042	0.0012182514	-0.15757966	0.0072625	0.04013157	-0.00039383888	0.000148644	0.020959849	138.77798	-298.632	89.53901	-298.23557	89.50521	49.0	3267.0007
50	4080000	1.5	0.01499574	-31.31694	0.09836061	-355.3643	1219.0	1.1428319	0.20833373	1.4087842e-05	149.0	0.0013023209	14.231988	0.10411791	0.00092035666	-0.17749318	0.0045125	0.017026626	-0.0003642066	0.00016428396	0.013839294	131.06264	-300.3013	89.28036	-300.57797	88.72575	50.0	3341.291
51	4160000	1.5	0.0149963945	-30.155525	0.108556174	-352.50723	1219.0	1.4189137	0.23269543	1.1972825e-05	28.0	0.0032842115	14.231953	0.12268303	0.020695379	-0.1791996	0.1259125	0.0368382	0.021538876	0.00022000342	0.023544852	121.41865	-328.68124	71.244545	-329.06186	70.976814	51.0	3390.5557
52	4240000	1.5	0.014996949	-25.44165	0.14541861	-376.90692	1219.0	2.886708	0.23330243	3.7664013e-05	149.0	0.040890317	14.371452	0.31892905	0.0016761328	-0.17261657	0.01955	0.62101525	0.00086944096	0.0002155736	0.20516452	273.0771	-330.49454	68.1296	-330.54706	67.50182	52.0	3464.838
53	4320000	1.5	0.014997421	-30.163921	0.33603415	-374.77118	1219.0	2.6319478	0.20720968	4.248009e-05	3.0	0.0043195235	14.348193	0.35436866	0.017361835	-0.17267346	0.116575	0.050176397	0.016211059	0.00016693783	0.07347471	177.30637	-307.84467	80.258835	-308.01706	80.15082	53.0	3509.115
54	4400000	1.5	0.014997812	-33.92732	0.19376275	-353.33978	1219.0	1.0890306	0.21740761	1.36995195e-05	149.0	-0.02023299	14.237705	0.107537985	0.0046720826	-0.22076344	0.04675	-0.31564584	0.0005790416	0.00014851312	0.052803334	194.92273	-289.48178	93.20729	-289.53763	92.97392	54.0	3583.278
55	4480000	1.5	0.014998151	-30.939463	0.09816219	-347.02393	1219.0	1.5188483	0.19650438	1.0495749e-05	149.0	0.0065726168	14.238115	0.1262289	0.0008577714	-0.21898887	0.00645	0.09704791	-3.5416604e-05	0.00014661581	0.031928543	140.23122	-287.62177	97.68397	-289.00943	96.61635	55.0	3657.476
56	4560000	1.5	0.014998434	-29.293976	0.13582864	-347.95126	1219.0	1.6570014	0.2048519	9.480657e-06	149.0	0.0002390244	14.251413	0.13669732	0.0017518313	-0.24304628	0.01465	-0.00034401473	0.0001553917	0.00014233048	0.035741553	129.30322	-288.83228	93.815186	-288.45444	93.39345	56.0	3731.7317
57	4640000	1.5	0.0149986725	-27.966965	0.12805651	-351.87473	1219.0	1.2034172	0.18893349	1.4307394e-05	149.0	-0.005404981	14.2371435	0.104948685	0.0021055045	-0.23370029	0.0351375	-0.088582374	0.0015620348	0.00015371677	0.025768884	148.36246	-299.79282	87.5111	-299.31256	87.25813	57.0	3805.98
58	4720000	1.5	0.014998881	-27.513798	0.10777078	-358.5533	1219.0	1.1293555	0.20661616	1.5975427e-05	149.0	0.0047146636	14.23598	0.12771629	0.0006928877	-0.2438307	0.0044	0.06839114	3.606148e-05	0.00014996208	0.025363797	162.72842	-293.9857	93.455635	-294.41827	92.895706	58.0	3880.243
59	4800000	1.5	0.014999048	-30.343105	0.113758765	-355.5791	1219.0	1.0074555	0.21680474	1.6812497e-05	149.0	0.00073077384	14.234457	0.11663047	0.0017129846	-0.27245763	0.0126125	0.0071849586	0.0001917595	0.00016036682	0.014124387	147.3505	-293.70258	93.73856	-294.0673	93.43051	59.0	3954.5815
60	4880000	1.5	0.014999196	-30.315104	0.109008946	-353.41043	1219.0	1.046154	0.20464082	1.2503891e-05	149.0	0.00040999026	14.233086	0.11091891	0.0019585514	-0.3045855	0.0152	0.0031486196	-0.00041891795	0.00014208439	0.014108919	151.3334	-291.29816	93.92552	-290.54306	94.99232	60.0	4028.9282
61	4960000	1.5	0.014999316	-29.810919	0.114786536	-352.083	1219.0	1.104796	0.19592129	1.1576054e-05	149.0	-0.0006670612	14.23187	0.11216321	0.001372963	-0.3357921	0.0099375	-0.012707504	-0.00042426557	0.00014625737	0.013167625	164.75755	-297.1901	91.352425	-298.0611	90.86113	61.0	4103.2314
62	5040000	1.5	0.014999421	-29.957403	0.1113331	-350.8213	1219.0	1.1593401	0.20628504	1.0403225e-05	14.0	-0.00047801033	14.230789	0.109723	0.017931927	-0.33414888	0.1184125	-0.0128823565	0.018777603	0.00017622068	0.012469478	159.45973	-318.43246	79.65725	-318.16797	79.81172	62.0	4149.733
63	5120000	1.5	0.01499951	-24.763506	0.2146491	-371.82657	1219.0	2.266521	0.20925204	3.2621516e-05	149.0	0.03071411	14.307241	0.34546527	0.007642797	-0.358932	0.0369125	0.4554672	0.0036457093	0.00016818383	0.12618749	293.1017	-299.2854	92.59329	-300.1904	91.99726	63.0	4223.9224
64	5200000	1.5	0.014999585	-31.524782	0.32323405	-368.2497	1219.0	1.9955643	0.20667033	2.5348965e-05	8.0	0.0022840772	14.280862	0.33351257	0.017284464	-0.36168522	0.1063375	0.021978669	0.01378237	0.00013947529	0.045239974	216.70094	-277.73178	103.853386	-278.075	104.39319	64.0	4269.1416
65	5280000	1.5	0.014999655	-31.893019	0.17907082	-347.68137	1219.0	1.5759166	0.21588346	1.4093568e-05	149.0	-0.008186319	14.23969	0.14554213	0.0014672858	-0.38929674	0.011275	-0.12851158	0.00040558891	0.00015007277	0.054536395	200.47078	-281.42645	102.384125	-282.25024	101.70352	65.0	4343.163
66	5360000	1.5	0.014999704	-30.464088	0.14944097	-339.2036	1219.0	3.1456332	0.19522373	3.5320692e-05	11.0	0.025171462	14.400623	0.25642577	0.0225731	-0.38924488	0.0976625	0.36193374	0.016958747	0.00016868243	0.12854925	152.90678	-302.66507	93.926544	-302.90433	94.4845	66.0	4389.077
67	5440000	1.5	0.014999748	-25.657001	0.26699024	-359.6957	1219.0	1.2911643	0.20068622	1.9261239e-05	149.0	-0.021828175	14.238595	0.17288482	0.0006544969	-0.37058637	0.0088875	-0.33653793	0.0003259247	0.00015806337	0.08289133	198.67406	-294.5584	102.07233	-294.83905	101.82871	67.0	4463.239
68	5520000	1.5	0.014999791	-30.321281	0.15070228	-356.52945	1219.0	1.3472933	0.20779304	1.6868004e-05	149.0	0.005897646	14.238131	0.17525221	0.00089188584	-0.3849974	0.008675	0.086842924	-0.00021583194	0.00017506923	0.018108979	165.09627	-297.79803	98.48336	-298.329	97.98292	68.0	4537.3804
69	5600000	1.5	0.01499982	-28.986376	0.1717046	-356.12997	1219.0	1.210491	0.20439091	1.26001305e-05	149.0	-0.0010375875	14.237152	0.1670278	0.001608218	-0.40498057	0.0218	-0.020756392	8.129263e-05	0.00015338277	0.01218753	163.9351	-290.4914	101.36553	-291.5537	100.51213	69.0	4613.631
70	5680000	1.5	0.014999851	-29.540154	0.16370545	-354.4067	1219.0	1.3999606	0.2128667	1.54981e-05	149.0	0.0018182	14.236976	0.1716993	0.0008647969	-0.43111366	0.00365	0.024589416	-0.0002501112	0.00015607433	0.01705394	168.63231	-291.19977	100.958954	-291.56616	100.64162	70.0	4687.9224
71	5760000	1.5	0.014999868	-30.66887	0.16045077	-348.01358	1219.0	2.0907574	0.21889658	1.8200231e-05	149.0	0.006276689	14.295054	0.18731624	0.0034371521	-0.45884657	0.035775	0.08976518	0.0008504917	0.0001805094	0.0332771	162.57857	-299.1678	95.57766	-299.31946	95.69598	71.0	4762.3247
72	5840000	1.5	0.014999894	-27.699394	0.20148467	-353.3859	1219.0	1.6201833	0.20424838	1.7802566e-05	149.0	-0.0064191655	14.248317	0.1740528	0.00095550687	-0.47137833	0.0101	-0.10188913	-3.884392e-05	0.00018226939	0.017100818	169.83925	-305.06213	88.20029	-305.66684	88.69672	72.0	4836.446
73	5920000	1.5	0.01499991	-29.316353	0.18465048	-353.3969	1219.0	1.6661793	0.20455873	1.960746e-05	149.0	-0.0011573583	14.253315	0.17936772	0.0017902405	-0.5059652	0.015175	-0.021851212	-7.9556274e-05	0.00019901237	0.010889135	175.51566	-304.8588	87.023155	-306.83127	85.81743	73.0	4910.781
74	6000000	1.5	0.014999923	-29.336025	0.17901975	-351.0816	1219.0	1.8678745	0.21345158	1.4309892e-05	149.0	0.00093451893	14.27435	0.18276238	0.0009619949	-0.53103155	0.005275	0.010511852	-0.00023338175	0.00020525172	0.011059472	173.41737	-307.56656	82.35906	-308.62173	81.476	74.0	4985.0337
75	6080000	1.5	0.014999928	-29.712269	0.19765723	-349.02072	1219.0	2.4520328	0.20907176	1.830793e-05	149.0	0.005125175	14.335003	0.21925308	0.00090369093	-0.54069376	0.0052625	0.07449215	-0.00023734178	0.00021527338	0.018158123	170.70859	-310.08487	78.33208	-310.69254	78.29529	75.0	5059.417
76	6160000	1.5	0.014999942	-28.180094	0.21991448	-349.84076	1219.0	2.3140202	0.21762505	2.4816176e-05	149.0	-0.002747724	14.323173	0.20805325	0.0014367481	-0.56125504	0.0100625	-0.046291847	-0.00019138317	0.00022612946	0.013957059	171.55228	-313.20676	74.55572	-314.4457	73.272156	76.0	5133.875
77	6240000	1.5	0.014999954	-28.58165	0.2184987	-349.65414	1219.0	2.3632376	0.20311761	1.8063869e-05	149.0	-0.0018267187	14.330721	0.21047114	0.00056032	-0.5678678	0.004275	-0.03260724	-0.0001407774	0.0002503106	0.012790479	178.33113	-317.88782	69.34557	-317.91013	70.595474	77.0	5208.0327
78	6320000	1.5	0.014999957	-28.897898	0.22948472	-350.2691	1219.0	2.743928	0.2115418	2.2180562e-05	149.0	0.0039385017	14.372068	0.24574238	0.00056392123	-0.5644751	0.003975	0.055601213	0.00012972375	0.00027178793	0.024400271	181.81525	-319.8615	65.18111	-321.07352	65.30874	78.0	5282.397
79	6400000	1.5	0.01499997	-28.31605	0.24672608	-351.3276	1219.0	2.574317	0.23749974	2.3132341e-05	149.0	-0.00076594535	14.35801	0.24281518	0.0009446329	-0.5456429	0.0063625	-0.01670065	-0.00023187914	0.000279741	0.017553926	182.80345	-320.86325	61.9811	-321.5943	61.38917	79.0	5356.6743
80	6480000	1.5	0.014999973	-27.823853	0.23068227	-351.92606	1219.0	2.1753044	0.23664299	1.7196327e-05	149.0	-0.00276409	14.320641	0.21867344	0.00051937765	-0.5414472	0.0038375	-0.046813417	-0.00024698602	0.00027248077	0.01383503	182.09917	-317.66702	64.41788	-318.49792	64.56743	80.0	5431.31
81	6560000	1.5	0.014999973	-28.509172	0.20212351	-350.1043	1219.0	2.0829918	0.23062682	1.5661853e-05	149.0	-0.0012362157	14.31321	0.19654523	0.00052998925	-0.52279574	0.00445	-0.023171209	-0.00017268372	0.00025017426	0.013719067	175.42247	-315.28622	65.10561	-315.63736	66.02785	81.0	5506.0474
82	6640000	1.5	0.014999983	-28.146147	0.18327849	-348.58035	1219.0	1.9410256	0.22807348	2.261651e-05	149.0	-0.0022078315	14.300456	0.17376994	0.0010384368	-0.4927831	0.0091125	-0.03817645	-0.0003654541	0.0002480717	0.011616721	170.57166	-314.10553	66.1023	-314.95184	64.91317	82.0	5580.325
83	6720000	1.5	0.014999985	-27.452906	0.16795725	-350.72913	1219.0	1.6506841	0.2319886	1.9759795e-05	149.0	-0.0010195848	14.272239	0.16349258	0.0010284221	-0.48914865	0.00895	-0.01936207	-0.00031602575	0.00023051951	0.010213774	172.85086	-310.56335	71.07813	-313.06387	69.02931	83.0	5654.9043
84	6800000	1.5	0.014999987	-28.34214	0.15743652	-350.47275	1219.0	1.5981568	0.22781153	2.0523623e-05	149.0	-7.165046e-05	14.267287	0.15665495	0.0004664543	-0.4917922	0.004625	-0.0052574044	-0.00019023819	0.00024638456	0.009504084	169.12503	-310.828	69.81946	-312.40033	69.94862	84.0	5729.304
85	6880000	1.5	0.014999988	-28.841106	0.1556112	-348.90503	1219.0	1.7468648	0.23851904	1.8300012e-05	149.0	0.0008984791	14.282739	0.15907198	0.0008452326	-0.48027325	0.00805	0.008901111	-0.00019729433	0.00024700133	0.010342103	165.61835	-312.79163	68.87602	-313.98834	69.32815	85.0	5803.6343
86	6960000	1.5	0.014999988	-27.99863	0.15370414	-349.19644	1219.0	1.6652914	0.23885651	1.6717417e-05	149.0	0.0004708824	14.274979	0.15549704	0.0004425385	-0.48610684	0.00425	0.0031819108	-0.00022612666	0.00023937144	0.01045497	160.66492	-312.6451	68.6871	-314.27225	69.0219	86.0	5878.065
87	7040000	1.5	0.014999988	-28.681402	0.16024368	-349.26907	1219.0	1.6888919	0.22957978	2.549552e-05	149.0	-0.00030145113	14.277817	0.15840065	0.0010366568	-0.46574497	0.00795	-0.009525415	-0.0002007145	0.00025960492	0.010349829	164.9327	-314.61212	66.541504	-316.46475	65.08486	87.0	5952.4663
88	7120000	1.5	0.014999988	-27.536354	0.16110222	-351.70312	1219.0	1.4233004	0.24176511	1.8218878e-05	149.0	-0.0017902404	14.2611685	0.15308207	0.00094111584	-0.46018413	0.0082	-0.031302344	-0.00026676626	0.00022475833	0.009752875	169.49734	-309.56995	70.16779	-310.33304	70.13009	88.0	6033.027
89	7200000	1.5	0.014999988	-28.623734	0.1359017	-349.02148	1219.0	1.4527929	0.24684945	2.1233467e-05	149.0	0.00037570373	14.260988	0.13710931	0.0014475711	-0.47038695	0.0164875	0.00085213926	0.0007165088	0.00024360957	0.0091824755	157.7521	-311.12946	70.4454	-312.6473	69.78944	89.0	6120.5894
90	7280000	1.5	0.014999999	-28.62755	0.14808547	-350.87424	1219.0	1.5142169	0.27293682	2.1765802e-05	149.0	0.0013891641	14.260994	0.15353593	0.00067368697	-0.4793568	0.00285	0.017152736	-0.00046547447	0.00022983532	0.009556311	162.20798	-314.48535	66.211624	-316.90933	63.541473	90.0	6207.724
91	7360000	1.5	0.014999999	-28.969038	0.15836559	-351.53168	1219.0	1.5223716	0.25897092	1.816058e-05	149.0	0.0012051594	14.26094	0.16299193	0.0007122407	-0.49230292	0.005825	0.014168347	-0.0003447855	0.00024786912	0.008774353	158.74585	-313.6492	66.56622	-315.40778	65.8645	91.0	6294.6665
92	7440000	1.5	0.014999999	-28.866734	0.16824067	-351.06018	1219.0	1.5934595	0.23412795	2.8485238e-05	149.0	-0.00030484833	14.268141	0.16656405	0.0001941888	-0.50580364	0.0002	-0.008611576	-0.00016870117	0.00024634556	0.009065669	163.09634	-309.93445	68.60128	-311.61304	66.35122	92.0	6380.6978
93	7520000	1.5	0.014999999	-29.372938	0.16507488	-348.09055	1219.0	2.1314952	0.23552999	4.652855e-05	149.0	0.0058433907	14.32339	0.1897053	0.0018707386	-0.5398173	0.0146375	0.08473778	-0.00040675642	0.0002654103	0.01646835	156.65283	-314.48288	65.11727	-315.96326	65.20961	93.0	6467.2617
94	7600000	1.5	0.014999999	-28.634157	0.20324849	-349.67245	1219.0	2.1518273	0.24784224	2.6644902e-05	149.0	-0.0013281184	14.326737	0.19702551	0.0010455443	-0.55967045	0.005725	-0.024605097	-0.00046837883	0.000262055	0.013512406	161.53047	-314.0146	65.78101	-314.5983	65.67524	94.0	6553.4497
95	7680000	1.5	0.014999999	-28.919678	0.20661296	-348.4141	1219.0	2.5759852	0.26540604	3.895089e-05	149.0	0.0047057597	14.372083	0.22575888	0.00028985125	-0.5576758	0.000425	0.0675506	-8.411579e-05	0.0002819743	0.018941047	162.3328	-321.141	61.31112	-321.71265	60.872944	95.0	6639.8184
96	7760000	1.5	0.014999999	-28.125177	0.24946739	-353.62814	1219.0	2.4116354	0.2408977	2.8159338e-05	149.0	0.0017239751	14.358043	0.25605768	0.00053645903	-0.55296046	0.0082375	0.021463778	-7.054863e-05	0.00028963448	0.017542152	173.8598	-317.38013	63.13793	-318.69955	62.501457	96.0	6726.388
97	7840000	1.5	0.014999999	-29.234032	0.24546152	-349.82718	1219.0	2.7492316	0.2663908	2.844368e-05	149.0	0.001922611	14.3952465	0.25308192	0.00084747316	-0.53196245	0.0085875	0.02345634	-8.4657666e-05	0.0003086796	0.021158414	168.37804	-318.00986	60.375965	-319.56735	59.961384	97.0	6812.8877
98	7920000	1.5	0.014999999	-27.261204	0.22262205	-349.77267	1219.0	2.0443363	0.27352017	3.6229125e-05	149.0	-0.006402407	14.327031	0.19522315	0.0008928006	-0.5461788	0.006025	-0.10289359	-0.00031654397	0.00028557188	0.014727824	169.61122	-317.26413	60.13839	-318.25568	60.129177	98.0	6899.4536
99	8000000	1.5	0.014999999	-28.606987	0.19806823	-349.1323	1219.0	2.160222	0.309709	2.6681635e-05	149.0	0.00048794702	14.340445	0.1996915	0.00059474085	-0.5279503	0.0037	0.002412934	-0.00016152744	0.00028587552	0.01530995	168.00656	-318.08466	59.195477	-318.6899	59.4897	99.0	6986.0874
100	8080000	1.5	0.014999999	-27.994125	0.19521661	-349.47568	1219.0	2.0995731	0.27136377	2.6028127e-05	149.0	0.00070617127	14.336057	0.19800667	0.00071747875	-0.5479565	0.004525	0.0060240375	-0.0003303486	0.0002817681	0.015262497	163.87433	-317.69818	60.080708	-318.16867	59.072624	100.0	7072.4854
101	8160000	1.5	0.014999999	-28.89788	0.20443562	-349.4339	1219.0	2.2766888	0.26551828	2.7130794e-05	149.0	0.0008457373	14.355904	0.20752	0.00057581515	-0.5404648	0.0042375	0.007657141	-0.00011170407	0.00029024578	0.01845092	162.3361	-318.24603	58.354057	-319.2231	59.002636	101.0	7158.693
102	8240000	1.5	0.014999999	-28.103006	0.19170932	-349.03513	1219.0	2.0781374	0.28100452	2.4071629e-05	149.0	-0.0005493497	14.337812	0.1888095	0.00060400664	-0.5270209	0.0052	-0.012759275	-0.00035672678	0.00025233265	0.012837343	154.8716	-313.64404	61.226162	-313.99762	59.259956	102.0	7244.898
103	8320000	1.5	0.014999999	-28.181559	0.18225929	-347.52158	1219.0	2.1572287	0.29269153	2.6976526e-05	149.0	0.0013784798	14.347554	0.18786994	0.000981702	-0.50502056	0.00805	0.016729614	-0.00065185945	0.00024492602	0.01589151	151.6263	-311.59354	62.486282	-312.3601	61.876392	103.0	7331.2666
104	8400000	1.5	0.014999999	-27.43165	0.17022677	-346.8823	1219.0	2.0785265	0.29146996	2.621758e-05	149.0	0.002802582	14.341371	0.18170756	0.0029878097	-0.48120356	0.0308875	0.0334307	0.0017677369	0.00025537272	0.026555639	147.81932	-317.58954	59.896576	-317.87094	59.681976	104.0	7417.9185
105	8480000	1.5	0.014999999	-27.74323	0.18452787	-351.20547	1219.0	1.5460615	0.2779516	2.2854752e-05	149.0	-0.0045085074	14.288994	0.1647682	0.0005421966	-0.47558638	0.003525	-0.07253715	-0.0002684699	0.00023150627	0.0121198855	151.21933	-314.01187	63.474525	-314.6888	64.00575	105.0	7492.3003
106	8560000	1.5	0.014999999	-28.537384	0.14658847	-347.5789	1219.0	1.8496785	0.29081836	2.7755592e-05	149.0	0.0044957725	14.32016	0.16549236	0.002098083	-0.49633214	0.02075	0.06341676	0.0006442079	0.00023772678	0.017247198	140.40587	-318.06668	60.154373	-318.82352	59.058693	106.0	7566.71
107	8640000	1.5	0.014999999	-28.460003	0.18762267	-352.36157	1219.0	1.6037035	0.29202428	2.7765676e-05	149.0	-0.0029523526	14.295874	0.17467739	0.0009713382	-0.49542138	0.0059	-0.048781194	-0.0005725583	0.00022472284	0.010671678	154.24457	-312.79752	64.593254	-313.7404	63.872696	107.0	7641.165
108	8720000	1.5	0.014999999	-28.960728	0.16974108	-350.04532	1219.0	1.8556179	0.31005472	3.0535986e-05	149.0	0.0032916584	14.321915	0.18359224	0.00081050384	-0.5069923	0.003875	0.04667198	-0.0006395795	0.00021650072	0.013725726	147.4338	-313.58606	62.926018	-314.01944	62.18681	108.0	7715.559
109	8800000	1.5	0.014999999	-28.248648	0.18315546	-350.25558	1219.0	1.697782	0.30902797	2.5772373e-05	149.0	-0.003591105	14.306639	0.1677338	0.0012609835	-0.5098296	0.0131125	-0.058252998	-0.0002867484	0.00020724516	0.0097301435	149.26276	-314.11273	62.715446	-315.16574	62.35445	109.0	7789.9424
110	8880000	1.5	0.014999999	-28.28919	0.17130637	-351.1056	1219.0	1.7261264	0.30024773	2.6482652e-05	149.0	0.0012565379	14.310058	0.17638482	0.0011000567	-0.519435	0.0067625	0.0154825505	-0.00063697546	0.00021851332	0.009181063	150.05963	-314.26773	62.340282	-315.51892	62.251038	110.0	7864.13
111	8960000	1.5	0.014999999	-29.723534	0.1843259	-347.9646	1219.0	2.4302523	0.29051012	3.515923e-05	149.0	0.0076679774	14.3827505	0.2165894	0.00057316525	-0.5088701	0.0037875	0.1135352	-0.00037128886	0.00025216243	0.022944089	148.76263	-312.66095	60.677692	-314.58707	59.97229	111.0	7938.877
112	9040000	1.5	0.014999999	-27.811571	0.20430808	-347.00238	1219.0	2.2265635	0.30937877	4.049371e-05	149.0	-0.0023245395	14.364075	0.1942222	0.0012954945	-0.53358215	0.00725	-0.04029268	-0.0008360277	0.0002435183	0.019532312	145.28854	-312.4486	60.19314	-313.57343	59.133377	112.0	8013.4497
113	9120000	1.5	0.014999999	-28.787374	0.20110612	-345.73682	1219.0	2.497388	0.30330878	3.5204645e-05	149.0	0.0017273559	14.393892	0.20783167	0.0010734261	-0.5123567	0.01125	0.020827143	-0.00026627895	0.00024848772	0.021081213	141.27466	-317.58908	57.194206	-318.19437	57.161747	113.0	8087.877
114	9200000	1.5	0.014999999	-27.460918	0.20614985	-352.03516	1219.0	1.8168715	0.32744974	3.0809268e-05	149.0	-0.0051729935	14.327474	0.18362826	0.0007731355	-0.5035501	0.005475	-0.08370686	-0.00061762525	0.0002481716	0.01280677	149.89073	-315.4535	56.82459	-316.76215	57.46722	114.0	8162.324
115	9280000	1.5	0.014999999	-28.166779	0.16410217	-349.32645	1219.0	1.791043	0.31273973	3.5440044e-05	149.0	0.0021221635	14.325721	0.17253117	0.0013425688	-0.52509457	0.0103125	0.028098559	-0.0005054818	0.00024367661	0.012852805	140.84401	-317.20392	55.408554	-317.58453	55.075817	115.0	8238.904
116	9360000	1.5	0.014999999	-28.950857	0.18215995	-349.61725	1219.0	1.9186199	0.31937104	4.254205e-05	149.0	0.0010227483	14.33958	0.18621135	0.0007739066	-0.5266561	0.0038625	0.011575659	-0.0006742187	0.0002545651	0.012050215	138.14305	-317.46317	56.613235	-317.9152	56.793606	116.0	8313.37
117	9440000	1.5	0.014999999	-28.681032	0.19374155	-349.42264	1219.0	2.1037893	0.316393	3.9508042e-05	149.0	0.001533679	14.359588	0.19968347	0.0010228073	-0.5011864	0.008375	0.018781489	5.124539e-05	0.00025193967	0.013482596	138.07573	-316.99286	58.139614	-317.70016	57.221237	117.0	8387.956
118	9520000	1.5	0.014999999	-26.927456	0.17682633	-351.06345	1219.0	1.649176	0.32361525	3.2325144e-05	149.0	-0.00042682415	14.31501	0.17485538	0.0007362349	-0.5140939	0.0055875	-0.010272239	-0.00040680123	0.00021139198	0.010979567	137.23727	-315.604	59.585262	-317.20877	58.76578	118.0	8462.6
119	9600000	1.5	0.014999999	-29.876516	0.18202718	-348.20538	1219.0	2.224688	0.3284923	5.2582684e-05	149.0	0.0044995025	14.374324	0.20106064	0.00053804053	-0.52227694	0.0037	0.06487218	-0.0002816046	0.00024521933	0.018519398	135.3027	-314.59195	59.043964	-315.64877	56.98089	119.0	8537.07
120	9680000	1.5	0.014999999	-28.64972	0.20071478	-346.0955	1219.0	2.4890747	0.30958182	6.80081e-05	149.0	0.0024589603	14.40291	0.21066989	0.0025736694	-0.52518946	0.030175	0.03029427	0.0012678296	0.00027363843	0.021114718	129.67317	-321.47327	54.16271	-322.0228	53.390858	120.0	8611.556
121	9760000	1.5	0.014999999	-27.217356	0.215676	-352.33954	1219.0	1.7576346	0.35531554	4.975972e-05	149.0	-0.0063364715	14.331306	0.18812777	0.00059535925	-0.54392	0.0029875	-0.10170275	-0.00022349243	0.00025187852	0.013266637	139.19125	-322.53122	52.630604	-322.63324	51.956085	121.0	8686.106
122	9840000	1.5	0.014999999	-29.132841	0.1993472	-352.22385	1219.0	2.0642734	0.33967787	3.6684876e-05	149.0	0.0049199327	14.363407	0.21956874	0.001594037	-0.5671463	0.011	0.070022784	-0.00031552085	0.0002785186	0.014506369	132.9986	-324.2779	48.94307	-324.38333	48.96687	122.0	8760.581
123	9920000	1.5	0.014999999	-29.199673	0.22556964	-351.1493	1219.0	2.2266223	0.35226956	3.643657e-05	149.0	0.00022238531	14.381355	0.22599046	0.001050547	-0.5743293	0.007475	-0.0018766494	-0.00011343956	0.0002511126	0.013232781	132.86494	-327.1946	44.91694	-326.93332	45.010654	123.0	8835.204
124	10000000	1.5	0.014999999	-27.610243	0.22252458	-353.76282	1219.0	1.819948	0.34557047	3.0731688e-05	149.0	-0.0013877167	14.342	0.21666336	0.0012841375	-0.5766239	0.0101375	-0.026159037	0.00035090322	0.00024280789	0.011714727	132.8146	-330.55484	37.605377	-331.19336	37.321724	124.0	8909.977
125	10080000	1.5	0.014999999	-28.452187	0.19815874	-351.6217	1219.0	1.7119975	0.3486994	2.3645882e-05	149.0	-0.0024049003	14.331925	0.1882383	0.0022435454	-0.584806	0.02155	-0.04166434	0.0005783638	0.00020732296	0.009535151	130.06581	-335.60117	28.104162	-335.537	27.926805	125.0	8984.477
126	10160000	1.5	0.014999999	-27.533606	0.17557974	-352.6382	1219.0	1.437079	0.3540102	2.5467656e-05	149.0	-0.0016058063	14.3130665	0.16895838	0.0019668892	-0.5887274	0.0101875	-0.028866397	-0.00021013318	0.00018691327	0.0076872148	133.0474	-348.79398	18.193754	-347.94418	18.1627	126.0	9059.092
127	10240000	1.5	0.014999999	-26.241915	0.17344715	-355.7078	1219.0	1.0811005	0.34160072	2.4702244e-05	149.0	-0.00179985	14.311761	0.16635641	0.0021881503	-0.60387576	0.0128125	-0.031171305	-0.00017852423	0.00015078942	0.01070119	151.90112	-329.04047	28.95855	-329.1869	28.442825	127.0	9133.944
128	10320000	1.5	0.014999999	-31.669106	0.13097857	-345.65533	1219.0	2.189509	0.37600857	3.930878e-05	149.0	0.0123844305	14.380455	0.18367505	0.0013603091	-0.62739986	0.0089625	0.18638958	-2.4720382e-05	0.00020326047	0.032487486	149.46143	-342.8721	18.96934	-342.98782	18.567257	128.0	9208.402
129	10400000	1.5	0.014999999	-27.517117	0.18074566	-348.90866	1219.0	1.5763457	0.36574227	4.018795e-05	149.0	-0.009662695	14.319135	0.13928527	0.0019969577	-0.63744205	0.01285	-0.15309723	-0.00018022499	0.0001906753	0.014036334	129.5322	-363.0951	8.504795	-364.36392	8.24774	129.0	9283.218
130	10480000	1.5	0.014999999	-25.160446	0.15328895	-357.50348	1219.0	1.0573503	0.35761797	2.8752756e-05	149.0	0.004061564	14.3125105	0.17027739	0.0019505807	-0.65543884	0.015275	0.058468934	-0.0005361097	0.00014910554	0.013502372	166.16084	-347.0203	13.573907	-348.3048	13.246349	130.0	9357.845
131	10560000	1.5	0.014999999	-30.612484	0.17130697	-356.31226	1219.0	1.1424545	0.35255456	1.5834148e-05	149.0	0.0024026295	14.31147	0.18148795	0.0005830531	-0.6574355	0.00025	0.03373316	-0.0002503919	0.0001530501	0.008815536	136.3175	-344.13657	14.255667	-342.85016	14.385207	131.0	9432.291
132	10640000	1.5	0.014999999	-29.659159	0.13196293	-348.6891	1219.0	1.557957	0.3513016	3.2662334e-05	149.0	0.0022542677	14.315332	0.14197537	0.0014615082	-0.6638561	0.0080375	0.0314508	-0.0006467236	0.00014974207	0.01269443	126.98984	-329.3664	17.730646	-329.1671	17.579042	132.0	9506.89
133	10720000	1.5	0.014999999	-29.544468	0.14569019	-346.63696	1219.0	1.9518249	0.38091666	3.704289e-05	149.0	0.003873912	14.355369	0.1618249	0.0035060067	-0.68279135	0.0384375	0.05341372	0.001115868	0.00017699154	0.020663504	116.908485	-331.13562	15.320266	-331.056	14.922913	133.0	9581.837
134	10800000	1.5	0.014999999	-27.91164	0.15498441	-346.47214	1219.0	2.0573955	0.386485	4.2733052e-05	149.0	0.0036568835	14.367063	0.17002022	0.0020518962	-0.67974085	0.0186375	0.05208057	-0.00033806535	0.0001550885	0.025400013	117.363235	-332.62262	13.685876	-333.56714	12.766385	134.0	9656.549
135	10880000	1.5	0.014999999	-27.04623	0.16091458	-348.1743	1219.0	1.7393659	0.41966343	5.3540367e-05	149.0	-0.0032621766	14.336274	0.1464005	0.001518345	-0.6993056	0.0107	-0.05407464	-0.0007947794	0.0001472274	0.022629926	112.74739	-338.35794	9.050554	-338.74316	8.746172	135.0	9731.174
136	10960000	1.5	0.014999999	-26.928576	0.15930553	-355.13892	1219.0	1.0976936	0.35772702	4.050908e-05	149.0	-0.0017615338	14.313717	0.15118535	0.0020341075	-0.7085196	0.0147375	-0.030480277	-0.00041058968	0.00013461271	0.011748748	127.67634	-335.98285	9.056838	-335.88782	8.740307	136.0	9805.784
137	11040000	1.5	0.014999999	-27.986343	0.14482316	-354.79602	1219.0	1.0380833	0.35165948	2.2398197e-05	149.0	0.0015314604	14.3122835	0.1515786	0.002945084	-0.72675955	0.0420375	0.019897128	0.0011054344	0.00012712095	0.00801873	111.56316	-326.01227	15.167813	-326.0321	14.946762	137.0	9880.278
138	11120000	1.5	0.014999999	-30.735537	0.117712304	-347.54572	1219.0	1.8539815	0.38412172	3.0499068e-05	149.0	0.009527941	14.346654	0.15857533	0.0024600434	-0.7488277	0.0222375	0.14250652	-4.1503907e-05	0.00013257122	0.03336171	119.18247	-321.96838	18.873434	-321.87665	18.262646	138.0	9954.678
139	11200000	1.5	0.014999999	-29.790277	0.16330947	-343.43018	1219.0	3.4916723	0.39425164	5.297583e-05	149.0	0.028664831	14.514567	0.28438783	0.0016631124	-0.7385285	0.0131375	0.44170195	-0.0004392063	0.00012010114	0.12668113	106.3716	-330.0995	13.5259495	-330.23154	12.732414	139.0	10029.29
140	11280000	1.5	0.014999999	-24.693594	0.25486562	-351.0126	1219.0	1.3946525	0.34398493	4.3630374e-05	149.0	-0.028898481	14.318698	0.13085221	0.002537709	-0.7753632	0.02295	-0.44698983	-0.00025796852	0.00011796374	0.07503051	139.79234	-332.43967	14.651613	-332.45285	14.57306	140.0	10103.869
141	11360000	1.5	0.014999999	-29.501488	0.15037152	-354.03348	1219.0	1.2383083	0.34792057	3.163013e-05	149.0	-8.0053986e-05	14.317858	0.14951243	0.0017408344	-0.78422517	0.0092	-0.0037093863	-0.00072260905	0.000109955035	0.00863972	109.610466	-329.4766	13.9582815	-330.10602	13.578014	141.0	10178.347
142	11440000	1.5	0.014999999	-27.847376	0.14242645	-353.66083	1219.0	1.2184908	0.4118154	2.5935666e-05	149.0	0.0029122087	14.316958	0.15496755	0.0037082925	-0.79608244	0.05305	0.041902296	0.0009268875	0.00011520792	0.0117584225	109.47049	-330.50253	9.746164	-330.59143	9.167589	142.0	10252.74
143	11520000	1.5	0.014999999	-26.886763	0.18520702	-358.8994	1219.0	0.9895205	0.37604794	2.5481102e-05	149.0	0.0037862016	14.315382	0.20136158	0.0009466485	-0.8042851	0.00545	0.05524717	-0.0003941555	0.000110769775	0.012982813	129.97867	-326.39432	13.239032	-327.74	12.328252	143.0	10327.274
144	11600000	1.5	0.014999999	-29.687073	0.17654586	-355.9307	1219.0	1.0379554	0.36205813	2.0417167e-05	149.0	-0.00097258337	14.313997	0.17349575	0.0013282027	-0.8132209	0.0052375	-0.01674779	-0.0002725054	0.00011701727	0.008992115	109.9798	-324.8457	17.03362	-326.09317	16.230316	144.0	10401.728
145	11680000	1.5	0.014999999	-31.172028	0.14613806	-351.1656	1219.0	1.5316725	0.44464302	2.7080325e-05	149.0	0.0044109975	14.315308	0.1657563	0.0033071507	-0.8326951	0.0356125	0.06421027	0.00090770645	0.000111572386	0.02091044	117.6646	-329.34418	11.623509	-329.5842	11.568937	145.0	10476.173
146	11760000	1.5	0.014999999	-27.83297	0.17082289	-353.86667	1219.0	1.0993348	0.41513944	2.8602395e-05	149.0	-0.0048975637	14.312722	0.14997122	0.0016812591	-0.8429223	0.0176875	-0.077863015	-0.00050260127	0.000119256125	0.00854669	106.15308	-326.2798	14.21658	-326.16013	14.369666	146.0	10550.721
147	11840000	1.5	0.014999999	-28.609972	0.14968921	-353.60034	1219.0	1.1700051	0.39128098	2.3497638e-05	149.0	0.0018863265	14.3117485	0.15816946	0.0017555295	-0.85203063	0.011925	0.026586197	-0.0008410774	0.000111813475	0.01063109	103.04202	-321.20477	20.064238	-322.00964	19.3648	147.0	10625.258
148	11920000	1.5	0.014999999	-29.735388	0.14343768	-350.66373	1219.0	1.5852386	0.43184748	3.2570402e-05	149.0	0.0043200464	14.318393	0.16217475	0.0028813914	-0.8555402	0.036375	0.06358478	0.0005833557	0.000113119575	0.017470902	100.19949	-321.1668	22.768316	-322.2543	22.135	148.0	10699.681
149	12000000	1.5	0.014999999	-30.154268	0.15021427	-343.49905	1219.0	3.8751647	0.42727572	6.861292e-05	4.0	0.038959917	14.5527115	0.31539384	0.015293229	-0.8555337	0.143825	0.5898153	0.0152834095	0.0001274467	0.18400964	109.57185	-336.273	10.973186	-336.49265	10.415212	149.0	10744.262
