Epoch	TotalEnvInteracts	worker/CostLimit	worker/noise	learner/VVals	learner/CostVVals	worker/EpRet	worker/EpLen	worker/EpCost	learner/LossQ	learner/LossQC	learner/StopIter	learner/LossPi	learner/Lagrangian	learner/QcRet	learner/KL	learner/Entropy	learner/ClipFrac	learner/LossQcPenalty	learner/LossVallina	learner/LossVC	learner/LossV	Eval/NaturalReward	Eval/NaturalCost	Eval/AdvUniformReward	Eval/AdvUniformCost	worker/Epoch	worker/Time
0	80000	1.5	0.0	0.08373152	0.047062233	-1819.8579	1219.0	466.03638	2.1176486	0.006087734	4.0	9.382364	48.01288	36.526356	0.016075043	0.92092425	0.2432375	459.48184	0.02387015	1380.089	19699.197	-2001.1981	471.72012	-2001.2532	471.71985	0.0	42.97087
1	160000	1.5	0.0	-57.064754	38.77621	-1995.2971	1219.0	469.03754	1.2536618	0.00094635284	18.0	0.20964222	49.245262	39.670944	0.018559106	0.9133377	0.288175	10.472915	-0.00023420429	6.7056437	10377.156	-1800.4276	468.57697	-1800.4081	468.57642	1.0	87.022934
2	240000	1.5	0.0023027735	-149.21701	39.57891	-1807.7625	1219.0	466.0734	1.1609087	0.00039618136	7.0	-0.026029587	50.32471	39.672127	0.019253239	0.9109707	0.2948375	-1.4673562	0.000674566	1.8204434	514.7875	-1595.9907	464.6785	-1595.9802	464.6743	2.0	237.67937
3	320000	1.5	0.004252031	-145.1717	39.59916	-1614.6604	1219.0	460.56622	1.1375849	0.00025960477	6.0	-0.12672605	51.15744	39.407265	0.01735019	0.91108704	0.278975	-6.7391453	-0.0031649414	1.9523553	453.3372	-1398.0968	459.42752	-1398.0454	459.42407	3.0	388.2971
4	400000	1.5	0.0059020403	-130.98405	39.253098	-1440.3442	1219.0	454.42416	1.0529563	0.00022990085	6.0	-0.16288118	51.882942	38.999126	0.020001458	0.912264	0.3003	-8.785997	-0.004914263	2.7370331	351.90475	-1198.4033	450.59024	-1198.3401	450.58112	4.0	539.4705
5	480000	1.5	0.0072987443	-117.34947	39.07531	-1260.3667	1219.0	446.1224	0.97345686	0.00023056877	5.0	-0.28642407	52.390846	38.407745	0.015944121	0.91241163	0.24665	-15.439139	-0.011477464	4.3852673	345.14246	-1016.09546	436.7783	-1016.1538	436.77243	5.0	690.283
6	560000	1.5	0.008481027	-102.279625	38.246296	-1099.3802	1219.0	434.25565	0.9323431	0.00019539655	5.0	-0.33255455	52.494175	37.428375	0.01546718	0.91173184	0.26215	-18.001013	-0.01248494	6.427096	296.3316	-827.6006	416.7404	-827.6552	416.74854	6.0	840.87177
7	640000	1.5	0.009481809	-88.54879	37.09053	-954.27783	1219.0	419.34174	0.8594116	0.0001947068	6.0	-0.33207414	52.255943	36.244373	0.020766178	0.90998554	0.322175	-18.034088	-0.010893438	6.949011	246.00835	-625.91254	372.70575	-625.846	372.65356	7.0	991.74615
8	720000	1.5	0.010328949	-76.00406	35.299324	-806.08453	1219.0	396.02942	0.7642125	0.0002743961	6.0	-0.35769862	51.114777	34.32758	0.015102023	0.9075308	0.2489	-19.019361	-0.01387641	8.337733	215.8368	-473.44116	283.06815	-473.4485	283.2389	8.0	1143.0077
9	800000	1.5	0.011046043	-64.19709	33.2052	-684.24133	1219.0	364.2598	0.7032658	0.00027007743	8.0	-0.47993156	49.044178	31.620085	0.015595291	0.9037704	0.2463375	-24.563889	-0.013518011	10.138462	159.444	-362.32736	103.17108	-362.3572	103.22224	9.0	1294.3728
10	880000	1.5	0.01165305	-53.820477	28.96005	-573.5898	1219.0	316.3238	0.591035	0.000329678	19.0	-0.43431234	45.190037	27.481462	0.015152217	0.88926697	0.2151875	-20.582394	-0.014604858	10.009954	114.315575	-230.76796	97.11889	-230.7316	97.289696	10.0	1446.3717
11	960000	1.5	0.012166867	-44.645542	22.727598	-481.8244	1219.0	215.97461	0.50457674	0.0008327753	149.0	-1.0344831	35.82193	18.769127	0.013971997	0.78794104	0.0986375	-38.332825	-0.013370132	24.868685	51.05485	-36.110012	330.13953	-35.817986	330.22336	11.0	1609.5586
12	1040000	1.5	0.012601807	-38.151157	13.55049	-410.88623	1219.0	129.55429	0.39092255	0.00060671207	149.0	-0.711535	27.624035	10.713179	0.0077282167	0.7036314	0.06715	-20.501778	-0.008603373	15.486392	36.270287	-6.9404984	332.5654	-6.9182763	332.5686	12.0	1772.4263
13	1120000	1.5	0.012969971	-33.127148	8.238692	-378.24643	1219.0	95.823814	0.31991714	0.0008709991	149.0	-0.10744643	24.594337	7.7928143	0.0066731423	0.6232949	0.0614625	-2.8095438	-0.007194353	4.4772577	19.1452	-5.5673566	332.69717	-5.5151215	332.69925	13.0	1935.3658
14	1200000	1.5	0.0132816145	-30.569994	6.788681	-352.2026	1219.0	71.69091	0.27906007	0.0008904692	149.0	-0.24433868	22.39019	5.800724	0.0063446267	0.5447177	0.058525	-5.751851	-0.0073774043	5.313573	15.027021	-5.3517494	332.71643	-5.4009867	332.71255	14.0	2098.0303
15	1280000	1.5	0.013545423	-28.150768	3.6678598	-327.67313	1219.0	50.922066	0.25548798	0.0007853235	149.0	0.10674435	20.475605	4.100587	0.006030189	0.46712828	0.0567875	2.2582152	-0.00750396	3.4254923	11.8358	-5.2811995	332.7224	-5.3158393	332.71762	15.0	2263.502
16	1360000	1.5	0.013768726	-26.455687	3.9539046	-305.36325	1219.0	40.892902	0.21785645	0.00060753257	149.0	-0.14491767	19.607336	3.33252	0.0058264686	0.39016676	0.056575	-3.021868	-0.007061654	4.98572	11.03014	-5.2108517	332.72815	-5.279586	332.7247	16.0	2426.4817
17	1440000	1.5	0.013957752	-24.533855	2.8461356	-284.13678	1219.0	36.47835	0.18989325	0.00031674159	127.0	0.050977595	19.25655	3.0561304	0.016558366	0.34388274	0.0425125	0.9953959	0.007699968	4.36578	9.42655	-206.24597	168.65457	-206.82466	168.60507	17.0	2587.7065
18	1520000	1.5	0.014117749	-23.03497	3.0662446	-292.8809	1219.0	38.222954	0.19127575	0.00038053922	149.0	0.060762092	19.54036	3.3202915	0.012010741	0.31325796	0.0286625	1.2180005	0.0015289476	2.987464	8.720657	-41.869816	330.80624	-41.90304	330.80286	18.0	2750.966
19	1600000	1.5	0.014253196	-23.382265	2.8680997	-272.6476	1219.0	35.9275	0.17823312	0.00039720436	149.0	0.11023547	19.410137	3.3425493	0.0009264184	0.28537798	0.003375	2.250385	-0.0038677522	4.0627294	8.445254	-38.815582	330.9078	-39.057526	330.90536	19.0	2913.9524
20	1680000	1.5	0.014367847	-22.208628	3.7400508	-263.20367	1219.0	36.47181	0.17636286	0.00045395092	149.0	-0.032557428	19.574806	3.6038694	0.0021998421	0.23694348	0.0200625	-0.6743814	-0.0055009495	4.566791	6.2641506	-17.447523	331.8583	-17.077087	331.8778	20.0	3076.828
21	1760000	1.5	0.014464887	-21.231222	3.6427624	-252.0679	1219.0	38.553596	0.15867409	0.00025501702	149.0	0.09254177	19.896946	4.043282	0.0012312626	0.2007184	0.008225	1.9337574	-0.004998928	4.919135	6.4578605	-24.424515	331.49313	-25.18408	331.4594	21.0	3240.1807
22	1840000	1.5	0.014547037	-20.39572	4.0874834	-245.57764	1219.0	40.2857	0.15885743	0.00022792611	149.0	0.0823188	20.16857	4.4390855	0.00015893631	0.20080042	0.0013375	1.7400172	0.0003665718	4.441593	5.2809024	-84.217224	322.05765	-83.91456	322.18378	22.0	3403.6848
23	1920000	1.5	0.014616577	-19.997213	4.5617537	-245.14113	1219.0	40.77872	0.16117816	0.00019686008	9.0	0.038719833	20.331984	4.7205873	0.020221354	0.1995078	0.018725	0.6984872	0.0070842644	3.8258965	4.9792128	-164.32565	242.06604	-164.66191	241.50864	23.0	3554.9448
24	2000000	1.5	0.014675439	-19.81016	4.632766	-255.31181	1219.0	40.073105	0.18738988	0.00016532795	3.0	0.044969335	20.375998	4.8170013	0.023955256	0.19914636	0.0208375	0.9374639	0.03627104	3.309479	8.69574	-213.5396	169.82246	-213.37335	169.06425	24.0	3705.424
25	2080000	1.5	0.014725265	-20.671955	4.70984	-272.1282	1219.0	38.597015	0.21083741	0.00032169186	64.0	-0.0030546843	20.341307	4.695167	0.016460508	0.19172755	0.038275	-0.10520636	0.020579034	2.510291	13.890605	-287.4273	133.98668	-288.9053	133.66023	25.0	3861.4812
26	2160000	1.5	0.014767439	-22.204592	4.820151	-273.296	1219.0	38.613472	0.20560011	0.00025869504	3.0	-0.015005522	20.45156	4.7551193	0.03560379	0.19166508	0.05615	-0.4303423	0.03383462	2.745032	12.384554	-302.55905	96.94699	-302.87244	96.73861	26.0	4012.7012
27	2240000	1.5	0.014803143	-22.241224	5.0190516	-281.12875	1219.0	37.179157	0.2201931	0.00031135237	1.0	-0.09016617	20.41624	4.6434755	0.017734582	0.19169211	0.051375	-1.9891225	0.020698829	2.3080065	16.440088	-309.52167	77.97417	-309.71185	78.04464	27.0	4164.1353
28	2320000	1.5	0.014833362	-23.450195	4.1547775	-290.34415	1219.0	34.731976	0.22951594	0.00033958646	1.0	0.06223257	20.272865	4.425959	0.029402466	0.19173408	0.065775	1.2857896	0.03855856	2.8451486	15.964361	-320.84512	59.01678	-321.1127	59.017956	28.0	4315.532
29	2400000	1.5	0.014858946	-24.725456	4.599117	-297.15118	1219.0	31.044945	0.24100812	0.0002797182	1.0	-0.13449389	19.997005	4.0477853	0.046196923	0.19180052	0.079775	-2.9313793	0.05714978	2.9324663	15.237929	-329.78622	41.64843	-329.89453	41.96381	29.0	4466.8843
30	2480000	1.5	0.0148806	-24.73612	4.0638814	-308.71198	1219.0	26.620558	0.2551507	0.00026459811	1.0	-0.14415075	19.637741	3.4793062	0.06373128	0.19186363	0.1046375	-3.0133722	0.0763279	2.504053	17.677116	-339.8098	24.158987	-341.0727	24.048023	30.0	4618.475
31	2560000	1.5	0.014898927	-25.467083	3.0016425	-328.46802	1219.0	23.223701	0.26554564	0.00058295875	1.0	-0.062038906	19.371105	2.7543743	0.085560195	0.19191684	0.1707	-1.4068087	0.08954339	4.42131	23.522818	-358.82227	11.502948	-359.71985	11.501097	31.0	4770.505
32	2640000	1.5	0.014914451	-26.407606	2.6677206	-352.30945	1219.0	24.463308	0.2911734	0.0005800285	1.0	-0.107778914	19.568966	2.2064817	0.10671316	0.19194087	0.266575	-1.9415203	0.099054344	5.775579	35.470245	-385.396	2.6518672	-385.52167	2.7031736	32.0	4921.512
33	2720000	1.5	0.01492758	-27.908178	2.7303793	-379.8681	1219.0	42.942783	0.29397973	0.00038418444	1.0	0.18420391	21.570347	3.4276512	0.06879829	0.19194451	0.2016125	4.220927	0.08039801	5.9455767	51.433002	-407.14374	9.447573	-407.21036	9.616678	33.0	5072.8057
34	2800000	1.5	0.014938699	-29.291725	4.549192	-401.9489	1219.0	62.918	0.3178392	0.0007779613	1.0	0.17989229	23.748154	5.2281322	0.027620496	0.1919342	0.09825	4.520209	0.04300719	2.7657335	66.39365	-421.5673	21.069046	-421.4289	21.406885	34.0	5224.0713
35	2880000	1.5	0.014948113	-31.38829	5.7581515	-417.33893	1219.0	80.47101	0.3348871	0.0008899672	5.0	0.2633167	25.691805	6.8176093	0.04222496	0.19174266	0.32515	6.866021	0.0340225	3.6974242	75.263435	-403.9411	2.268475	-405.33557	2.3692343	35.0	5375.407
36	2960000	1.5	0.014956073	-34.83418	4.411017	-398.21945	1219.0	20.91132	0.30438256	0.00090902735	1.0	-0.61201084	19.834326	1.9933078	0.021927733	0.19163552	0.1036625	-12.750396	0.02163821	7.2653646	122.98011	-392.65576	1.1866057	-394.15836	1.2171217	36.0	5526.4595
37	3040000	1.5	0.01496282	-34.03051	1.7056601	-380.07986	1219.0	9.62635	0.29050845	0.00074634457	5.0	-0.2148419	18.73129	0.8075385	0.01696614	0.19099282	0.071775	-4.257209	0.0111273145	1.794943	91.9558	-403.03757	2.1003041	-402.9531	2.0689478	37.0	5678.0312
38	3120000	1.5	0.0149685275	-30.835653	0.53033966	-390.4571	1219.0	5.3130736	0.3019291	0.00065520895	149.0	-0.0123496475	18.306522	0.49042973	0.003323944	0.16104937	0.0271	-0.24698384	-0.0014815185	0.39593467	154.3259	-378.45032	2.0364265	-378.3622	2.0585186	38.0	5841.4893
39	3200000	1.5	0.014973358	-32.641575	0.41779482	-374.83282	1219.0	1.7438822	0.286944	0.00033457467	90.0	-0.07349002	17.954784	0.15078248	0.015534595	0.15714063	0.0745625	-1.4168926	0.013238018	0.21905197	136.40463	-386.31604	1.1400741	-385.61496	1.1774127	39.0	6002.0747
40	3280000	1.5	0.014977453	-31.004597	0.17234305	-372.4624	1219.0	1.3692536	0.28156814	0.00044435193	149.0	-0.015963137	17.93253	0.10830282	0.001104884	0.14531577	0.010775	-0.3044703	-0.0003942157	0.04734224	112.113335	-362.1248	1.2337704	-363.29156	1.2283841	40.0	6167.29
41	3360000	1.5	0.014980911	-31.101309	0.09445781	-374.983	1219.0	1.6571906	0.28153118	0.00033581263	149.0	0.007065085	17.946428	0.13372535	0.0004268805	0.14347446	0.00085	0.13323069	0.0005198224	0.043804023	119.88554	-359.55826	1.2445161	-361.84406	1.2975073	41.0	6332.3623
42	3440000	1.5	0.014983846	-30.82017	0.14937487	-376.63736	1219.0	1.8492155	0.27851298	0.0002552451	149.0	-0.0016488745	17.966282	0.15406695	0.0005817563	0.12816978	0.00455	-0.031990267	-0.0007510127	0.048414145	111.07417	-353.04877	1.3004686	-353.75415	1.2883124	42.0	6496.0195
43	3520000	1.5	0.014986322	-30.854122	0.15794666	-371.77917	1219.0	1.3769403	0.28006253	0.00026528264	149.0	-0.012406034	17.93346	0.113749795	8.8781926e-05	0.11924922	1.25e-05	-0.23512915	-0.00018124943	0.03465185	115.68446	-351.73093	1.379929	-352.28592	1.3541371	43.0	6662.0347
44	3600000	1.5	0.0149884205	-30.40091	0.11497209	-370.83514	1219.0	1.3687882	0.27678046	0.00021420151	149.0	-0.0030143682	17.933006	0.111021206	0.00066987786	0.11161684	0.0040875	-0.057914898	0.00025202375	0.028925428	123.6268	-350.47073	1.434617	-351.3451	1.3588032	44.0	6826.917
45	3680000	1.5	0.0149901975	-30.073969	0.10070817	-372.63852	1219.0	1.5872306	0.3184893	0.00025626362	149.0	0.0039044917	17.939762	0.12916467	0.0009825776	0.09657395	0.011375	0.07042545	0.0013940035	0.036368996	127.9439	-349.56177	1.3246245	-351.49396	1.3061516	45.0	6992.0693
46	3760000	1.5	0.0149917025	-31.570265	0.13467517	-375.00418	1219.0	1.7392346	0.28414935	0.0001714129	149.0	-0.0009795913	17.955284	0.14426284	0.0008184756	0.090739615	0.0043125	-0.019016922	-0.00053213286	0.0472621	126.783775	-348.4272	1.2408558	-348.77475	1.1900394	46.0	7155.457
47	3840000	1.5	0.014992981	-30.861578	0.14179875	-367.09775	1219.0	1.0809414	0.26462245	6.915488e-05	149.0	-0.013324565	17.93253	0.09014913	0.00081699254	0.08072222	0.00795	-0.2541375	0.00016139269	0.021794982	107.06808	-348.3392	1.3622519	-349.898	1.3928505	47.0	7321.055
48	3920000	1.5	0.014994055	-30.177425	0.089976676	-368.723	1219.0	1.164088	0.27501157	5.2033534e-05	149.0	0.0006175874	17.931555	0.09734973	0.00046725	0.061296705	0.0032625	0.010767435	-0.0002173998	0.01867553	109.23945	-347.06445	1.2730367	-348.07117	1.2418228	48.0	7486.1147
49	4000000	1.5	0.014994966	-30.345991	0.09979854	-372.21298	1219.0	1.4659976	0.29423684	4.9314775e-05	149.0	0.0042319605	17.931599	0.12266583	0.0006234402	0.05359232	0.0033125	0.08051855	-0.0011310306	0.031578537	121.03327	-346.32278	1.2073592	-347.54523	1.2027445	49.0	7651.1055
50	4080000	1.5	0.01499574	-30.876034	0.12278476	-366.98328	1219.0	1.1956214	0.27895546	3.3769455e-05	149.0	-0.0060571246	17.930336	0.101185925	0.001536009	0.0328331	0.01265	-0.11585379	-0.00035990428	0.020754574	117.54116	-346.362	1.1797478	-348.41806	1.2832372	50.0	7816.08
51	4160000	1.5	0.0149963945	-30.237822	0.10198051	-366.72675	1219.0	1.2216401	0.29576334	0.00010778478	149.0	-0.00020861467	17.92947	0.103860095	0.0009389784	0.016634226	0.003325	-0.004647061	-0.00012258715	0.020488234	122.52495	-347.08716	1.2437787	-348.05087	1.2179747	51.0	7982.917
52	4240000	1.5	0.014996949	-30.277788	0.10204969	-370.96207	1219.0	1.5987679	0.2578222	6.1363186e-05	149.0	0.007635961	17.937496	0.13605744	0.0012674095	0.020948052	0.0140875	0.14238542	0.0005251718	0.039809514	137.78989	-346.6868	1.1194236	-347.6984	1.083081	52.0	8147.9795
53	4320000	1.5	0.014997421	-30.526066	0.13817266	-367.40012	1219.0	1.3497931	0.24856353	4.8443435e-05	149.0	-0.0052460223	17.92916	0.118290246	0.008054145	0.011410236	0.0881	-0.099775866	0.006580359	0.028056458	136.91435	-343.8202	0.98960745	-343.91238	0.97262764	53.0	8312.192
54	4400000	1.5	0.014997812	-30.168812	0.1191454	-363.13174	1219.0	1.092914	0.27696466	9.253384e-05	149.0	-0.006187069	17.927887	0.09498703	0.0010684403	-0.009665251	0.0072375	-0.117855005	-0.00060569384	0.017426267	139.01884	-343.93707	0.9770167	-345.16446	0.9946315	54.0	8476.738
55	4480000	1.5	0.014998151	-29.875109	0.1151194	-364.93042	1219.0	1.1562842	0.23777151	0.00016440215	149.0	-0.0035233032	17.926867	0.10138629	0.00073081086	-0.021140814	0.009775	-0.06770828	-0.00015685198	0.022349374	144.58029	-344.4844	1.0552092	-344.2912	1.0283527	55.0	8640.304
56	4560000	1.5	0.014998434	-30.55299	0.08845459	-364.6796	1219.0	1.187992	0.22981706	0.00010351868	149.0	0.0027729732	17.925844	0.10041372	0.0009205355	-0.03188491	0.0068	0.051752403	-0.00031504236	0.0189901	142.88733	-345.4195	1.6661566	-345.3419	1.511916	56.0	8805.158
57	4640000	1.5	0.0149986725	-30.015635	0.099374056	-363.39764	1219.0	1.174355	0.25931874	8.8275214e-05	149.0	0.00026321862	17.924784	0.10234264	0.0009683275	-0.03841555	0.012175	0.0046894117	-0.0005104161	0.0187117	148.30164	-343.66727	3.1463857	-343.3348	2.950568	57.0	8969.703
58	4720000	1.5	0.014998881	-29.949018	0.10310842	-364.0049	1219.0	1.164512	0.24580686	8.314487e-05	149.0	-0.00038220873	17.923725	0.10285121	0.000570679	-0.05570507	0.0038375	-0.0076146973	-0.00034714685	0.019353116	151.53764	-343.5103	4.9370203	-343.25122	5.3634624	58.0	9134.194
59	4800000	1.5	0.014999048	-29.721056	0.116886154	-357.6378	1219.0	0.9414621	0.22783229	9.4034e-05	149.0	-0.00863129	17.922007	0.08243888	0.0008502889	-0.07576084	0.0058875	-0.16426931	7.9347396e-05	0.009868829	146.18431	-344.51065	3.2916992	-344.46188	3.2233849	59.0	9298.258
60	4880000	1.5	0.014999196	-29.619434	0.08099507	-358.68353	1219.0	0.9156102	0.26089907	7.2600145e-05	149.0	-0.0008453072	17.920218	0.07782011	0.001811128	-0.10839366	0.0134625	-0.016810795	-0.0006408761	0.009150775	164.4802	-344.96414	1.2802004	-345.25278	1.2987484	60.0	9463.181
61	4960000	1.5	0.014999316	-30.433113	0.077687494	-361.79718	1219.0	1.0667753	0.24577622	7.052566e-05	149.0	0.0030968	17.919016	0.0907225	0.00074310077	-0.11944628	0.003275	0.058446217	-0.00069309113	0.016270569	169.53555	-343.30377	1.9691684	-343.32693	1.6707315	61.0	9628.865
62	5040000	1.5	0.014999421	-29.010906	0.094639845	-353.91675	1219.0	1.0004214	0.28086758	4.5557663e-05	149.0	-0.002934647	17.917326	0.08411868	0.0022777254	-0.14388812	0.0209	-0.058423903	0.000741009	0.006468177	158.8866	-343.9301	3.4191675	-343.53543	3.4315646	62.0	9793.778
63	5120000	1.5	0.01499951	-31.246176	0.08638315	-363.4516	1219.0	1.2300152	0.27906212	6.778883e-05	149.0	0.0043112314	17.916687	0.104267985	0.00045245735	-0.15082479	0.0042125	0.08132223	-0.00019214966	0.021499215	193.0618	-343.54935	4.3795414	-342.8614	4.2039313	63.0	9958.474
64	5200000	1.5	0.014999585	-29.943707	0.09764105	-358.22714	1219.0	0.9010236	0.24028644	4.281116e-05	149.0	-0.004204239	17.914621	0.08033974	0.0004411596	-0.16636981	0.000525	-0.079882815	-0.000155459	0.010423381	173.5184	-343.6944	6.3952923	-343.4926	6.92631	64.0	10123.206
65	5280000	1.5	0.014999655	-29.831106	0.07767148	-358.37125	1219.0	0.9062181	0.2522672	3.5671124e-05	149.0	0.000686221	17.912807	0.081018366	0.0015232244	-0.20008922	0.011375	0.012487242	-0.00046436425	0.008623145	178.91095	-344.01755	4.8011885	-343.06107	4.5939307	65.0	10289.023
66	5360000	1.5	0.014999704	-29.156322	0.08575894	-356.57956	1219.0	0.95882	0.25209194	4.08048e-05	149.0	-0.00032317176	17.911186	0.08542613	0.0019326895	-0.23476768	0.0184	-0.0071156416	0.00023651247	0.00892751	179.586	-345.0383	5.108151	-344.7761	4.7920604	66.0	10454.724
67	5440000	1.5	0.014999748	-29.505198	0.08330025	-361.86667	1219.0	1.1878283	0.34574756	5.074338e-05	149.0	0.0055360785	17.91037	0.10611837	0.001008395	-0.26166436	0.006	0.10420661	-0.0002944459	0.016418984	195.28755	-343.59677	6.176563	-344.25858	6.482964	67.0	10620.32
68	5520000	1.5	0.014999791	-31.129562	0.09463169	-356.73898	1219.0	0.9373968	0.26911652	3.392989e-05	149.0	-0.0023920978	17.908415	0.08463501	0.0011902113	-0.29270577	0.011125	-0.046104494	-0.00032037622	0.0077435896	199.35039	-344.44717	7.2164745	-344.50256	7.367004	68.0	10785.234
69	5600000	1.5	0.01499982	-29.378696	0.08732906	-364.6153	1219.0	1.2895646	0.28455678	3.8066628e-05	149.0	0.007902141	17.908072	0.12119343	0.0024133564	-0.30725574	0.02675	0.14775763	0.000357478	0.025600903	209.3577	-344.09747	8.494316	-343.8364	8.438849	69.0	10949.888
70	5680000	1.5	0.014999851	-30.68334	0.11887432	-358.37515	1219.0	0.9335233	0.28043824	2.7616337e-05	149.0	-0.0068766503	17.905983	0.09160714	0.00082050025	-0.32680055	0.003375	-0.13054681	-0.0001680912	0.013363034	200.17032	-342.89688	10.493391	-343.58374	10.302451	70.0	11115.3125
71	5760000	1.5	0.014999868	-29.490524	0.08696185	-359.0617	1219.0	0.93435985	0.27029985	2.1882599e-05	149.0	0.0011446779	17.904245	0.093222536	0.00096403406	-0.34545758	0.00715	0.020836355	-0.00039194574	0.010504366	210.66075	-342.118	12.179539	-341.75497	12.699983	71.0	11280.805
72	5840000	1.5	0.014999894	-30.297813	0.09488384	-357.4603	1219.0	0.9321783	0.29114205	2.644654e-05	149.0	-0.0010289164	17.902498	0.093534976	0.0006283695	-0.3632584	0.00445	-0.02005902	-0.0004705639	0.010754275	196.29424	-342.84344	11.856349	-342.6065	11.696431	72.0	11445.728
73	5920000	1.5	0.01499991	-29.445663	0.09581892	-359.62958	1219.0	0.99606216	0.32067436	2.7168175e-05	149.0	0.00079042756	17.901005	0.10106443	0.0005591672	-0.37645772	0.00175	0.014776077	-0.00048069592	0.013808176	199.7291	-339.383	14.146255	-341.51877	13.605258	73.0	11610.397
74	6000000	1.5	0.014999923	-29.715828	0.10174739	-357.70938	1219.0	0.8925622	0.269864	2.0316565e-05	149.0	-0.002937523	17.899078	0.09227416	0.001277153	-0.4071402	0.012225	-0.056815993	-0.00027624198	0.009342944	202.22662	-339.00824	13.347755	-340.17206	13.499301	74.0	11776.106
75	6080000	1.5	0.014999928	-29.085531	0.09299177	-357.28317	1219.0	0.97490525	0.34336057	4.1765587e-05	20.0	5.596216e-05	17.897541	0.09782461	0.015340329	-0.41343585	0.1185625	-0.00070416735	0.0147832185	0.010997229	211.60335	-336.63153	15.275735	-337.90244	14.851558	75.0	11930.502
76	6160000	1.5	0.014999942	-30.449776	0.09776938	-356.1643	1219.0	0.9079405	0.30717424	2.5840995e-05	149.0	-0.002288974	17.89564	0.08981233	0.0011813431	-0.43060786	0.0093	-0.044336464	-0.00013800917	0.00835905	194.1996	-338.53537	15.799657	-340.96918	15.472477	76.0	12095.977
77	6240000	1.5	0.014999954	-28.529762	0.11074596	-351.28314	1219.0	1.2682866	0.3749166	5.153041e-05	149.0	-0.0011244299	17.895243	0.116422325	0.0015970012	-0.4426089	0.0131875	-0.022179727	-0.00013466195	0.019069102	171.85287	-340.82828	13.686752	-340.5837	13.218015	77.0	12262.925
78	6320000	1.5	0.014999957	-26.129402	0.09542227	-356.4794	1219.0	1.0782081	0.40794954	7.543372e-05	149.0	0.0003392118	17.893574	0.095963545	0.0004355487	-0.44558194	0.002875	0.00596932	-0.00039645782	0.012322669	214.341	-342.39157	12.135641	-341.44797	12.495099	78.0	12427.955
79	6400000	1.5	0.01499997	-32.396103	0.10450798	-355.8154	1219.0	0.9412033	0.40834427	5.065026e-05	149.0	-0.0039400607	17.891853	0.089420974	0.0008639076	-0.45770308	0.0044875	-0.074861236	-0.0003840651	0.0076833335	208.54083	-342.10132	9.313271	-341.36847	8.376611	79.0	12595.244
80	6480000	1.5	0.014999973	-27.9736	0.10575257	-356.4275	1219.0	0.92641497	0.42629424	9.255455e-05	149.0	-0.004473519	17.89009	0.091625415	0.0015267681	-0.49095538	0.0127625	-0.085463755	-0.00018261695	0.009255217	175.92633	-342.1983	8.996267	-343.7366	9.018362	80.0	12762.959
81	6560000	1.5	0.014999973	-28.63355	0.09724333	-350.60333	1219.0	1.2852254	0.43401694	5.3790027e-05	42.0	0.0023325803	17.889742	0.11267258	0.016027167	-0.49895	0.1189	0.046583403	0.015179741	0.012315282	165.48445	-340.92548	11.44959	-341.00192	11.204562	81.0	12921.195
82	6640000	1.5	0.014999983	-31.821894	0.116183765	-359.3042	1219.0	0.99507564	0.45962256	6.756892e-05	149.0	-0.0058676633	17.887829	0.09101109	0.0008037592	-0.5190267	0.004525	-0.11137179	-0.00026232147	0.015074615	210.71895	-340.38885	12.300477	-340.71832	11.790796	82.0	13088.613
83	6720000	1.5	0.014999985	-27.548368	0.10180597	-351.1111	1219.0	1.4826816	0.46825233	6.6044304e-05	32.0	0.0065312837	17.888191	0.13159284	0.015229025	-0.52655977	0.1122	0.12239807	0.013552116	0.01576071	158.95367	-338.24847	13.088651	-339.41544	12.927719	83.0	13245.829
84	6800000	1.5	0.014999987	-31.190031	0.13466255	-345.2281	1219.0	2.4807339	0.4416744	4.0627416e-05	149.0	0.0154855875	17.985836	0.20603697	0.001327836	-0.5386601	0.012675	0.2927243	0.00016409741	0.06965786	182.96544	-338.53613	12.475049	-339.57526	11.2618685	84.0	13411.112
85	6880000	1.5	0.014999988	-24.726074	0.18773153	-358.07385	1219.0	1.2839184	0.5397241	7.475392e-05	149.0	-0.018023478	17.889833	0.11037736	0.0014622908	-0.52107435	0.0236375	-0.34307522	0.0009637972	0.065828204	223.01985	-338.8801	14.264186	-339.4622	13.793814	85.0	13577.014
86	6960000	1.5	0.014999988	-30.550682	0.10408829	-354.0022	1219.0	1.8961526	0.61631995	7.231925e-05	149.0	0.01359442	17.928282	0.16438468	0.0012590366	-0.5109477	0.0110375	0.25510323	-4.1697574e-05	0.035671882	179.70927	-338.8014	13.539518	-338.61646	13.625493	86.0	13743.324
87	7040000	1.5	0.014999988	-29.157328	0.17592207	-349.54724	1219.0	1.466378	0.5926987	7.2278475e-05	149.0	-0.012607163	17.890768	0.12343468	0.0013749005	-0.527154	0.023125	-0.24004495	0.0008311636	0.015174208	177.53436	-338.39365	12.697345	-339.89215	12.02094	87.0	13909.94
88	7120000	1.5	0.014999988	-28.93821	0.123920836	-348.89328	1219.0	1.7234578	0.5445527	4.6822777e-05	149.0	0.004266543	17.911348	0.14378808	0.00208336	-0.5541725	0.01755	0.07927969	0.00059238094	0.016017126	156.94528	-338.77847	11.350177	-339.83936	11.457607	88.0	14077.559
89	7200000	1.5	0.014999988	-28.899866	0.14735255	-355.52344	1219.0	1.2581664	0.5847162	8.945023e-05	149.0	-0.0092225	17.890577	0.10897728	0.0041312384	-0.5578365	0.053125	-0.1770173	0.003251788	0.017926527	185.26172	-339.4383	10.027416	-340.61417	9.549372	89.0	14243.849
90	7280000	1.5	0.014999999	-27.506857	0.09773011	-349.5442	1219.0	1.5849749	0.59218514	5.687778e-05	149.0	0.00828146	17.897179	0.13296136	0.0032762745	-0.5812439	0.0356625	0.15265137	0.00077823777	0.012773537	175.55533	-341.56927	8.024063	-342.97598	7.6945133	90.0	14413.175
91	7360000	1.5	0.014999999	-31.795738	0.16147524	-351.21234	1219.0	1.2970583	0.5182606	3.0639185e-05	149.0	-0.012963664	17.890093	0.108819395	0.00126414	-0.5924006	0.0121	-0.24601111	0.0002513504	0.0132789705	189.99202	-341.4339	7.413987	-343.3138	7.6627584	91.0	14580.742
92	7440000	1.5	0.014999999	-27.296434	0.10082304	-352.69885	1219.0	1.1923138	0.5432102	3.588581e-05	137.0	3.9005972e-05	17.889116	0.10049792	0.016042165	-0.5997705	0.121825	-0.0034164917	0.014262259	0.006301854	201.40558	-344.4803	6.2713194	-345.80148	5.980424	92.0	14747.262
93	7520000	1.5	0.014999999	-27.904121	0.10279729	-354.8766	1219.0	1.0680468	0.51302934	3.2078013e-05	149.0	-0.0022931925	17.887772	0.0938959	0.00064287806	-0.6050257	0.007325	-0.043764893	-4.275818e-05	0.0053865705	191.76187	-345.14948	6.6116304	-346.87518	6.8194532	93.0	14914.375
94	7600000	1.5	0.014999999	-28.931875	0.09439612	-358.29318	1219.0	1.1001772	0.54191273	4.5018172e-05	149.0	0.0014971611	17.886555	0.102075845	0.001090468	-0.6185566	0.0117	0.027945496	-0.00032427174	0.008616526	216.7975	-345.71472	7.1759996	-347.26944	6.618853	94.0	15081.479
95	7680000	1.5	0.014999999	-29.302567	0.09986247	-356.50085	1219.0	1.253977	0.7112185	4.8568585e-05	149.0	0.004839852	17.885878	0.122294486	0.0011167845	-0.6068855	0.010775	0.09085721	0.00011149254	0.010469987	172.8128	-345.9675	7.495341	-346.80017	7.0627203	95.0	15250.245
96	7760000	1.5	0.014999999	-27.802675	0.11951391	-354.3795	1219.0	1.4430083	0.57414836	4.7883856e-05	112.0	0.0043323194	17.885677	0.13988346	0.016293257	-0.61301655	0.1234875	0.07993011	0.016401203	0.0126903625	181.40698	-348.29324	5.8832626	-349.88116	6.00355	96.0	15414.465
97	7840000	1.5	0.014999999	-29.011412	0.15194511	-363.3801	1219.0	1.3256707	0.8733265	6.170563e-05	149.0	-0.0024683566	17.884907	0.14232856	0.0020901614	-0.64251715	0.0195	-0.047578078	9.368005e-05	0.028550519	191.9699	-348.2438	5.1148515	-350.46323	5.2923865	97.0	15583.255
98	7920000	1.5	0.014999999	-28.857409	0.13751657	-360.30582	1219.0	1.4381673	0.8562155	8.444637e-05	149.0	0.0072827176	17.884768	0.1693455	0.0010321871	-0.66621405	0.006175	0.13688676	0.00033948163	0.025252972	193.18033	-348.0499	4.7993765	-349.24026	4.604224	98.0	15750.738
99	8000000	1.5	0.014999999	-29.8445	0.16819993	-356.65463	1219.0	1.1904222	0.7700383	7.584375e-05	149.0	-0.0040728804	17.883675	0.15496403	0.0011099161	-0.665369	0.0132875	-0.077674724	0.00037957222	0.01968611	194.54718	-348.7387	4.5868726	-350.6331	4.383887	99.0	15920.512
100	8080000	1.5	0.014999999	-28.860735	0.16541533	-367.39404	1219.0	1.7606368	0.9251785	8.4688116e-05	10.0	0.021426437	17.908377	0.25565058	0.018380582	-0.6645846	0.1248375	0.4004728	0.01452892	0.07483729	210.21346	-345.87366	5.223648	-347.92383	5.2073474	100.0	16075.085
101	8160000	1.5	0.014999999	-29.463978	0.24766977	-355.3701	1219.0	1.5302103	0.9768127	0.00010129765	27.0	-0.008869746	17.885103	0.21997437	0.01577435	-0.699448	0.1116625	-0.17102206	0.012533154	0.052999217	182.41325	-347.3747	4.858643	-349.75485	4.9582233	101.0	16231.891
102	8240000	1.5	0.014999999	-31.380657	0.22606409	-357.70007	1219.0	1.034153	0.89451313	7.704899e-05	37.0	-0.014457367	17.882954	0.1662448	0.015096629	-0.69707304	0.1202625	-0.27839184	0.015753886	0.031784434	209.06053	-345.22684	5.666037	-346.31622	5.5707517	102.0	16388.738
103	8320000	1.5	0.014999999	-28.55495	0.1577326	-352.40155	1219.0	1.4189402	0.7690828	6.76938e-05	38.0	0.012801417	17.883026	0.21281353	0.015186317	-0.7217187	0.1233875	0.23992357	0.014457736	0.034618825	182.22896	-346.81586	4.6329207	-348.55063	3.846818	103.0	16544.78
104	8400000	1.5	0.014999999	-28.790575	0.23634827	-358.51672	1219.0	1.066177	0.9805662	6.948235e-05	72.0	-0.00083746854	17.881294	0.23512103	0.02004721	-0.75854325	0.1304625	-0.020549694	0.014830245	0.0424636	220.49464	-344.32025	4.8707094	-346.80032	4.8014436	104.0	16706.508
105	8480000	1.5	0.014999999	-30.225618	0.27335373	-352.59918	1219.0	1.2734333	0.8539651	7.930472e-05	149.0	-0.017867336	17.880762	0.22713144	0.0021383553	-0.78396696	0.0248625	-0.3391415	0.001156708	0.10708777	188.73325	-343.42822	4.8020473	-346.3113	4.6888304	105.0	16874.635
106	8560000	1.5	0.014999999	-27.303762	0.24411565	-366.0127	1219.0	1.4978621	1.025284	0.00012200016	2.0	0.0062244562	17.880705	0.27166247	0.028526029	-0.78408027	0.154475	0.112062804	0.02536429	0.062132075	230.9067	-340.94	5.996783	-343.20096	5.477632	106.0	17026.916
107	8640000	1.5	0.014999999	-33.17862	0.23444346	-363.76395	1219.0	1.6032745	1.0464016	5.2669493e-05	6.0	0.017654194	17.888721	0.31028095	0.016466374	-0.7858846	0.1406625	0.33340517	0.017204566	0.05799591	211.14185	-342.11212	4.7503877	-345.40997	4.5995665	107.0	17183.496
108	8720000	1.5	0.014999999	-27.043722	0.33589065	-365.21832	1219.0	1.4048847	0.8069313	4.5697692e-05	26.0	-0.0020746796	17.880373	0.33016542	0.016596897	-0.7963908	0.122725	-0.043627325	0.013555948	0.058036048	234.9128	-340.42654	5.77697	-342.64362	5.6720595	108.0	17337.746
109	8800000	1.5	0.014999999	-31.072279	0.3205736	-363.8081	1219.0	1.3792102	0.8419328	8.260504e-05	68.0	0.0017132087	17.879948	0.34229782	0.0170979	-0.81092364	0.113	0.023541367	0.015015296	0.07491502	215.62305	-337.69928	6.3990154	-340.81522	6.114489	109.0	17500.168
110	8880000	1.5	0.014999999	-27.293776	0.46067315	-349.03653	1219.0	3.1546383	1.0298942	0.00020038938	5.0	-0.045020863	18.04741	0.34485382	0.018182315	-0.8119506	0.134875	-0.8656462	0.018651064	0.34320363	193.2188	-339.42657	5.3242674	-342.19855	5.030933	110.0	17658.629
111	8960000	1.5	0.014999999	-28.65839	0.33411974	-349.95987	1219.0	1.4239821	0.87326604	8.887501e-05	1.0	-0.0505845	17.884481	0.12607598	0.01643206	-0.81209654	0.1495125	-0.9615618	0.019251447	0.08657545	166.56926	-341.2229	4.384198	-344.18405	4.113522	111.0	17813.943
112	9040000	1.5	0.014999999	-28.106434	0.13376005	-351.78107	1219.0	1.8542924	0.87892693	6.7441586e-05	1.0	0.0047298665	17.918568	0.15823445	0.03041201	-0.8122111	0.1603625	0.083216734	0.030019913	0.016762003	200.96184	-344.02692	3.4371192	-345.8956	3.0927958	112.0	17970.152
113	9120000	1.5	0.014999999	-25.863262	0.14164697	-361.4123	1219.0	1.4026483	1.1543233	0.00014509753	2.0	-0.004591003	17.885105	0.12263921	0.030061029	-0.81241506	0.158075	-0.084019944	0.03053789	0.024297848	258.3983	-346.87448	2.8104098	-348.45865	2.9077802	113.0	18126.45
114	9200000	1.5	0.014999999	-32.355484	0.15430792	-357.43857	1219.0	1.0227838	0.95862323	0.0001004699	149.0	-0.014007687	17.883627	0.107607126	0.0033473114	-0.83325773	0.0452125	-0.26480487	0.001638448	0.01317218	229.08667	-346.49963	3.0361652	-348.7862	3.1106522	114.0	18293.527
115	9280000	1.5	0.014999999	-26.725794	0.07897642	-365.0287	1219.0	1.9666083	1.0344616	0.00014848358	39.0	0.026644638	17.929634	0.18822126	0.01955692	-0.8375178	0.1304375	0.5038286	0.016480219	0.04304555	219.6228	-343.53317	3.7790353	-346.16257	3.6178086	115.0	18453.205
116	9360000	1.5	0.014999999	-32.25932	0.19568394	-368.01855	1219.0	1.6865453	1.2040384	6.636222e-05	72.0	0.0012858534	17.901554	0.20436521	0.018058492	-0.86590666	0.135175	0.022907281	0.014705276	0.035543647	238.11148	-341.72275	4.016867	-343.86554	4.5264874	116.0	18615.018
117	9440000	1.5	0.014999999	-31.069715	0.25636572	-365.10754	1219.0	1.3675596	0.8727493	7.159215e-05	16.0	-0.022412648	17.884964	0.18923798	0.023408266	-0.8696136	0.14655	-0.4271788	0.020037515	0.04459263	217.40845	-339.4284	4.976852	-341.3088	4.8364587	117.0	18771.31
118	9520000	1.5	0.014999999	-29.426813	0.13707685	-362.21	1219.0	1.2910057	0.9269285	0.00014487356	32.0	0.0051887846	17.884277	0.15717521	0.015948288	-0.8655129	0.116375	0.095083944	0.015091028	0.027414236	192.67702	-337.65466	5.336023	-340.0471	5.4505954	118.0	18931.195
119	9600000	1.5	0.014999999	-28.740625	0.22146966	-349.86728	1219.0	2.624352	1.0324771	0.00015295763	80.0	0.00017405451	17.997368	0.2543	0.016317718	-0.8710356	0.113	-0.006915757	0.012670608	0.10822025	192.89487	-338.91287	4.4934115	-342.37582	4.404896	119.0	19095.19
120	9680000	1.5	0.014999999	-29.605053	0.27568868	-352.18832	1219.0	1.3146923	1.1538312	7.8385965e-05	2.0	-0.03916826	17.886917	0.11323666	0.01548595	-0.8708525	0.1279125	-0.74266744	0.018029673	0.053046234	208.43436	-340.783	3.747344	-344.07553	3.325923	120.0	19255.06
121	9760000	1.5	0.014999999	-26.909182	0.12119525	-357.62375	1219.0	1.2533952	1.098347	8.2279534e-05	122.0	-0.002509105	17.886122	0.11570677	0.018082876	-0.87428474	0.1403	-0.050415773	0.01779298	0.009186993	217.42982	-343.07333	2.7734964	-344.60352	2.6520865	121.0	19423.492
122	9840000	1.5	0.014999999	-28.09869	0.11414733	-357.27228	1219.0	1.4393386	0.7989192	6.056243e-05	36.0	0.0021954356	17.886059	0.12651512	0.015289587	-0.865037	0.127275	0.03881269	0.016180532	0.008188815	208.8935	-344.91458	2.263527	-347.88467	2.2231796	122.0	19586.162
123	9920000	1.5	0.014999999	-30.480581	0.13530654	-356.1947	1219.0	0.9519705	0.7928859	3.5099132e-05	61.0	-0.012025067	17.884188	0.08638037	0.017147833	-0.88382334	0.1353	-0.2274664	0.016335016	0.008200319	191.57867	-347.2251	2.1313496	-349.57498	2.0315814	123.0	19752.068
124	10000000	1.5	0.014999999	-28.671455	0.0743766	-361.0102	1219.0	1.0006007	0.6324354	6.434654e-05	59.0	0.0059594917	17.882692	0.096336685	0.015663445	-0.89428526	0.138425	0.111727916	0.01324048	0.009697546	180.0375	-349.10782	1.9036684	-350.61728	1.9348835	124.0	19911.04
125	10080000	1.5	0.014999999	-26.587753	0.118291125	-361.7991	1219.0	1.5956916	0.70054185	5.2651194e-05	18.0	0.0074894363	17.89072	0.15925838	0.016126055	-0.89753425	0.1292375	0.14053941	0.015560477	0.019476641	228.53363	-350.74966	1.849795	-353.3262	1.8513762	125.0	20066.137
126	10160000	1.5	0.014999999	-30.082294	0.15822352	-363.93134	1219.0	1.1094774	0.7879368	6.0340644e-05	80.0	-0.010906097	17.881641	0.11481371	0.02348553	-0.9055844	0.1429	-0.20693523	0.018204238	0.014869278	193.066	-353.13315	2.0168157	-354.89456	1.9886309	126.0	20230.906
127	10240000	1.5	0.014999999	-28.892694	0.11404839	-365.68506	1219.0	1.311925	0.8241414	8.691252e-05	6.0	0.008447322	17.881218	0.14861856	0.016461933	-0.9047117	0.1374125	0.16058953	0.0155381225	0.021036528	185.19678	-354.53503	2.11765	-356.0296	1.9992511	127.0	20386.771
128	10320000	1.5	0.014999999	-28.912271	0.19242837	-367.14276	1219.0	1.439124	0.66626805	4.91875e-05	35.0	0.00030134275	17.880896	0.20470004	0.019292003	-0.9279366	0.1364875	0.0013612004	0.01703313	0.023230122	230.36058	-352.14645	1.9494219	-354.41602	1.8780854	128.0	20543.184
129	10400000	1.5	0.014999999	-30.929363	0.19480754	-365.7701	1219.0	1.2599071	0.85485524	3.142793e-05	14.0	-0.005852558	17.879992	0.17043854	0.021623299	-0.9353371	0.1616125	-0.11182577	0.018715503	0.00930323	199.9468	-350.6664	1.9252247	-352.81973	1.8453071	129.0	20701.123
130	10480000	1.5	0.014999999	-30.097324	0.15909997	-363.75198	1219.0	1.2095231	0.9389943	2.6158374e-05	2.0	-0.002891551	17.879066	0.14697812	0.02046237	-0.93597215	0.1387	-0.05748199	0.018880814	0.0061325086	187.80298	-348.4091	1.8768705	-349.56448	1.7630247	130.0	20861.033
131	10560000	1.5	0.014999999	-29.600426	0.13463035	-360.99106	1219.0	1.2716215	0.9848358	2.1380456e-05	123.0	-0.0005564159	17.878386	0.13181275	0.023344023	-0.9592773	0.1367875	-0.011747894	0.020300036	0.0052471543	182.66174	-346.51843	1.8125241	-348.4645	1.7978548	131.0	21031.43
132	10640000	1.5	0.014999999	-30.28609	0.1229901	-359.37634	1219.0	1.3032488	1.0540206	2.0241638e-05	39.0	-0.0011007538	17.877707	0.11778534	0.02029724	-0.961195	0.1586125	-0.022281962	0.019560834	0.0035991543	164.22736	-348.63782	1.6935108	-351.18436	1.7202313	132.0	21196.129
133	10720000	1.5	0.014999999	-28.711609	0.12504266	-360.78262	1219.0	1.1964724	1.0688343	2.035269e-05	80.0	-0.0023930175	17.876717	0.114624634	0.032977983	-0.9722195	0.1951	-0.04549286	0.02937925	0.0028435083	181.07692	-350.9981	1.70551	-353.32654	1.6692895	133.0	21364.87
134	10800000	1.5	0.014999999	-28.276466	0.100631185	-364.24838	1219.0	1.2869582	1.2719527	8.735643e-05	20.0	0.009213279	17.876106	0.13894454	0.022166712	-0.97721	0.1558	0.17173134	0.022383204	0.025875619	190.71104	-349.2574	1.6485362	-350.91394	1.5769148	134.0	21526.516
135	10880000	1.5	0.014999999	-32.974014	0.14134967	-364.41824	1219.0	1.2623775	1.5660343	8.290568e-05	6.0	0.014444826	17.875248	0.20163594	0.031768836	-0.979208	0.1966125	0.2754633	0.032768942	0.052020483	198.81728	-350.41968	1.6479343	-352.43887	1.636112	135.0	21687.463
136	10960000	1.5	0.014999999	-28.187765	0.32902184	-363.87564	1219.0	1.0584664	1.265156	8.15227e-05	18.0	-0.037215866	17.873877	0.22083774	0.0167784	-0.99189377	0.148975	-0.69915223	0.015993975	0.09647306	184.13928	-351.52612	1.724494	-353.96338	1.7255188	136.0	21843.219
137	11040000	1.5	0.014999999	-28.975147	0.19798602	-368.23846	1219.0	1.5780292	1.3984909	9.432726e-05	51.0	0.013488843	17.879961	0.25546032	0.0152979	-1.0071145	0.1427375	0.25272733	0.014449463	0.048342705	184.81287	-349.85596	1.59452	-351.8645	1.5536638	137.0	22006.236
138	11120000	1.5	0.014999999	-30.76124	0.27033964	-375.0813	1219.0	2.0493398	1.5116695	4.253978e-05	2.0	0.034040593	17.927885	0.41371903	0.0155232	-1.0073873	0.1088625	0.6378712	0.012268585	0.13757339	194.14116	-347.8673	1.4443781	-351.65427	1.4972404	138.0	22161.307
139	11200000	1.5	0.014999999	-30.750294	0.46426153	-371.4293	1219.0	1.7975725	1.4459097	8.068951e-05	74.0	-0.004600361	17.903437	0.45027232	0.017996687	-1.0548466	0.16465	-0.09478344	0.01430101	0.14448169	190.20082	-346.01575	1.4417225	-348.643	1.4000506	139.0	22323.875
140	11280000	1.5	0.014999999	-28.787394	0.40624318	-369.09256	1219.0	1.7376381	1.2436191	8.093959e-05	14.0	0.007936712	17.898224	0.44803238	0.01896198	-1.0550879	0.14845	0.1468322	0.018367682	0.08032781	232.3668	-344.71924	1.7330614	-347.32465	1.5835365	140.0	22482.328
141	11360000	1.5	0.014999999	-30.35195	0.5986219	-357.49374	1219.0	1.1785313	1.233791	0.0001490777	12.0	-0.0860386	17.876024	0.3469012	0.015115728	-1.0542003	0.1206125	-1.6261839	0.013194012	0.40493	216.53465	-343.78665	1.9848257	-345.9733	1.881522	141.0	22644.68
142	11440000	1.5	0.014999999	-28.34207	0.32750243	-353.31226	1219.0	1.2897633	1.3421285	4.1150994e-05	43.0	-0.0422032	17.875446	0.15961723	0.019474048	-1.0691737	0.144725	-0.7996698	0.018380215	0.13677509	189.34389	-342.37473	2.246133	-344.13916	2.1077147	142.0	22806.812
143	11520000	1.5	0.014999999	-29.034184	0.15667279	-352.96756	1219.0	1.4841167	1.53317	2.8016011e-05	2.0	-0.007631447	17.875414	0.12380081	0.016403718	-1.0698501	0.1328	-0.14488946	0.014427503	0.020176705	194.85149	-341.01587	2.5903065	-343.87372	2.5606718	143.0	22968.074
144	11600000	1.5	0.014999999	-29.556524	0.11452121	-352.44406	1219.0	1.5741801	1.4402504	2.6433128e-05	9.0	0.003277676	17.880655	0.12729996	0.01691148	-1.0710107	0.13915	0.059247095	0.01729182	0.008486062	182.94518	-342.53342	2.1839736	-344.61304	2.218104	144.0	23125.477
145	11680000	1.5	0.014999999	-28.68225	0.12842275	-351.6695	1219.0	1.4550211	1.1774292	2.1949843e-05	14.0	-0.0019665682	17.87518	0.11957909	0.022414237	-1.072729	0.1672125	-0.03995779	0.022448452	0.006024117	183.93416	-343.66977	1.7790852	-346.5871	1.6131018	145.0	23282.61
146	11760000	1.5	0.014999999	-28.695332	0.11571707	-352.00546	1219.0	1.4436064	1.3851134	6.27334e-05	42.0	0.0014781496	17.874945	0.12087399	0.019922366	-1.0876292	0.1440625	0.026788142	0.018876428	0.0065547745	198.72043	-344.76108	1.5857253	-347.04303	1.6224881	146.0	23442.195
147	11840000	1.5	0.014999999	-31.223612	0.14808537	-358.71848	1219.0	0.9733946	1.6276563	4.177718e-05	14.0	-0.013532886	17.87332	0.09395263	0.018709356	-1.0905627	0.151475	-0.2564443	0.020894058	0.0091995755	193.81004	-343.6267	1.7153145	-346.006	1.6261928	147.0	23601.54
148	11920000	1.5	0.014999999	-26.499487	0.08529398	-352.45853	1219.0	1.2799639	1.4636691	3.968333e-05	2.0	0.0056975465	17.87291	0.11246686	0.0250039	-1.0906602	0.161925	0.10850999	0.022435006	0.0064256676	193.57674	-342.0731	2.00424	-343.77774	1.8445534	148.0	23756.506
149	12000000	1.5	0.014999999	-31.111523	0.11666626	-353.6458	1219.0	1.424304	1.5156658	2.420805e-05	3.0	-0.00011231531	17.87246	0.116035365	0.01628387	-1.0906619	0.1405125	-0.0048314603	0.014425032	0.006456363	167.94057	-343.4347	1.7723117	-345.70087	1.6218718	149.0	23912.488
