Epoch	TotalEnvInteracts	worker/CostLimit	worker/noise	learner/VVals	learner/CostVVals	worker/EpRet	worker/EpLen	worker/EpCost	learner/LossQ	learner/LossQC	learner/StopIter	learner/LossPi	learner/Lagrangian	learner/QcRet	learner/KL	learner/Entropy	learner/ClipFrac	learner/LossQcPenalty	learner/LossVallina	learner/LossVC	learner/LossV	Eval/NaturalReward	Eval/NaturalCost	Eval/AdvUniformReward	Eval/AdvUniformCost	worker/Epoch	worker/Time
0	80000	1.5	0.0	0.08373152	0.047062233	-1819.8579	1219.0	466.03638	2.1176486	0.006087734	4.0	9.382364	48.01288	36.526356	0.016075043	0.92092425	0.2432375	459.48184	0.02387015	1380.089	19699.197	-2001.1981	471.72012	-2001.2532	471.71985	0.0	43.201366
1	160000	1.5	0.0	-57.064754	38.77621	-1995.2971	1219.0	469.03754	1.2536618	0.00094635284	18.0	0.20964222	49.245262	39.670944	0.018559106	0.9133377	0.288175	10.472915	-0.00023420429	6.7056437	10377.156	-1800.4276	468.57697	-1800.4081	468.57642	1.0	87.50335
2	240000	1.5	0.0023027735	-149.20634	39.578472	-1804.7328	1219.0	465.6488	1.1836361	0.00039195767	7.0	-0.03205648	50.296444	39.658234	0.016726766	0.90952295	0.2625625	-1.7326254	-0.0012162297	1.829979	515.6809	-1609.8184	465.0021	-1609.7639	464.9986	2.0	133.41621
3	320000	1.5	0.004252031	-145.12529	39.59521	-1635.8019	1219.0	461.72223	1.0944186	0.0002461742	6.0	-0.10717963	51.269775	39.467186	0.01668157	0.9074355	0.2542625	-5.6850066	-0.0035095874	1.7418045	411.03442	-1424.1925	460.2376	-1424.1282	460.22784	3.0	179.19258
4	400000	1.5	0.0059020403	-132.67162	39.3966	-1458.4553	1219.0	455.89304	1.0593113	0.0002291156	6.0	-0.16862327	52.043804	39.10029	0.017874409	0.9067784	0.2984	-9.079851	-0.0054123267	2.4988976	370.9709	-1226.0308	452.1296	-1225.9452	452.1232	4.0	225.17538
5	480000	1.5	0.0072987443	-118.36621	38.98568	-1285.4668	1219.0	446.94153	0.9888228	0.00020831605	5.0	-0.24540274	52.482525	38.458603	0.016477644	0.90608215	0.258525	-13.292888	-0.010677949	3.9773512	321.39584	-1040.9159	438.87894	-1040.9076	438.89508	5.0	271.21683
6	560000	1.5	0.008481027	-104.195656	38.301025	-1123.2095	1219.0	435.9347	0.94217604	0.00017494142	5.0	-0.3046086	52.668747	37.580433	0.017429648	0.9050198	0.2773375	-16.549316	-0.012461621	5.7236485	284.53824	-846.3656	418.99872	-846.4902	418.9903	6.0	316.99356
7	640000	1.5	0.009481809	-90.569725	37.28955	-969.3588	1219.0	420.9706	0.8701428	0.0001817605	5.0	-0.35676095	52.4358	36.36807	0.016500292	0.9039584	0.2645625	-19.351679	-0.013157699	7.399911	254.75465	-666.36224	383.93277	-666.5511	383.94513	7.0	362.78726
8	720000	1.5	0.010328949	-77.59294	35.777893	-828.29785	1219.0	400.84055	0.8033614	0.00018217305	6.0	-0.37348068	51.63255	34.710392	0.01760008	0.9020147	0.292125	-20.052073	-0.012246555	7.682424	218.94548	-492.64362	302.91745	-492.77692	302.9497	8.0	408.65363
9	800000	1.5	0.011046043	-65.860725	33.536114	-704.4629	1219.0	371.65958	0.6758715	0.00021118698	7.0	-0.40611047	49.81574	32.205956	0.015904555	0.89911747	0.240375	-21.101324	-0.014788857	8.3001795	167.4358	-381.42957	133.0884	-381.47195	133.17065	9.0	454.61188
10	880000	1.5	0.01165305	-55.63655	29.97106	-594.9153	1219.0	325.0639	0.6212767	0.00027843233	13.0	-0.48882762	46.115673	28.238174	0.015917856	0.8907166	0.2213	-23.531878	-0.01368108	10.771181	105.01907	-253.11763	59.127026	-253.25058	59.124874	10.0	501.2618
11	960000	1.5	0.012166867	-46.5215	23.516657	-495.86505	1219.0	237.243	0.5350627	0.00037581444	140.0	-0.7562823	38.10086	20.621876	0.015002241	0.7924184	0.110325	-29.95875	-0.014798145	16.379694	62.83213	-25.11854	333.56302	-25.396458	333.69025	11.0	558.3804
12	1040000	1.5	0.012601807	-39.007286	14.299928	-413.43246	1219.0	127.249626	0.39205638	0.0004214878	149.0	-0.90910035	27.575497	10.652589	0.00777526	0.7078324	0.068575	-26.058784	-0.00775878	20.098705	41.480713	-6.213718	332.63397	-6.2527785	332.63232	12.0	616.2825
13	1120000	1.5	0.012969971	-33.687664	8.54513	-380.43195	1219.0	94.37235	0.32755905	0.0005187221	149.0	-0.22619705	24.577805	7.586844	0.0070854034	0.62717336	0.0623875	-5.8548055	-0.0076332823	4.8066363	20.730158	-5.1723003	332.73206	-5.1793175	332.73062	13.0	674.3666
14	1200000	1.5	0.0132816145	-30.814585	6.1802244	-355.35068	1219.0	73.95881	0.2801926	0.00047161322	149.0	-0.06047828	22.76251	5.8992786	0.006613958	0.54842716	0.05965	-1.4854841	-0.007581308	3.7206945	15.615014	-4.543168	332.78378	-4.5354915	332.784	14.0	732.4503
15	1280000	1.5	0.013545423	-28.541931	4.478547	-330.10608	1219.0	52.410244	0.25572014	0.00037712694	149.0	-0.05506874	20.77679	4.2251806	0.0060061403	0.4707356	0.0568	-1.2341784	-0.0070350836	3.5326574	12.295847	-4.245382	332.81107	-4.2444015	332.8117	15.0	790.51764
16	1360000	1.5	0.013768726	-26.692738	3.5751078	-308.56042	1219.0	44.031487	0.21331663	0.0002635538	149.0	0.012892209	20.065308	3.5981836	0.005485907	0.39795095	0.052525	0.24539775	-0.005943269	3.3026903	11.379608	-170.57613	249.95277	-170.35985	250.17035	16.0	848.463
17	1440000	1.5	0.013957752	-24.883322	3.1052942	-292.39148	1219.0	37.445522	0.18610102	0.00021423725	149.0	0.021685041	19.537773	3.1770308	0.0031654022	0.34623477	0.0305	0.43291864	-0.007965842	3.4686608	9.439191	-6.813282	332.57434	-6.7847137	332.5784	17.0	906.5431
18	1520000	1.5	0.014117749	-23.591692	3.000236	-277.6657	1219.0	36.23022	0.18667074	0.00017845075	149.0	0.05250981	19.492239	3.2164564	0.00070210185	0.32014322	0.002075	1.0766404	-0.0036129283	3.6577227	7.117189	-3.7132468	332.88635	-3.7038102	332.88635	18.0	964.4893
19	1600000	1.5	0.014253196	-22.500858	3.1681614	-269.2545	1219.0	36.1764	0.17946762	0.00018325755	149.0	0.057143025	19.589476	3.4046507	9.250609e-05	0.30703208	1.25e-05	1.1777993	-0.0019388002	3.5981874	6.3324423	-3.0456195	332.94785	-3.0638585	332.94586	19.0	1022.49207
20	1680000	1.5	0.014367847	-21.80855	3.4100661	-268.52457	1219.0	35.969444	0.18463567	0.00017654247	149.0	0.041874077	19.672125	3.589777	0.00059323385	0.28484416	0.0009	0.86674005	-0.003075595	2.967423	5.593034	-3.042574	332.9481	-3.0295632	332.94962	20.0	1080.5488
21	1760000	1.5	0.014464887	-21.716558	3.5883214	-260.7905	1219.0	36.913345	0.18640025	0.0002116618	124.0	0.07333294	19.868212	3.8986242	0.019514907	0.27163175	0.0344375	1.4838215	0.017850842	3.53215	6.0468087	-241.99716	149.79482	-241.0177	149.898	21.0	1136.255
22	1840000	1.5	0.014547037	-21.229969	3.917265	-280.47363	1219.0	37.457787	0.20286925	0.0002317029	16.0	0.0128794545	20.02899	3.9683518	0.0242873	0.269249	0.0450375	0.23318681	0.016221983	2.624757	8.796761	-276.23233	111.7221	-276.1136	111.42264	22.0	1182.9767
23	1920000	1.5	0.014616577	-22.463316	3.9356863	-281.2691	1219.0	33.872887	0.21222071	0.00019874405	2.0	-0.05013434	19.770721	3.7333856	0.025394756	0.26885414	0.061275	-1.0681494	0.026268635	2.3656049	10.960892	-293.28384	76.24246	-293.83484	76.26908	23.0	1228.4941
24	2000000	1.5	0.014675439	-22.85814	3.6612134	-295.27805	1219.0	29.377531	0.23039098	0.00020536655	2.0	-0.10597212	19.409098	3.2253144	0.08891884	0.26847124	0.1028875	-2.4159372	0.10768539	2.8972797	15.075129	-331.83984	31.559156	-332.2723	31.275427	24.0	1274.0935
25	2080000	1.5	0.014725265	-24.082819	3.0852456	-321.23096	1219.0	19.93797	0.26880094	0.00022914079	1.0	-0.24664165	18.549444	2.0540364	0.052403852	0.26830718	0.1103875	-4.845313	0.07550504	6.375064	36.64472	-358.27338	11.444593	-358.12924	11.526539	25.0	1319.4106
26	2160000	1.5	0.014767439	-26.132172	2.0945606	-346.3378	1219.0	16.543701	0.2769653	0.00025500005	1.0	-0.14399546	18.254557	1.4923164	0.0317795	0.26813555	0.10165	-2.7845974	0.05004493	3.4584491	44.999264	-376.20517	2.9704106	-376.0502	3.0855446	26.0	1364.8563
27	2240000	1.5	0.014803143	-28.2093	1.597786	-367.32004	1219.0	15.466967	0.30387503	0.00028309893	1.0	-0.07761505	18.189816	1.2794192	0.03739481	0.26794007	0.1192125	-1.5129806	0.052079633	1.8060365	54.284874	-397.48392	1.4671751	-397.73615	1.4472822	27.0	1410.4082
28	2320000	1.5	0.014833362	-30.074047	1.6780508	-390.22906	1219.0	24.957727	0.3271346	0.00039267394	5.0	0.094995715	19.223894	2.072553	0.016753322	0.2670155	0.1420125	1.8840504	0.014529391	1.2738818	68.06949	-387.15112	1.3099366	-386.95816	1.2535378	28.0	1456.1903
29	2400000	1.5	0.014858946	-31.383776	1.2453516	-372.30185	1219.0	7.341032	0.30441847	0.00030790968	149.0	-0.1501658	17.485268	0.6307994	0.005970973	0.22080371	0.056725	-2.794248	-0.0026156665	0.87484354	79.24276	-346.3422	5.478526	-345.62283	5.4153156	29.0	1514.2812
30	2480000	1.5	0.0148806	-30.662045	0.2936147	-364.42996	1219.0	1.646204	0.2790112	0.0001945497	149.0	-0.03927634	16.908339	0.14009443	0.0016337424	0.20465328	0.013575	-0.7064182	0.00040668793	0.07909452	103.888374	-345.10065	11.440446	-345.48523	10.995475	30.0	1572.4722
31	2560000	1.5	0.014898927	-30.041857	0.14642332	-366.49072	1219.0	1.6580037	0.27977905	0.00015648683	149.0	-0.0053409967	16.908716	0.13446859	0.00044638148	0.19191113	0.0017625	-0.09604825	-0.0006667345	0.025725607	108.08284	-344.42944	16.50523	-344.00824	16.027067	31.0	1630.4146
32	2640000	1.5	0.014914451	-30.060057	0.13504237	-365.14444	1219.0	1.5424025	0.29458913	0.00014198816	149.0	-0.0041956655	16.897398	0.124927476	0.00076312973	0.18172002	0.006125	-0.076292984	9.249854e-05	0.024256703	109.7838	-345.6961	21.048733	-344.97073	20.697441	32.0	1688.4503
33	2720000	1.5	0.01492758	-29.97591	0.121784985	-366.8899	1219.0	1.432138	0.27130538	0.000133717	149.0	-0.0029470695	16.895224	0.11365974	0.00018170611	0.16670895	0.000425	-0.053113062	-0.00034994946	0.017771777	114.35284	-345.66693	20.640312	-346.21164	20.195871	33.0	1746.428
34	2800000	1.5	0.014938699	-30.072124	0.11466167	-365.56152	1219.0	1.3397084	0.27870703	0.00012694235	149.0	-0.0028443872	16.894688	0.108606875	0.0006153229	0.1509347	0.002275	-0.051638667	-0.0003869272	0.014267551	114.07845	-345.44345	26.136154	-346.32693	25.955364	34.0	1804.4935
35	2880000	1.5	0.014948113	-30.127375	0.10789245	-366.0998	1219.0	1.2751563	0.27159232	0.00011103228	149.0	-0.002363177	16.893955	0.102610655	0.000110844005	0.14493787	0.0014	-0.04268355	-0.0001279788	0.013727076	116.25724	-346.64392	27.278072	-347.72717	26.732521	35.0	1862.497
36	2960000	1.5	0.014956073	-29.988325	0.10470585	-366.3933	1219.0	1.3440294	0.28156644	0.00010220526	149.0	-8.611979e-05	16.893497	0.108036354	0.00075947	0.13599372	0.0042375	-0.0026449182	0.00024290629	0.0151475575	112.705826	-347.74142	24.395807	-349.67365	23.385126	36.0	1920.4615
37	3040000	1.5	0.01496282	-30.009731	0.10882128	-367.59885	1219.0	1.284193	0.2768742	0.00010140303	149.0	-0.0019908512	16.892721	0.10435767	0.00051761296	0.1251905	0.003275	-0.03606325	-0.00017200208	0.017646879	106.160965	-347.8812	22.995897	-348.2255	22.29249	37.0	1978.7295
38	3120000	1.5	0.0149685275	-30.153013	0.104809165	-367.74988	1219.0	1.2721865	0.2922725	9.2480026e-05	149.0	0.000168007	16.891983	0.10452876	0.0006002652	0.10926771	0.002925	0.002714758	-0.000478405	0.018104581	97.2049	-348.47394	20.13451	-349.08673	19.350702	38.0	2036.9271
39	3200000	1.5	0.014973358	-30.469048	0.10507058	-367.06577	1219.0	1.2566855	0.27544564	8.24216e-05	149.0	-0.0001164304	16.891197	0.10339634	0.0003119216	0.100951426	0.0027125	-0.0023440449	-0.00016637711	0.017641652	91.130516	-348.7209	23.879797	-349.97903	23.603151	39.0	2095.0608
40	3280000	1.5	0.014977453	-30.345604	0.1043865	-367.43143	1219.0	1.3112061	0.2907827	8.011349e-05	149.0	0.001268796	16.890633	0.108313404	0.00050160306	0.0883944	0.00645	0.022421943	-0.00079734076	0.020284269	81.03319	-349.423	28.251244	-349.98535	27.987638	40.0	2153.1575
41	3360000	1.5	0.014980911	-30.78939	0.107518576	-365.6891	1219.0	1.2338514	0.2910143	7.472954e-05	149.0	-0.0007711969	16.889725	0.10351442	0.001403168	0.066241145	0.0107625	-0.014685556	-0.00065462495	0.016847726	78.193535	-348.20575	23.191755	-348.97446	22.783762	41.0	2211.3286
42	3440000	1.5	0.014983846	-30.157766	0.10263723	-366.54572	1219.0	1.277194	0.28144312	6.759016e-05	149.0	0.0010351359	16.889048	0.10636638	0.00043607512	0.05017674	0.001725	0.018353546	-0.00034555397	0.018679295	77.70957	-347.95557	21.588676	-349.3826	20.973286	42.0	2269.8745
43	3520000	1.5	0.014986322	-29.987444	0.10612788	-365.71915	1219.0	1.2271031	0.2647261	6.364686e-05	149.0	-0.0003669239	16.88813	0.10409186	0.00083507807	0.035214067	0.0057125	-0.0070149507	-0.0003970276	0.017516235	74.96167	-348.01907	18.353483	-349.67493	18.172771	43.0	2328.2476
44	3600000	1.5	0.0149884205	-30.050415	0.102276124	-364.54077	1219.0	1.1871675	0.26471132	5.7919293e-05	149.0	-0.00018728214	16.887138	0.10118934	0.0008515747	0.0230304	0.006975	-0.0038579812	-0.00042926177	0.016274463	78.61363	-346.88858	16.160646	-346.84094	15.973732	44.0	2386.354
45	3680000	1.5	0.0149901975	-29.996115	0.099121585	-363.13477	1219.0	1.1370553	0.25937968	5.7175865e-05	149.0	-0.00056961115	16.885998	0.096984	0.0014492429	-0.011421919	0.013425	-0.0109356195	-0.0010046863	0.013879343	83.02299	-346.2948	12.661866	-347.58466	12.607404	45.0	2444.5535
46	3760000	1.5	0.0149917025	-30.635515	0.09331819	-362.56757	1219.0	1.1460377	0.26472282	5.273911e-05	149.0	0.000947744	16.884895	0.09732276	0.00094956445	-0.041691065	0.0054875	0.016522845	-0.0005066362	0.013161598	90.85636	-346.28467	11.825191	-348.01157	11.859159	46.0	2502.6401
47	3840000	1.5	0.014992981	-30.339222	0.095933236	-362.2606	1219.0	1.1377696	0.2562788	5.0065457e-05	149.0	0.00048269366	16.883747	0.09828432	0.0011646765	-0.07602286	0.009125	0.007569435	-0.00018417588	0.013467099	96.45165	-346.44833	10.231987	-346.8894	9.619725	47.0	2560.84
48	3920000	1.5	0.014994055	-30.483067	0.094393924	-361.10037	1219.0	1.1091717	0.24764207	4.9866027e-05	149.0	0.0005322944	16.882524	0.09687453	0.0006534851	-0.07962108	0.0052375	0.00899629	-0.00018048477	0.012982249	102.323265	-345.92004	8.715214	-346.94757	8.879369	48.0	2619.152
49	4000000	1.5	0.014994966	-29.055984	0.09747167	-361.34106	1219.0	1.111051	0.2508049	4.918552e-05	149.0	0.00020660149	16.881308	0.09863982	0.0011814205	-0.09615934	0.0072	0.0032903785	-0.0005424392	0.013495154	108.265976	-345.35086	6.3391676	-345.5986	6.1388016	49.0	2677.3113
50	4080000	1.5	0.01499574	-29.37409	0.09614636	-360.13916	1219.0	1.0697994	0.24345808	4.836984e-05	149.0	-0.000447971	16.879967	0.094517514	0.0008341924	-0.10301018	0.0018	-0.008078558	-0.00018217831	0.011020032	113.112816	-345.82822	9.327187	-346.34183	9.2305	50.0	2735.6091
51	4160000	1.5	0.0149963945	-30.464172	0.09355292	-360.8688	1219.0	1.1170818	0.26499417	3.951817e-05	149.0	0.0012911914	16.878813	0.09924222	0.00044479498	-0.105418675	0.0030125	0.022778852	-0.00013265648	0.012969366	110.43182	-346.6242	10.316401	-347.41504	10.29249	51.0	2793.7925
52	4240000	1.5	0.014996949	-29.642141	0.10125292	-361.85342	1219.0	1.1705616	0.25394073	3.972071e-05	149.0	0.0010108955	16.877779	0.10596397	0.0019309946	-0.1393696	0.0135125	0.017266987	-0.00023591462	0.015734393	105.1527	-346.57205	8.649052	-346.94907	8.080762	52.0	2852.027
53	4320000	1.5	0.014997421	-30.484385	0.10016228	-361.05066	1219.0	1.1440881	0.2377747	3.840917e-05	149.0	0.0009080429	16.876608	0.104386084	0.0008682848	-0.15328002	0.0066625	0.015367206	0.000109591674	0.014733937	122.26641	-347.684	11.757904	-347.42792	12.054764	53.0	2910.2341
54	4400000	1.5	0.014997812	-30.41634	0.10251547	-361.82672	1219.0	1.2076814	0.24241605	3.6725418e-05	149.0	0.002400268	16.875738	0.113278136	0.0005948679	-0.16351499	0.0034625	0.042483382	-0.00012619286	0.017444791	116.84498	-348.0038	9.991689	-348.9619	9.802853	54.0	2968.6445
55	4480000	1.5	0.014998151	-30.124159	0.109963804	-361.76965	1219.0	1.2131451	0.23777285	4.0109204e-05	149.0	0.0011896961	16.874765	0.115797095	0.001188423	-0.18853435	0.010475	0.020476058	-0.00043525657	0.017393878	119.29731	-346.6561	11.986579	-348.00613	11.766269	55.0	3026.8447
56	4560000	1.5	0.014998434	-30.877745	0.1095481	-360.3597	1219.0	1.1306039	0.24770708	3.332055e-05	149.0	-0.00034558488	16.8736	0.109183036	0.0008306408	-0.21644111	0.00765	-0.0072266427	0.00015398502	0.014312447	123.03971	-345.25085	15.582091	-346.60114	16.064337	56.0	3085.2935
57	4640000	1.5	0.0149986725	-31.093853	0.10584031	-359.88034	1219.0	1.1293422	0.21698442	3.0160922e-05	149.0	0.00066726614	16.872437	0.10986636	0.0011764207	-0.24769448	0.0069875	0.011485157	-0.0002397377	0.0137393065	130.72122	-344.776	17.540356	-345.85477	17.047869	57.0	3143.3984
58	4720000	1.5	0.014998881	-30.350187	0.10553291	-359.3024	1219.0	1.1177951	0.21661857	2.5611647e-05	149.0	0.0009822662	16.87124	0.110987745	0.00074768934	-0.25676394	0.0038125	0.017376667	-0.00036599292	0.013020137	128.82916	-345.72266	13.213961	-347.19534	13.314021	58.0	3201.4336
59	4800000	1.5	0.014999048	-29.11734	0.11266941	-360.08093	1219.0	1.1459187	0.2294015	2.8031529e-05	149.0	0.00084454095	16.870153	0.117757544	0.00047062355	-0.2693949	0.001025	0.014763175	-5.10067e-05	0.014787394	136.70482	-345.74255	11.836287	-346.1779	11.579713	59.0	3259.4497
60	4880000	1.5	0.014999196	-30.170118	0.11446863	-359.54605	1219.0	1.1276656	0.22859415	2.6075923e-05	149.0	0.00018070027	16.868956	0.1169947	0.0018107906	-0.29320574	0.014425	0.0024325973	0.00016351986	0.0136521105	137.92717	-344.60263	10.5470085	-345.829	10.61324	60.0	3317.7947
61	4960000	1.5	0.014999316	-29.97031	0.11239429	-359.0657	1219.0	1.1063641	0.23154971	2.3825398e-05	149.0	0.00024998045	16.867725	0.11516448	0.0009786047	-0.3168249	0.006125	0.004106064	-0.00035782548	0.012432118	132.58673	-344.25586	9.211291	-344.56348	9.241684	61.0	3376.259
62	5040000	1.5	0.014999421	-29.6627	0.11438937	-358.45398	1219.0	1.0830691	0.23981616	2.3561452e-05	149.0	-0.00061399624	16.866426	0.1136661	0.0010330004	-0.3336754	0.0071375	-0.011618172	-0.00031087743	0.011677971	141.00044	-343.60706	11.758769	-344.42618	11.712576	62.0	3434.387
63	5120000	1.5	0.01499951	-30.009865	0.1121709	-358.16904	1219.0	1.0743012	0.23794155	2.4718154e-05	149.0	-0.00012270792	16.8651	0.113587305	0.0002481117	-0.33341554	0.003725	-0.0028846746	0.00018903695	0.011617387	141.5529	-342.70413	14.391094	-343.8556	14.143738	63.0	3492.5996
64	5200000	1.5	0.014999585	-29.89551	0.1100962	-358.40863	1219.0	1.069811	0.23094237	2.309107e-05	149.0	0.0004686899	16.863762	0.113976315	0.001335332	-0.36049747	0.0137375	0.007487133	-0.00023122215	0.011274399	140.1134	-343.3904	12.987514	-343.33353	13.753774	64.0	3550.7695
65	5280000	1.5	0.014999655	-29.471943	0.11320356	-358.50113	1219.0	1.080008	0.22662377	2.3567613e-05	149.0	0.00029068155	16.862461	0.11672351	0.0014872354	-0.38664293	0.0074625	0.0045219776	-0.00022164574	0.011742454	137.63275	-344.21088	9.803827	-344.77313	9.651932	65.0	3608.9238
66	5360000	1.5	0.014999704	-30.21249	0.11361629	-358.07367	1219.0	1.0913156	0.2295858	2.1715392e-05	149.0	0.00040129528	16.861187	0.11768364	0.0015599416	-0.41071215	0.011525	0.0058961	-0.00022610788	0.011266749	144.42778	-343.47797	12.516391	-344.8067	12.2661295	66.0	3668.1548
67	5440000	1.5	0.014999748	-30.492476	0.11537031	-358.86145	1219.0	1.1260523	0.25443023	2.4681876e-05	149.0	0.0011973346	16.860037	0.12290228	0.0008963732	-0.43341637	0.0054375	0.021228475	-0.00032930137	0.012274018	149.54285	-342.956	12.602608	-343.7684	12.545745	67.0	3726.4795
68	5520000	1.5	0.014999791	-29.471643	0.12281	-358.49255	1219.0	1.0987287	0.2381011	2.4245302e-05	149.0	-0.001034962	16.85875	0.12113458	0.00065165455	-0.43659073	0.0013875	-0.018643888	-0.00037942067	0.011758953	150.2689	-342.37415	12.908898	-343.12854	13.162252	68.0	3784.7175
69	5600000	1.5	0.01499982	-29.566748	0.11834447	-357.78516	1219.0	1.085916	0.25077206	2.3409002e-05	149.0	-0.0006054184	16.857458	0.118576564	0.0018865695	-0.46092227	0.0165125	-0.01161822	0.0002431942	0.010618874	147.56593	-341.61407	16.00074	-343.0912	15.519816	69.0	3842.8376
70	5680000	1.5	0.014999851	-30.164612	0.11815917	-357.53146	1219.0	1.1273597	0.26034942	2.635984e-05	149.0	0.00042408833	16.856329	0.122623295	0.001345514	-0.486804	0.00795	0.0069068335	-0.00048164796	0.011033393	153.26524	-340.80215	15.603262	-341.5089	14.852164	70.0	3901.2998
71	5760000	1.5	0.014999868	-29.753685	0.12034894	-357.32568	1219.0	1.1529914	0.25798392	2.6223372e-05	149.0	0.000357288	16.85522	0.124380946	0.0014880075	-0.51214606	0.007375	0.0055033434	-0.0001152132	0.010573974	150.72139	-341.4484	16.07617	-342.66425	16.14882	71.0	3959.5557
72	5840000	1.5	0.014999894	-30.335897	0.12551205	-357.99088	1219.0	1.2423326	0.27460402	2.5646581e-05	149.0	0.0014561709	16.854454	0.1342472	0.001446162	-0.5419168	0.0119125	0.02516893	-0.00023465976	0.011795321	160.09433	-340.97095	15.870332	-342.88416	15.402211	72.0	4017.92
73	5920000	1.5	0.01499991	-29.406807	0.13443422	-357.66226	1219.0	1.2767475	0.2573441	2.7157872e-05	149.0	-0.00012992627	16.853672	0.13692744	0.001185803	-0.54993254	0.00865	-0.0030809736	-0.00048986264	0.011914564	155.85109	-341.14093	18.984943	-341.80927	18.394842	73.0	4076.1672
74	6000000	1.5	0.014999923	-30.154316	0.1362221	-357.78513	1219.0	1.421694	0.25236458	2.8694723e-05	149.0	0.0021777677	16.853483	0.14807867	0.0008734284	-0.5628	0.0085	0.038066823	-0.000476995	0.012759559	156.52615	-340.56116	17.313496	-341.7517	17.199257	74.0	4134.8647
75	6080000	1.5	0.014999928	-29.536703	0.15097459	-357.56433	1219.0	1.4972191	0.27471325	3.0935837e-05	149.0	0.00029300313	16.853338	0.15499096	0.0007365002	-0.575377	0.00405	0.0042197374	-9.286232e-05	0.013184748	158.19246	-343.70383	14.631898	-344.4851	14.48151	75.0	4193.246
76	6160000	1.5	0.014999942	-28.823978	0.15686086	-358.89	1219.0	1.3974425	0.2742196	3.8815197e-05	149.0	-0.0021969914	16.852892	0.1505563	0.0035555884	-0.59435934	0.0494375	-0.0401275	0.0013089372	0.013502583	159.693	-346.04166	12.653754	-346.2644	12.464924	76.0	4251.639
77	6240000	1.5	0.014999954	-28.734247	0.15508923	-360.96588	1219.0	1.382282	0.275794	3.783413e-05	149.0	-0.000576655	16.852476	0.15597373	0.0011549359	-0.6131211	0.00565	-0.011015192	-0.000112473484	0.016308744	168.18628	-344.8116	11.539413	-346.9848	11.623065	77.0	4309.813
78	6320000	1.5	0.014999957	-29.740381	0.15542288	-360.1691	1219.0	1.3410026	0.28690922	3.0413688e-05	149.0	-0.0015464644	16.851938	0.15255277	0.0021770077	-0.6304465	0.0233875	-0.029862951	0.0009072308	0.014449733	169.4873	-343.90094	11.895021	-344.73993	11.471766	78.0	4368.1235
79	6400000	1.5	0.01499997	-29.83595	0.15383981	-359.8353	1219.0	1.3745617	0.31317556	2.8410159e-05	149.0	-0.00019452251	16.851532	0.15656993	0.0018316042	-0.6421018	0.0224	-0.004352501	0.00097261055	0.014428179	172.2232	-342.7364	10.453034	-343.82596	9.819038	79.0	4426.3286
80	6480000	1.5	0.014999973	-29.135004	0.15319222	-358.59927	1219.0	1.3039458	0.33053142	3.1444048e-05	149.0	-0.0018565254	16.850853	0.14915843	0.0015263011	-0.6634947	0.0069625	-0.03387481	-8.13776e-05	0.012553567	168.06538	-342.5702	8.747133	-343.71024	9.494586	80.0	4484.496
81	6560000	1.5	0.014999973	-29.268456	0.14858498	-358.71802	1219.0	1.2639333	0.31544954	2.8845923e-05	149.0	-0.0014849186	16.850086	0.14587751	0.0013997705	-0.67932856	0.0124375	-0.0280874	5.182438e-05	0.012213117	167.41603	-344.3524	6.6864834	-346.4495	6.7721186	81.0	4542.6606
82	6640000	1.5	0.014999983	-28.900602	0.14335449	-358.9927	1219.0	1.2185619	0.32258794	3.084116e-05	149.0	-0.0007880779	16.849186	0.1435237	0.00086444494	-0.69631475	0.0043875	-0.014456204	-0.00029602452	0.012105225	164.90762	-344.668	7.338281	-345.97247	6.8114414	82.0	4600.7075
83	6720000	1.5	0.014999985	-29.61255	0.14296664	-359.10468	1219.0	1.2818284	0.31984892	2.5882322e-05	149.0	0.00081648916	16.848536	0.1498368	0.0013875366	-0.70525706	0.008125	0.013315248	-0.00028154574	0.012280284	163.57262	-345.21945	6.0066934	-345.3957	5.464795	83.0	4658.9624
84	6800000	1.5	0.014999987	-29.265776	0.14625372	-358.44138	1219.0	1.2705735	0.31039295	2.7453945e-05	149.0	-0.00048868434	16.847727	0.14721887	0.0012014003	-0.7261782	0.01105	-0.009310049	0.00022247773	0.011729999	157.89584	-344.90118	4.9933786	-345.37012	4.5059314	84.0	4717.04
85	6880000	1.5	0.014999988	-29.179125	0.14580564	-357.7519	1219.0	1.228438	0.32540095	2.9653043e-05	149.0	-0.0015401136	16.846857	0.14208922	0.0008641121	-0.7374718	0.00815	-0.027861312	-0.00016401328	0.009824108	156.59618	-343.97327	6.366466	-345.25345	6.4299874	85.0	4775.109
86	6960000	1.5	0.014999988	-29.565731	0.14225003	-357.5217	1219.0	1.2708362	0.32457533	2.8247072e-05	149.0	7.834184e-06	16.846153	0.14492232	0.0014749028	-0.7356689	0.0097125	-0.0009098283	-0.0001682467	0.009820212	158.64275	-346.20184	4.7750244	-346.73126	4.5857553	86.0	4833.1875
87	7040000	1.5	0.014999988	-28.652357	0.14269483	-357.3075	1219.0	1.2171034	0.33707523	2.6294534e-05	10.0	-0.0011947289	16.845207	0.14048082	0.022818696	-0.733615	0.1382375	-0.023914535	0.018938314	0.0098407045	154.4798	-349.58118	3.2621772	-349.92563	2.7668705	87.0	4879.4766
88	7120000	1.5	0.014999988	-27.929544	0.14910327	-360.15833	1219.0	1.1328185	0.34256282	2.4025292e-05	149.0	-0.0012425758	16.844055	0.14663942	0.00097134954	-0.74285245	0.0035125	-0.02242129	-0.00023105349	0.012567877	163.55045	-350.28677	2.5880895	-349.724	2.7363486	88.0	4937.4263
89	7200000	1.5	0.014999988	-28.705887	0.14710943	-360.84576	1219.0	1.100718	0.35245115	2.7015554e-05	48.0	-0.00077599275	16.842808	0.1471363	0.020911261	-0.7574206	0.1283	-0.016597258	0.016107831	0.012183928	160.2139	-346.45337	3.3957186	-346.14944	3.3888257	89.0	4986.8794
90	7280000	1.5	0.014999999	-30.476847	0.13455561	-357.3667	1219.0	1.1216239	0.36527288	2.1872727e-05	75.0	-0.00058337377	16.841642	0.1355704	0.017551307	-0.7771666	0.12295	-0.012588379	0.013730417	0.009965891	157.30893	-348.56192	2.8205445	-348.46167	2.6418865	90.0	5038.688
91	7360000	1.5	0.014999999	-28.374208	0.14445283	-360.48706	1219.0	1.104357	0.35623133	2.5350939e-05	105.0	-0.00011237242	16.840384	0.14675218	0.02001596	-0.8102837	0.1399625	-0.0023575977	0.014588274	0.012021459	162.15125	-344.36658	4.0093427	-345.8924	3.561379	91.0	5092.936
92	7440000	1.5	0.014999999	-30.734125	0.13704638	-357.30847	1219.0	1.1818876	0.36674482	2.818894e-05	149.0	0.00025229834	16.83945	0.14170861	0.00083175563	-0.8085738	0.004875	0.0039766133	-0.0005263131	0.010144207	161.00067	-344.3222	4.3998904	-344.31763	3.9211519	92.0	5151.018
93	7520000	1.5	0.014999999	-29.521431	0.14254619	-357.56818	1219.0	1.2238176	0.35958266	3.0888226e-05	149.0	-0.00012569697	16.838531	0.14475918	0.0009489909	-0.8383006	0.0087375	-0.0032313508	-3.9776944e-05	0.009323159	157.9543	-344.034	4.015758	-343.60297	3.7678108	93.0	5208.9956
94	7600000	1.5	0.014999999	-29.254644	0.14553626	-357.8067	1219.0	1.2497902	0.3924911	2.674268e-05	149.0	-1.6189044e-06	16.837708	0.1484287	0.0009772658	-0.84445286	0.0048125	-0.0007648327	-0.00012580557	0.009859384	157.23871	-344.93158	3.1530688	-346.1112	2.7953527	94.0	5267.1006
95	7680000	1.5	0.014999999	-29.051903	0.14782156	-357.70325	1219.0	1.1985184	0.43309632	3.0027542e-05	35.0	-0.0015121895	16.836723	0.14415285	0.016533548	-0.84838194	0.1284875	-0.026884671	0.014971217	0.009178551	158.56387	-340.0696	4.607755	-340.12878	4.253594	95.0	5315.5303
96	7760000	1.5	0.014999999	-30.03504	0.13749725	-355.2264	1219.0	1.4651195	0.4063838	2.538307e-05	149.0	0.0036819486	16.836815	0.15571547	0.0016841738	-0.856574	0.0208625	0.06470674	-5.3195953e-07	0.011473104	155.88467	-341.17966	3.7077394	-341.21976	3.6015813	96.0	5373.8213
97	7840000	1.5	0.014999999	-28.773737	0.15370859	-354.8719	1219.0	1.4758041	0.46216503	2.5403942e-05	149.0	-0.000828473	16.836424	0.15259244	0.0009371523	-0.8611201	0.0031	-0.015393317	-0.00042897725	0.010744728	150.22928	-343.3442	3.3638902	-343.16785	3.2766447	97.0	5431.8813
98	7920000	1.5	0.014999999	-28.75614	0.15121163	-355.06125	1219.0	1.4425987	0.41785684	2.5984937e-05	65.0	-0.0010316481	16.836176	0.14891985	0.017994354	-0.87904745	0.139775	-0.019756839	0.01565686	0.010238277	147.43787	-345.72714	2.7367635	-345.69464	2.5143728	98.0	5482.7515
99	8000000	1.5	0.014999999	-28.182953	0.15570208	-357.69504	1219.0	1.250993	0.44771323	2.6311074e-05	149.0	-0.0028994523	16.835371	0.14576548	0.0030929719	-0.90260595	0.0360625	-0.051952496	0.00085565797	0.010058938	154.73206	-342.49954	3.4328923	-343.0835	2.9878097	99.0	5540.973
100	8080000	1.5	0.014999999	-29.804838	0.14269169	-356.5933	1219.0	1.4363495	0.41219798	2.3538596e-05	149.0	0.0028356411	16.835299	0.15707637	0.0016869642	-0.93016326	0.015125	0.05008786	-0.00012842669	0.010871396	152.49776	-342.2184	3.5213692	-341.70554	3.0643623	100.0	5599.0566
101	8160000	1.5	0.014999999	-29.404894	0.15654977	-356.3041	1219.0	1.5124816	0.46511897	2.5347352e-05	35.0	0.00070690777	16.83516	0.1620149	0.01836451	-0.9278297	0.11995	0.009862118	0.014988003	0.010748892	152.94751	-342.94098	2.9902813	-343.91693	2.756388	101.0	5647.398
102	8240000	1.5	0.014999999	-28.0964	0.16652222	-358.71362	1219.0	1.270312	0.4339018	3.131748e-05	13.0	-0.0035490259	16.834337	0.15408477	0.017416509	-0.9287844	0.1479375	-0.06294668	0.016363764	0.010891095	156.76782	-340.8705	4.6285043	-341.20026	4.151857	102.0	5693.8774
103	8320000	1.5	0.014999999	-30.099522	0.15000723	-356.56268	1219.0	1.6244271	0.45441228	2.568386e-05	16.0	0.005208328	16.84497	0.17489834	0.019137489	-0.92374694	0.1580625	0.08909699	0.017130028	0.013586156	154.38983	-343.1528	2.9671884	-344.91098	2.662625	103.0	5740.61
104	8400000	1.5	0.014999999	-27.924622	0.17694388	-358.57755	1219.0	1.2955102	0.4686851	2.8210434e-05	149.0	-0.0054183854	16.833963	0.15683608	0.0020749744	-0.958066	0.02205	-0.0973092	-1.03736875e-05	0.011649079	157.01947	-342.62222	2.6712222	-343.92612	2.4885206	104.0	5798.709
105	8480000	1.5	0.014999999	-28.963982	0.15813498	-358.97748	1219.0	1.230655	0.48892325	2.5763296e-05	149.0	-0.0016058104	16.8331	0.15444113	0.0025241277	-0.9784049	0.0274375	-0.029395884	0.0006773627	0.010067364	154.63092	-343.028	2.462503	-343.84695	2.077339	105.0	5856.8223
106	8560000	1.5	0.014999999	-29.323872	0.15498115	-359.01633	1219.0	1.2183298	0.47323924	2.9559835e-05	60.0	-0.00073032203	16.8322	0.15489435	0.019287493	-1.009013	0.1527875	-0.011696847	0.01372749	0.009932275	156.89595	-341.00006	3.5090501	-341.72824	3.1400263	106.0	5907.31
107	8640000	1.5	0.014999999	-30.188229	0.15030922	-357.1267	1219.0	1.4704983	0.45628205	2.5955258e-05	93.0	0.0029331688	16.83229	0.16586773	0.019301346	-1.0156862	0.1378125	0.050545968	0.017616635	0.011277276	158.54005	-342.78403	3.0990844	-344.1683	2.901477	107.0	5960.687
108	8720000	1.5	0.014999999	-28.421093	0.17160352	-358.75888	1219.0	1.3310481	0.5431219	3.4715085e-05	149.0	-0.0020261852	16.831476	0.16579805	0.0018060844	-1.0145453	0.013625	-0.0368786	-6.664572e-05	0.010874995	160.82501	-343.87506	2.6515074	-344.06537	2.3317084	108.0	6019.0103
109	8800000	1.5	0.014999999	-28.740906	0.16252363	-359.13107	1219.0	1.2433981	0.53083205	2.6657208e-05	93.0	-0.0017084788	16.83065	0.15841483	0.018276898	-1.0101892	0.1377	-0.031072037	0.017761784	0.009741314	154.98897	-347.1063	2.0149467	-347.59424	2.0185208	109.0	6072.319
110	8880000	1.5	0.014999999	-28.43213	0.16357212	-361.16852	1219.0	1.1643442	0.52699643	3.2795884e-05	20.0	-0.00044798697	16.82959	0.1645316	0.023452157	-1.0043582	0.1541125	-0.008607508	0.020282164	0.0118931355	160.01244	-345.86212	2.3582103	-346.64227	2.2644567	110.0	6119.4653
111	8960000	1.5	0.014999999	-29.754004	0.15474069	-358.74084	1219.0	1.2317483	0.5441698	3.3327735e-05	106.0	-9.050097e-05	16.828794	0.15797202	0.021624533	-1.0069753	0.1584375	-0.0018073156	0.01842408	0.01080882	154.48288	-342.9061	3.5321193	-343.8627	3.121191	111.0	6173.8574
112	9040000	1.5	0.014999999	-30.161232	0.15274572	-356.30228	1219.0	1.5731982	0.5513691	2.5257794e-05	69.0	0.004117727	16.834246	0.17310569	0.016635673	-0.9972344	0.120075	0.07365981	0.014626906	0.013027127	153.7348	-341.18997	4.393695	-342.21976	4.4227715	112.0	6225.042
113	9120000	1.5	0.014999999	-29.412693	0.16789033	-354.34735	1219.0	1.8740999	0.5642162	2.3306031e-05	149.0	0.0031521632	16.864782	0.18392676	0.014793941	-0.99956805	0.1225875	0.054214977	0.013676421	0.015612971	147.07852	-341.16635	3.4338708	-341.01913	3.3244116	113.0	6283.1523
114	9200000	1.5	0.014999999	-28.245134	0.185681	-356.1463	1219.0	1.6307106	0.54390025	2.494662e-05	128.0	-0.004177977	16.840836	0.1702358	0.017618606	-1.0266694	0.1324125	-0.07806577	0.012570916	0.0122063225	146.77658	-343.24542	2.3827734	-344.09982	2.1935751	114.0	6339.5513
115	9280000	1.5	0.014999999	-28.34468	0.17304975	-358.04132	1219.0	1.340523	0.584415	3.1841624e-05	104.0	-0.00383564	16.829695	0.15876637	0.01847969	-1.059286	0.1402	-0.06834538	0.013715433	0.010785187	149.82124	-341.93872	3.0239005	-343.04474	2.8861167	115.0	6393.7646
116	9360000	1.5	0.014999999	-29.856182	0.1557301	-356.46777	1219.0	1.6068774	0.60206586	2.8399843e-05	149.0	0.003644152	16.838472	0.1735083	0.0024025687	-1.0781757	0.0209125	0.06373214	0.0005944564	0.012736639	148.47314	-340.16702	3.1583035	-341.2945	3.0892646	116.0	6452.042
117	9440000	1.5	0.014999999	-29.225763	0.17167826	-355.6987	1219.0	1.7002954	0.60281575	2.7556898e-05	4.0	0.00045174	16.848028	0.17590828	0.016397348	-1.077691	0.1351125	0.005033483	0.01474482	0.012759109	146.20758	-342.03378	2.4136841	-343.2774	2.2305489	117.0	6497.822
118	9520000	1.5	0.014999999	-28.286903	0.17853203	-357.62473	1219.0	1.399456	0.5676594	2.8118031e-05	52.0	-0.0045286454	16.830103	0.16159594	0.022280265	-1.0967609	0.16745	-0.08279239	0.018991537	0.01129036	150.19485	-343.26462	1.8573394	-345.42606	1.8310072	118.0	6547.5996
119	9600000	1.5	0.014999999	-28.275644	0.1651246	-359.501	1219.0	1.2175962	0.6030525	3.162041e-05	73.0	-0.0015308721	16.8292	0.1611355	0.024969097	-1.1047221	0.1307625	-0.027408453	0.017651455	0.011248519	151.73155	-346.2815	1.5637472	-346.55554	1.4640348	119.0	6599.2725
120	9680000	1.5	0.014999999	-28.709906	0.16758029	-361.3241	1219.0	1.1398301	0.5997275	3.7258327e-05	43.0	-0.00010682305	16.828068	0.17026055	0.017944328	-1.1101304	0.1466125	-0.0036886306	0.016083376	0.012730075	155.68234	-345.14523	1.7248623	-346.3292	1.8755533	120.0	6648.4526
121	9760000	1.5	0.014999999	-29.6575	0.1636545	-360.3392	1219.0	1.2076433	0.6366868	2.6717655e-05	98.0	0.0004470757	16.827204	0.16941135	0.015267195	-1.1190852	0.1540125	0.0067199175	0.01295432	0.01175188	151.77197	-348.18588	1.3865379	-347.6821	1.2658992	121.0	6702.244
122	9840000	1.5	0.014999999	-28.561728	0.17378739	-361.72025	1219.0	1.1132591	0.60491604	2.9339362e-05	23.0	-0.0012704938	16.825926	0.17204309	0.018741064	-1.1117773	0.1620875	-0.023239957	0.017079458	0.012208504	153.1369	-348.08044	1.2851335	-348.02112	1.2320544	122.0	6749.666
123	9920000	1.5	0.014999999	-28.604988	0.17831506	-363.2736	1219.0	1.1244829	0.5952179	3.6105128e-05	109.0	0.0012989962	16.824759	0.18748666	0.015084912	-1.1174318	0.1516	0.021245938	0.012857554	0.014933313	153.91583	-347.8618	1.3602172	-349.21478	1.3089256	123.0	6804.4106
124	10000000	1.5	0.014999999	-30.131487	0.17938997	-361.389	1219.0	1.1044593	0.63603574	3.8974766e-05	47.0	-0.0007221067	16.823511	0.17970274	0.015314967	-1.1289147	0.1329	-0.012736856	0.013725398	0.012914198	154.16296	-348.58176	1.3384905	-348.68774	1.3010068	124.0	6853.8613
125	10080000	1.5	0.014999999	-29.031563	0.18619494	-363.174	1219.0	1.1237956	0.67556953	3.5180263e-05	9.0	0.0015214093	16.822351	0.19589338	0.020065265	-1.127613	0.139225	0.026494764	0.0153660355	0.015017447	154.82759	-347.07275	1.396902	-348.96295	1.3983537	125.0	6900.1523
126	10160000	1.5	0.014999999	-29.755934	0.18698052	-361.27167	1219.0	1.1051695	0.68589425	2.999033e-05	6.0	-0.0012536729	16.821096	0.18534891	0.029710326	-1.1278952	0.2044875	-0.019999886	0.029238168	0.013548081	151.55121	-349.15997	1.2410046	-349.43503	1.2382158	126.0	6946.119
127	10240000	1.5	0.014999999	-28.578041	0.19511795	-363.0277	1219.0	1.1130747	0.64828825	3.8358667e-05	14.0	0.00094190415	16.819893	0.2025252	0.015407122	-1.127716	0.129575	0.015799148	0.011635196	0.0161599	156.1186	-351.35043	1.2734697	-351.72647	1.2646828	127.0	6992.8
128	10320000	1.5	0.014999999	-28.771784	0.2097295	-364.41263	1219.0	1.1855098	0.6380084	2.9980662e-05	6.0	0.0026266756	16.818958	0.22431423	0.020687724	-1.1280909	0.1421625	0.04627784	0.017291622	0.019188408	154.09268	-349.6907	1.1557668	-349.21188	1.1078732	128.0	7038.79
129	10400000	1.5	0.014999999	-30.032228	0.21245779	-362.83618	1219.0	1.0589584	0.6391861	2.96507e-05	2.0	-0.0032188194	16.817516	0.20223844	0.017620072	-1.1282941	0.1273	-0.06203158	0.014084699	0.016004534	152.21466	-347.81445	1.1483161	-346.6136	1.082453	129.0	7084.546
130	10480000	1.5	0.014999999	-29.976368	0.19336204	-360.96393	1219.0	1.0145599	0.71983194	3.2365024e-05	28.0	-0.002995906	16.816013	0.18440884	0.01944467	-1.1361104	0.150625	-0.05403272	0.015069441	0.014456613	150.82764	-345.701	1.3326892	-346.14716	1.2608627	130.0	7132.368
131	10560000	1.5	0.014999999	-30.033924	0.17417169	-359.0668	1219.0	1.1000711	0.67434967	2.8542563e-05	149.0	-0.000984932	16.814848	0.17316288	0.003012156	-1.156175	0.0271625	-0.018764459	0.000583608	0.013310468	148.52425	-346.08374	1.2353177	-346.4545	1.2897744	131.0	7190.4224
132	10640000	1.5	0.014999999	-29.241594	0.17339116	-358.89447	1219.0	1.0568085	0.7005293	2.8915334e-05	9.0	-0.0012649023	16.813387	0.17117824	0.029384607	-1.1552955	0.193625	-0.02328635	0.02580627	0.011914861	147.8096	-344.0817	1.6177213	-344.45325	1.5233771	132.0	7236.8325
133	10720000	1.5	0.014999999	-29.91045	0.16200827	-356.72403	1219.0	1.2467645	0.70994914	2.6657228e-05	149.0	0.00013817001	16.812757	0.16577646	0.0016704099	-1.1380767	0.01295	0.0018064198	-0.0001025159	0.0140929185	148.11238	-344.92966	1.6127013	-344.1967	1.5295231	133.0	7296.209
134	10800000	1.5	0.014999999	-28.954882	0.16677624	-357.09933	1219.0	1.2398231	0.71774805	2.3676486e-05	100.0	-0.0011096721	16.811735	0.16510664	0.026264032	-1.1366557	0.1517	-0.02228601	0.020687632	0.011848343	145.79872	-345.66693	1.3176646	-345.7849	1.207102	134.0	7350.3955
135	10880000	1.5	0.014999999	-28.406843	0.17116141	-358.85074	1219.0	1.0609623	0.80097187	2.6879326e-05	15.0	-0.0030286573	16.81037	0.16099767	0.015117014	-1.1387233	0.13805	-0.055127837	0.013449428	0.010592269	150.83452	-347.56433	1.1472878	-347.85458	1.1152254	135.0	7397.1543
136	10960000	1.5	0.014999999	-28.540913	0.167296	-360.37585	1219.0	1.0096064	0.73133767	3.3371565e-05	80.0	0.0003186851	16.808853	0.17135133	0.021294774	-1.1445676	0.1695375	0.0040833713	0.01761609	0.01150848	151.91814	-346.31052	1.3214916	-347.54947	1.2387307	136.0	7449.459
137	11040000	1.5	0.014999999	-30.030603	0.16387287	-358.59714	1219.0	1.0789278	0.7108205	3.3045442e-05	20.0	0.0008695399	16.807608	0.17005396	0.015575481	-1.1482004	0.114275	0.01390195	0.013537323	0.012227937	151.19327	-348.28043	1.243446	-348.64285	1.1949888	137.0	7496.678
138	11120000	1.5	0.014999999	-28.812847	0.17788012	-360.43082	1219.0	1.0386335	0.7842135	3.2396456e-05	12.0	-0.00012805601	16.806108	0.18042986	0.021862986	-1.1549586	0.137775	-0.0018367812	0.017919654	0.012148002	152.99092	-346.96158	1.3629699	-347.0887	1.30842	138.0	7543.1846
139	11200000	1.5	0.014999999	-29.738863	0.17114802	-359.09088	1219.0	1.1058244	0.7959698	2.976146e-05	51.0	6.169602e-05	16.804941	0.17411605	0.016632795	-1.1459591	0.127575	-0.00083970354	0.015217357	0.013226755	149.57965	-347.45538	1.2653221	-346.5127	1.1483468	139.0	7592.965
140	11280000	1.5	0.014999999	-28.834473	0.18036985	-360.36902	1219.0	1.0488732	0.7305538	3.453537e-05	59.0	-0.0002455567	16.803474	0.182134	0.016391773	-1.1247407	0.130175	-0.0059294375	0.012431934	0.012364044	151.77515	-349.1057	1.142052	-348.9315	1.0998985	140.0	7643.4087
141	11360000	1.5	0.014999999	-28.531206	0.19658147	-361.59744	1219.0	1.0175651	0.7469261	3.1185926e-05	33.0	-0.0013609839	16.801981	0.19404571	0.025228683	-1.1386756	0.1772375	-0.024554007	0.017807558	0.013784846	154.7766	-346.26553	1.3304856	-346.027	1.2324762	141.0	7692.0513
142	11440000	1.5	0.014999999	-30.31069	0.18524778	-359.0775	1219.0	1.0418024	0.7637022	3.5712976e-05	2.0	-0.0005117686	16.800583	0.18601769	0.022464123	-1.1391495	0.1429625	-0.009481694	0.017413372	0.013812937	153.62749	-344.07773	1.5824933	-345.42725	1.431034	142.0	7738.031
143	11520000	1.5	0.014999999	-29.662838	0.17636889	-357.54977	1219.0	1.1774292	0.8791196	2.767553e-05	21.0	-0.0009415005	16.799671	0.17554343	0.016803876	-1.1563162	0.1550375	-0.017103842	0.011627739	0.015099322	148.90324	-342.27094	2.1346557	-342.4424	1.95	143.0	7785.392
144	11600000	1.5	0.014999999	-29.945366	0.17932604	-355.53326	1219.0	1.4485751	0.79739344	2.7628575e-05	81.0	-0.0011895853	16.799585	0.1777361	0.01648779	-1.1552397	0.1452375	-0.02597035	0.013925837	0.015650311	149.6928	-344.44052	1.6329132	-345.07465	1.523065	144.0	7837.7217
145	11680000	1.5	0.014999999	-28.309544	0.18038917	-356.76413	1219.0	1.1766149	0.8687922	2.8366654e-05	61.0	-0.0061388924	16.798294	0.15773815	0.023429917	-1.1703626	0.1501125	-0.108957484	0.017612781	0.011520579	150.52228	-344.08032	1.9978917	-347.17603	1.8241391	145.0	7888.358
146	11760000	1.5	0.014999999	-29.58825	0.15137872	-356.07965	1219.0	1.4279838	0.854006	2.4873338e-05	145.0	0.0025163798	16.798262	0.16481364	0.016770285	-1.1770335	0.1608375	0.04225103	0.014606966	0.013368881	147.0035	-350.25085	1.4802977	-352.208	1.337002	146.0	7946.0576
147	11840000	1.5	0.014999999	-28.48829	0.16703115	-357.3925	1219.0	1.1849016	0.8588556	2.4992542e-05	54.0	-0.005389221	16.797014	0.14753486	0.017031748	-1.204235	0.1316125	-0.09465545	0.011535377	0.010076141	148.29233	-343.66187	1.9013041	-346.8198	1.7310804	147.0	7996.2607
148	11920000	1.5	0.014999999	-29.732656	0.14415687	-355.45444	1219.0	1.393982	0.87024224	2.6211264e-05	31.0	0.000530734	16.79684	0.149121	0.018495891	-1.212937	0.1381	0.007608805	0.014593966	0.010849178	148.05217	-345.48804	1.5378425	-346.0807	1.5280296	148.0	8044.408
149	12000000	1.5	0.014999999	-28.412174	0.1515227	-357.13678	1219.0	1.1790376	0.82464087	2.2608356e-05	9.0	-0.004182929	16.795618	0.13686904	0.027244564	-1.2156383	0.1986	-0.07779292	0.025201645	0.008244071	149.45914	-347.28992	1.1974872	-347.2222	1.1108756	149.0	8090.6367
