Epoch	TotalEnvInteracts	worker/CostLimit	worker/noise	learner/VVals	learner/CostVVals	worker/EpRet	worker/EpLen	worker/EpCost	learner/LossQ	learner/LossQC	learner/StopIter	learner/LossPi	learner/Lagrangian	learner/QcRet	learner/KL	learner/Entropy	learner/ClipFrac	learner/LossQcPenalty	learner/LossVallina	learner/LossVC	learner/LossV	Eval/NaturalReward	Eval/NaturalCost	Eval/AdvUniformReward	Eval/AdvUniformCost	worker/Epoch	worker/Time
0	80000	1.5	0.0	0.039949615	0.042098287	-1853.5184	1219.0	466.58203	2.1645381	0.0055439253	5.0	9.3956175	48.07256	36.559658	0.016106138	0.91643137	0.2404375	460.83795	-0.0050652125	1382.5276	20441.86	-1665.4205	466.58392	-1665.4591	466.58945	0.0	43.38256
1	160000	1.5	0.0	-59.92442	39.09565	-1682.8107	1219.0	463.01694	1.0162132	0.0009013271	5.0	0.0098264385	48.620037	39.316063	0.015272322	0.9148026	0.239625	0.3381699	-0.0035193886	7.2666283	5633.367	-1483.66	462.25064	-1483.6991	462.2528	1.0	86.7106
2	240000	1.5	0.0023027735	-126.57965	39.2751	-1513.6919	1219.0	458.3529	0.9176284	0.00034507777	6.0	-0.10820166	49.5237	39.16333	0.01836007	0.9140414	0.281075	-5.597798	-0.00057376234	2.9198062	402.348	-1288.29	455.24796	-1288.3479	455.22092	2.0	242.05742
3	320000	1.5	0.004252031	-120.97445	39.079422	-1332.9377	1219.0	449.09204	0.8194706	0.00015429073	6.0	-0.2377382	49.937897	38.574158	0.017069079	0.91370577	0.2766	-12.332014	-0.0045241723	3.8542237	380.03616	-1094.2075	442.26276	-1094.1144	442.24252	3.0	397.8052
4	400000	1.5	0.0059020403	-107.47513	38.453186	-1156.341	1219.0	436.8945	0.7651072	0.00012926661	6.0	-0.3331157	50.023445	37.627777	0.016750757	0.9132481	0.290975	-17.316929	-0.008532933	5.830763	333.37933	-892.19006	423.42606	-891.97565	423.42136	4.0	552.93945
5	480000	1.5	0.0072987443	-93.091354	37.446053	-1009.0368	1219.0	423.82123	0.74225223	0.00013859123	6.0	-0.35327142	49.974037	36.563038	0.018989969	0.9127655	0.2854625	-18.304743	-0.010690172	7.423144	254.32832	-699.59106	390.7797	-699.75183	390.7977	5.0	709.99225
6	560000	1.5	0.008481027	-80.53308	36.113705	-852.7435	1219.0	403.14096	0.67678404	0.00015949194	7.0	-0.44444558	49.125828	34.86671	0.01951498	0.9116269	0.3047875	-22.702887	-0.010331056	10.20341	240.91405	-514.30994	317.3216	-514.1553	317.34485	6.0	865.8751
7	640000	1.5	0.009481809	-67.91665	34.03678	-716.0703	1219.0	374.57736	0.5965578	0.00019639583	8.0	-0.5266321	47.379288	32.415558	0.01591467	0.9083787	0.2371125	-25.856506	-0.012802571	13.232661	200.38289	-391.13092	162.53212	-391.13586	162.51277	7.0	1021.98346
8	720000	1.5	0.010328949	-56.425674	30.852629	-605.45294	1219.0	333.10165	0.5470263	0.00026220386	14.0	-0.59727496	44.20744	28.872515	0.015787117	0.89931214	0.209425	-27.305965	-0.0120832445	15.737709	129.81226	-268.11633	52.1155	-268.14194	52.144547	8.0	1178.0045
9	800000	1.5	0.011046043	-46.96388	25.103603	-504.2004	1219.0	251.22635	0.4635024	0.00029395026	137.0	-0.8882755	36.80113	21.860395	0.0150584	0.8102903	0.128675	-33.9049	-0.013726333	21.835888	67.82987	-12.908904	332.30505	-13.104769	332.87234	9.0	1344.4633
10	880000	1.5	0.01165305	-39.113636	15.635253	-419.5778	1219.0	132.0836	0.3548669	0.00038070488	149.0	-1.1131029	25.427124	11.298298	0.0072664674	0.7280969	0.0647625	-29.509644	-0.0074575203	26.033142	39.553337	-6.6486773	332.5941	-6.6398096	332.59662	10.0	1512.8215
11	960000	1.5	0.012166867	-34.246296	9.553707	-387.02942	1219.0	104.10593	0.29243287	0.000441074	149.0	-0.29501718	22.915173	8.365457	0.005994737	0.64883286	0.0587125	-7.1351624	-0.0076322914	6.6380305	21.262186	-5.672348	332.68848	-5.671894	332.68747	11.0	1680.1403
12	1040000	1.5	0.012601807	-31.170534	6.8833947	-362.93527	1219.0	79.70256	0.24836206	0.0005169886	149.0	-0.12494664	20.719452	6.375777	0.0063339835	0.57102495	0.058275	-2.7724345	-0.0075917086	4.702681	14.653431	-4.6869817	332.77136	-4.7263165	332.76752	12.0	1848.412
13	1120000	1.5	0.012969971	-29.144135	5.204403	-339.83963	1219.0	61.24873	0.23746423	0.0003783525	149.0	-0.0725725	19.06982	4.887967	0.0061976677	0.49401376	0.0564625	-1.4898425	-0.00747002	3.3715672	13.020925	-4.225138	332.81342	-4.232854	332.81406	13.0	2017.3418
14	1200000	1.5	0.0132816145	-27.229116	3.9429305	-316.42044	1219.0	47.35827	0.2004638	0.00023759727	149.0	-0.029692274	17.839058	3.7846422	0.0067583136	0.4175	0.0566625	-0.5901963	-0.007271329	3.2844996	11.421454	-3.9942918	332.84116	-3.9977062	332.84158	14.0	2185.029
15	1280000	1.5	0.013545423	-25.364119	3.120661	-296.47754	1219.0	38.863586	0.18081906	0.000121107536	149.0	0.01379707	17.083378	3.1446316	0.0064448044	0.34132433	0.0563875	0.22303003	-0.0080537945	3.4526978	9.461175	-6.087948	332.6459	-6.049183	332.65176	15.0	2353.539
16	1360000	1.5	0.013768726	-23.794073	2.8188279	-277.09604	1219.0	35.914444	0.16200283	7.3493145e-05	149.0	0.06076683	16.89576	3.0445144	0.0019995745	0.30201054	0.0114125	1.0862701	-0.005437841	4.100402	9.173594	-2.7883544	332.96265	-2.7614956	332.96164	16.0	2521.9553
17	1440000	1.5	0.013957752	-22.325813	2.9652908	-265.99615	1219.0	36.49834	0.15880048	5.6577926e-05	149.0	0.07580497	17.05839	3.2556083	0.00065609714	0.27574638	0.0022375	1.3696079	-0.0034949288	4.273872	6.969975	-2.9807076	332.953	-2.9572086	332.95547	17.0	2690.4778
18	1520000	1.5	0.014117749	-21.505423	3.2533987	-261.2431	1219.0	36.805786	0.15534551	5.074699e-05	145.0	0.058546815	17.19507	3.4780939	0.021434879	0.2449677	0.191525	0.9918085	0.033856463	3.6704035	6.0020623	-240.74332	92.321846	-240.81587	92.23576	18.0	2858.1763
19	1600000	1.5	0.014253196	-21.473755	3.6745648	-298.8588	1219.0	41.50981	0.19437179	7.771326e-05	11.0	0.054763548	17.782272	3.8747196	0.022722403	0.24290274	0.11695	0.93564206	-0.00068363064	3.0805829	12.10038	-282.95724	86.80294	-282.9831	86.776764	19.0	3014.9163
20	1680000	1.5	0.014367847	-23.564379	3.268769	-287.98615	1219.0	30.396322	0.19224158	5.2321884e-05	2.0	-0.04552284	16.761614	3.0726168	0.038657155	0.24245979	0.0817	-0.8450406	0.044437423	2.0148964	16.866928	-314.56586	42.84438	-314.56787	42.51811	20.0	3170.8425
21	1760000	1.5	0.014464887	-23.517458	2.98219	-311.56232	1219.0	23.35196	0.2427017	3.744769e-05	6.0	-0.15619639	16.136374	2.3257904	0.02348139	0.24127725	0.0961875	-2.713598	0.021644825	3.7357237	27.604715	-258.465	120.77146	-258.4146	120.6645	21.0	3326.576
22	1840000	1.5	0.014547037	-24.869066	2.3240218	-281.83435	1219.0	30.408442	0.20380926	2.7667924e-05	125.0	0.21272711	16.919476	3.2301195	0.015207694	0.19824924	0.0901875	3.7581847	0.013055885	6.6085954	15.082147	-236.28221	115.31644	-236.16295	115.0612	22.0	3492.9492
23	1920000	1.5	0.014616577	-23.03259	3.1580815	-294.4213	1219.0	23.73804	0.20439935	2.0024669e-05	3.0	-0.10744409	16.321287	2.7121577	0.019341042	0.1973505	0.1075625	-1.9281389	0.039755635	2.2441401	22.19148	-286.35867	55.953228	-287.14215	55.642277	23.0	3648.4756
24	2000000	1.5	0.014675439	-24.24943	2.397723	-324.45886	1219.0	13.302679	0.23438597	2.4535571e-05	2.0	-0.20528103	15.330244	1.5448564	0.018714301	0.19687423	0.12685	-3.3723354	0.033348	4.3848205	45.103336	-343.756	13.968443	-342.9915	13.648929	24.0	3804.062
25	2080000	1.5	0.014725265	-26.967302	1.3197851	-357.2676	1219.0	6.823636	0.26469588	2.7255144e-05	2.0	-0.15533696	14.70938	0.67864895	0.025276462	0.1964616	0.150475	-2.4806838	0.039137922	3.01805	68.26839	-390.99866	1.1340903	-391.29755	1.1480834	25.0	3959.9844
26	2160000	1.5	0.014767439	-30.065573	0.96273905	-397.44174	1219.0	15.255998	0.29701155	0.00011015276	5.0	0.06973562	15.592484	1.271025	0.021570435	0.19556499	0.15305	1.1235958	0.019131629	0.70925057	104.85004	-334.83154	16.533257	-334.6542	16.686184	26.0	4115.6675
27	2240000	1.5	0.014803143	-31.263422	0.7648793	-358.98697	1219.0	5.711284	0.2690181	4.2840773e-05	149.0	-0.06251228	14.649671	0.5016578	0.007860727	0.14974368	0.0938625	-0.9992075	0.0011615468	0.33930245	75.21199	-305.64325	57.90703	-305.63065	57.420776	27.0	4283.676
28	2320000	1.5	0.014833362	-28.83907	0.33315578	-344.04065	1219.0	4.4573874	0.23563433	1.569488e-05	16.0	0.024714898	14.536003	0.44377953	0.017440049	0.1469307	0.0576125	0.35598302	0.02006177	0.21653603	85.423035	-335.14362	45.227177	-335.3005	44.843376	28.0	4440.2676
29	2400000	1.5	0.014858946	-28.877752	0.36750868	-366.936	1219.0	1.2933013	0.26008925	1.6188693e-05	149.0	-0.064172275	14.24522	0.10567071	0.0011536658	0.12975562	0.0150375	-0.981549	-9.495289e-05	0.34288174	119.54392	-341.21927	39.121284	-340.7683	39.36294	29.0	4608.4824
30	2480000	1.5	0.0148806	-30.061443	0.092645176	-368.22577	1219.0	1.2285566	0.267064	1.7659211e-05	149.0	0.0009217737	14.24435	0.09926483	0.0012285792	0.11656427	0.0039375	0.014253299	-0.0010965712	0.020026093	115.29539	-337.41406	50.544094	-336.40594	51.18608	30.0	4777.239
31	2560000	1.5	0.014898927	-30.044271	0.10966736	-363.10822	1219.0	1.350926	0.2503373	1.2846585e-05	149.0	-0.00051671517	14.243962	0.10797341	0.0004978616	0.109383225	0.0049625	-0.0092572225	0.00040860006	0.014645971	122.0068	-340.33655	51.186733	-339.50882	50.93584	31.0	4945.875
32	2640000	1.5	0.014914451	-29.883205	0.110623464	-367.2702	1219.0	1.3409781	0.27864975	1.6915956e-05	149.0	-0.00070134946	14.243306	0.108135365	0.0010353756	0.0980376	0.006225	-0.011635139	0.00013999264	0.018801585	126.80564	-345.57086	37.981754	-345.06555	37.653515	32.0	5113.608
33	2720000	1.5	0.01492758	-30.13454	0.10181517	-367.36456	1219.0	1.2816068	0.25758252	1.9619498e-05	149.0	0.00038398663	14.242594	0.10411913	0.0014056271	0.08515859	0.007075	0.005983527	-0.0014284282	0.01854067	124.75472	-339.1284	50.787502	-339.54108	50.136612	33.0	5281.6377
34	2800000	1.5	0.014938699	-30.014116	0.11233901	-361.90192	1219.0	1.3177398	0.2614638	1.5690388e-05	149.0	-0.0013064914	14.24203	0.10761911	0.00088782207	0.0802083	0.0060125	-0.021829752	0.0008071116	0.011136156	125.87284	-345.411	41.799404	-345.97607	41.095512	34.0	5449.886
35	2880000	1.5	0.014948113	-29.83685	0.102561764	-365.84195	1219.0	1.269946	0.24422649	1.7043527e-05	149.0	8.2621336e-05	14.241244	0.10388861	0.0009174674	0.06488681	0.0038875	0.001141783	-0.001280187	0.016925089	128.90814	-344.68207	44.096485	-345.6135	44.098354	35.0	5618.939
36	2960000	1.5	0.014956073	-29.996912	0.10726418	-362.73413	1219.0	1.2010918	0.2463659	1.3941873e-05	149.0	-0.0023112765	14.240294	0.09851402	0.00047579355	0.053324226	0.0034125	-0.035799243	-0.0008144902	0.011831376	126.707664	-343.4952	41.617954	-343.83395	41.685055	36.0	5787.6143
37	3040000	1.5	0.01496282	-29.716694	0.09701057	-359.5367	1219.0	1.2896447	0.24942644	1.3284667e-05	149.0	0.0017740305	14.239691	0.10520448	0.0008100606	0.046329618	0.0039375	0.025789324	0.00047650127	0.010523456	125.11903	-347.79477	38.377373	-348.14798	38.07227	37.0	5956.3438
38	3120000	1.5	0.0149685275	-29.580881	0.10259461	-362.82455	1219.0	1.1886873	0.26080275	1.389906e-05	149.0	-0.001419703	14.238617	0.097481094	0.00070061977	0.035921097	0.007175	-0.022969209	0.00047757407	0.0128263505	130.79457	-350.61462	33.05397	-351.05722	32.857307	38.0	6124.943
39	3200000	1.5	0.014973358	-29.768776	0.097307086	-365.24158	1219.0	1.2241632	0.25047508	1.8010534e-05	149.0	0.00052738976	14.237769	0.10059115	0.00087057677	0.01792395	0.00395	0.008166358	-0.0011855995	0.016915541	132.27446	-346.47845	37.452225	-346.99945	38.101387	39.0	6293.409
40	3280000	1.5	0.014977453	-30.0184	0.1020778	-359.84177	1219.0	1.2138563	0.24462089	1.7232e-05	149.0	-0.00076713774	14.236821	0.0999088	0.0009760483	0.014624715	0.0066625	-0.013322192	0.00058386405	0.010483278	130.2994	-351.99332	26.283676	-350.73853	26.402626	40.0	6462.5996
41	3360000	1.5	0.014980911	-29.510143	0.096344955	-362.6448	1219.0	1.1471242	0.24901474	1.8425588e-05	149.0	-0.00068807264	14.23571	0.094319694	0.00047358393	0.0055445433	0.00125	-0.011102719	-3.1746866e-05	0.012327505	128.80852	-353.07358	26.287912	-353.8424	25.987753	41.0	6630.3833
42	3440000	1.5	0.014983846	-29.828753	0.09622847	-365.34473	1219.0	1.2585382	0.2464082	2.1026688e-05	149.0	0.0014495639	14.235038	0.10301493	0.0014167647	-0.013194323	0.0092	0.021960272	-0.0010920078	0.018261801	134.88318	-349.76483	28.462774	-350.70514	27.843048	42.0	6798.9126
43	3520000	1.5	0.014986322	-30.171581	0.10194615	-361.832	1219.0	1.1393197	0.2361954	2.1293277e-05	149.0	-0.002085788	14.233794	0.09397053	0.0010323297	-0.026288154	0.0044	-0.031614594	-0.0011052684	0.012332566	133.69757	-347.1483	34.41217	-347.85083	34.24891	43.0	6966.686
44	3600000	1.5	0.0149884205	-30.07405	0.09471626	-359.01724	1219.0	1.2344756	0.23522368	2.3904433e-05	149.0	0.0014028078	14.233039	0.101311535	0.000912414	-0.05579519	0.004425	0.021034146	-0.00074090366	0.010454342	134.46736	-346.807	34.100018	-346.27615	34.17082	44.0	7135.6953
45	3680000	1.5	0.0149901975	-29.703873	0.103270896	-357.2321	1219.0	1.276935	0.22934933	2.1590236e-05	149.0	0.00017688899	14.23226	0.1047858	0.0011921407	-0.070700884	0.012675	0.0011231786	0.00042298078	0.009941443	131.7844	-349.4424	32.37374	-349.3597	32.617603	45.0	7303.443
46	3760000	1.5	0.0149917025	-29.313108	0.102864645	-359.13245	1219.0	1.1345006	0.23523739	1.4684794e-05	149.0	-0.0023420132	14.23107	0.093778275	0.0010375219	-0.08149612	0.004	-0.03604609	-0.00044465522	0.01095891	133.80663	-350.77206	26.207932	-350.682	26.135252	46.0	7471.6304
47	3840000	1.5	0.014992981	-29.604794	0.09354297	-360.29086	1219.0	1.1517595	0.22767481	2.128066e-05	149.0	0.00040999654	14.2300005	0.095890164	0.0013563407	-0.11291003	0.0113625	0.005242308	-0.00044660686	0.01151776	132.19754	-351.50024	26.284117	-351.7283	26.541744	47.0	7639.2896
48	3920000	1.5	0.014994055	-29.994144	0.095493235	-360.054	1219.0	1.1200413	0.21785371	2.281403e-05	149.0	-0.0004909001	14.22879	0.094069235	0.0010115241	-0.12919617	0.0043125	-0.0078897625	-0.00050772144	0.011816972	133.79843	-349.6543	23.717493	-349.54837	23.38322	48.0	7807.5864
49	4000000	1.5	0.014994966	-29.478313	0.09466014	-358.31735	1219.0	1.0880891	0.23596568	1.9000912e-05	149.0	-0.00096048083	14.227506	0.09134364	0.0012670546	-0.14795613	0.00665	-0.014711856	-0.0007305725	0.009475049	126.291565	-349.28854	27.319323	-348.95627	26.854519	49.0	7976.244
50	4080000	1.5	0.01499574	-30.483871	0.088137776	-357.9177	1219.0	1.1683668	0.22221255	1.9159965e-05	149.0	0.0021105858	14.226538	0.0976128	0.0005007964	-0.15223527	0.004225	0.031389996	5.741043e-05	0.010626645	121.290184	-350.32663	23.931356	-349.5385	24.09403	50.0	8144.2964
51	4160000	1.5	0.0149963945	-29.25207	0.09918669	-358.50232	1219.0	1.0777925	0.24707861	2.159039e-05	149.0	-0.002109055	14.225143	0.09104577	0.0009070475	-0.17150044	0.003475	-0.03239402	-0.00022415887	0.010279231	117.25356	-350.55978	22.671581	-349.89594	22.49322	51.0	8313.021
52	4240000	1.5	0.014996949	-30.00301	0.09150154	-358.99747	1219.0	1.0995489	0.22877073	1.760307e-05	149.0	0.00019797697	14.223913	0.0931079	0.0009014542	-0.16963968	0.0047125	0.002708315	-0.0004445261	0.010368467	112.69214	-348.37277	20.906212	-347.89615	20.819563	52.0	8482.03
53	4320000	1.5	0.014997421	-29.43844	0.089459494	-357.4037	1219.0	1.182508	0.20928565	1.5390793e-05	149.0	0.0021347546	14.222969	0.09934699	0.0028735038	-0.18224955	0.0332625	0.030825086	0.0006533733	0.010159893	101.31508	-351.27234	21.391937	-350.8885	20.781244	53.0	8649.647
54	4400000	1.5	0.014997812	-29.561165	0.10099239	-359.11835	1219.0	1.1102448	0.23003784	1.3774571e-05	149.0	-0.0017726637	14.221667	0.09436008	0.0013031355	-0.21094584	0.009875	-0.027577603	-0.0006076	0.011303306	108.79012	-352.4705	22.899897	-352.80786	22.822021	54.0	8817.923
55	4480000	1.5	0.014998151	-29.900866	0.09488297	-359.98358	1219.0	1.1395464	0.21557812	1.3414302e-05	149.0	0.00048983935	14.220562	0.09796375	0.00076377846	-0.2262769	0.00355	0.007096514	-0.00034800667	0.012543143	109.958176	-351.02515	18.106272	-351.43982	17.89678	55.0	8985.767
56	4560000	1.5	0.014998434	-29.441116	0.09619225	-358.81668	1219.0	1.0834523	0.22390664	1.5780555e-05	149.0	-0.00093036785	14.219235	0.09339571	0.0010657443	-0.23425722	0.0055125	-0.014816229	-0.00033337754	0.010184653	109.12322	-350.02332	18.391592	-349.6627	18.536654	56.0	9154.602
57	4640000	1.5	0.0149986725	-29.103971	0.092859946	-358.95117	1219.0	1.113357	0.21657524	1.4625718e-05	149.0	0.00047577324	14.218055	0.09600365	0.0016238587	-0.2505326	0.0089	0.0065286844	-0.00043727056	0.0102705695	104.68721	-351.0184	17.295498	-351.60767	16.922491	57.0	9322.351
58	4720000	1.5	0.014998881	-30.234983	0.0950063	-359.50287	1219.0	1.1480426	0.22205047	1.1173413e-05	149.0	0.00078455126	14.216952	0.099397175	0.001156499	-0.2682562	0.00705	0.011654145	-0.00038291968	0.011473961	106.21528	-351.17114	18.9608	-351.6195	18.857271	58.0	9491.676
59	4800000	1.5	0.014999048	-30.3696	0.09746361	-359.73392	1219.0	1.1509374	0.22774315	1.5010368e-05	149.0	0.0004580786	14.215821	0.10054548	0.0009861153	-0.27566668	0.0053125	0.006578261	-0.0002526958	0.011477055	109.56608	-350.74615	18.262054	-350.93585	18.538126	59.0	9659.885
60	4880000	1.5	0.014999196	-29.27727	0.10130595	-360.66138	1219.0	1.1515365	0.22749004	1.2191643e-05	149.0	-0.00022537899	14.214722	0.10170733	0.0009520042	-0.2966938	0.0058875	-0.0040756185	-0.0001861719	0.012050312	106.8539	-350.4444	17.394644	-351.08044	17.18455	60.0	9829.157
61	4960000	1.5	0.014999316	-30.267834	0.09848919	-360.6647	1219.0	1.2000886	0.22709665	1.9861971e-05	149.0	0.001398776	14.213815	0.10573029	0.0010880457	-0.3033185	0.0082	0.020682417	-0.00022215195	0.012457474	104.66985	-354.07153	13.767639	-354.63986	13.581058	61.0	9999.6
62	5040000	1.5	0.014999421	-29.39088	0.10473581	-361.3461	1219.0	1.2743136	0.22405371	2.0700161e-05	149.0	0.0016999813	14.213105	0.113145724	0.001465102	-0.3220127	0.01185	0.025441492	-0.0004417324	0.014342723	93.69068	-354.83707	10.021786	-355.50482	9.988975	62.0	10169.038
63	5120000	1.5	0.01499951	-30.42582	0.11376616	-362.1087	1219.0	1.2516234	0.23397665	1.770796e-05	149.0	-0.00040403343	14.212229	0.11318519	0.0007092964	-0.321856	0.0090125	-0.006631494	-0.00013045922	0.014799316	108.80405	-353.7449	7.772263	-354.73047	7.971306	63.0	10336.408
64	5200000	1.5	0.014999585	-28.958574	0.1124307	-361.07257	1219.0	1.1857468	0.2236562	1.4991671e-05	149.0	-0.0011939119	14.211233	0.10879519	0.0012781791	-0.3505859	0.0100375	-0.018803768	-0.00036830053	0.012972577	102.72427	-354.1912	11.617845	-353.8348	11.443565	64.0	10504.39
65	5280000	1.5	0.014999655	-30.430237	0.11025885	-361.55685	1219.0	1.2169558	0.21922179	1.5651929e-05	149.0	0.00020972812	14.21036	0.112768725	0.0014781122	-0.3573265	0.01325	0.0024673722	-0.00035129508	0.013697154	115.181015	-352.5592	9.3554945	-352.77332	9.789557	65.0	10672.145
66	5360000	1.5	0.014999704	-28.931988	0.11035061	-360.5542	1219.0	1.1367825	0.22911891	1.3873427e-05	149.0	-0.0012626481	14.209188	0.106474586	0.0015551319	-0.39522952	0.015125	-0.020173846	-0.0002841816	0.0109848725	112.7654	-350.65796	14.519211	-350.48874	14.355113	66.0	10840.417
67	5440000	1.5	0.014999748	-31.532925	0.10255801	-359.51315	1219.0	1.1100821	0.23433685	1.3117591e-05	149.0	-0.00011244931	14.207968	0.10374779	0.0012863395	-0.41427281	0.0061125	-0.001941614	-0.00050738145	0.009178273	126.507576	-350.2122	9.20099	-350.59244	8.961717	67.0	11009.001
68	5520000	1.5	0.014999791	-29.238693	0.10106951	-358.71106	1219.0	1.0896363	0.22604136	2.0202004e-05	149.0	-0.0003394288	14.206688	0.10113975	0.0016512417	-0.4490052	0.011525	-0.0058525787	-0.00031480388	0.007838013	118.437164	-350.14352	11.536563	-349.62457	11.191181	68.0	11177.827
69	5600000	1.5	0.01499982	-31.08396	0.09966928	-358.11716	1219.0	1.1318427	0.21331069	2.5838715e-05	149.0	0.00055153336	14.205574	0.10356362	0.00042259542	-0.46163222	0.0016125	0.008414251	1.1260509e-07	0.0075043174	128.05681	-349.8035	13.119667	-349.86914	13.271418	69.0	11345.383
70	5680000	1.5	0.014999851	-30.151129	0.10186921	-357.56143	1219.0	1.1457157	0.23113489	2.1271277e-05	149.0	0.00016399146	14.204431	0.10391953	0.0007132514	-0.46308848	0.00335	0.0021182217	-0.0002699543	0.0073912055	125.31226	-350.39246	11.7975025	-351.1262	11.701656	70.0	11513.414
71	5760000	1.5	0.014999868	-28.764376	0.10431683	-357.9096	1219.0	1.1355139	0.23366813	1.7518498e-05	149.0	-0.00029437602	14.203272	0.10437013	0.0008815288	-0.4662294	0.00855	-0.0048828213	-0.00025877895	0.007192752	117.72917	-351.7848	11.919257	-352.54144	11.832798	71.0	11681.142
72	5840000	1.5	0.014999894	-29.492468	0.104651585	-358.81476	1219.0	1.1965709	0.25636572	2.3698634e-05	149.0	0.0011492638	14.202367	0.11092605	0.0010472975	-0.47117904	0.0041375	0.016875297	-0.0003028656	0.008237135	116.1695	-350.08282	12.102434	-349.89157	12.256265	72.0	11849.023
73	5920000	1.5	0.01499991	-30.442533	0.10888661	-357.67096	1219.0	1.3074287	0.25721326	2.504877e-05	149.0	0.0019532735	14.201777	0.11882581	0.0015305458	-0.49935722	0.0115625	0.029056707	-0.00046672	0.009903813	114.62329	-350.04025	9.273509	-349.7239	8.941001	73.0	12023.323
74	6000000	1.5	0.014999923	-29.342781	0.12293518	-358.32336	1219.0	1.2397758	0.2534388	1.841458e-05	149.0	-0.002432372	14.200832	0.11395414	0.0012888941	-0.5036935	0.006175	-0.03746524	-0.0003603381	0.008313636	122.4887	-350.6137	11.6765785	-349.33627	11.704832	74.0	12197.143
75	6080000	1.5	0.014999928	-29.874182	0.11362184	-358.70975	1219.0	1.3935182	0.24534258	2.7297341e-05	149.0	0.0028895305	14.200602	0.12731507	0.004299728	-0.529972	0.0428125	0.041975044	0.0010696194	0.010748581	119.67371	-353.21283	9.742678	-353.26617	9.817495	75.0	12372.603
76	6160000	1.5	0.014999942	-28.699903	0.1372793	-361.2317	1219.0	1.3028089	0.2572514	3.3969547e-05	149.0	-0.0032363627	14.1998	0.12500341	0.0014038474	-0.55617243	0.01015	-0.049916558	-0.00022869073	0.012021172	138.06236	-353.37912	7.683556	-353.55853	6.985652	76.0	12545.76
77	6240000	1.5	0.014999954	-29.094475	0.12273304	-361.0031	1219.0	1.2688103	0.24274579	1.6922375e-05	149.0	-0.00034508825	14.199048	0.12341177	0.0015301021	-0.57618564	0.0084625	-0.0059132525	-0.00034087143	0.010159229	127.822784	-353.39526	8.807456	-353.6646	9.064678	77.0	12720.298
78	6320000	1.5	0.014999957	-30.941963	0.12653975	-360.72302	1219.0	1.4067912	0.26901212	2.1705393e-05	149.0	0.0014859884	14.198839	0.13494433	0.0011579008	-0.5739685	0.0051875	0.022023665	-0.00036038627	0.010494196	138.42795	-356.1193	7.554535	-356.0115	7.5960317	78.0	12893.836
79	6400000	1.5	0.01499997	-28.313044	0.13392004	-360.72913	1219.0	1.2627999	0.27094194	2.3455323e-05	149.0	-0.0028230369	14.197935	0.124159195	0.0011906982	-0.5976638	0.0054625	-0.043272838	-0.0002946921	0.009738487	131.1878	-355.47595	7.8749504	-355.46936	7.692492	79.0	13067.336
80	6480000	1.5	0.014999973	-29.694298	0.12311271	-360.7293	1219.0	1.3059169	0.27381125	3.4399483e-05	149.0	0.00035498853	14.197336	0.12685783	0.001345043	-0.6048222	0.01035	0.0053565367	0.0005514885	0.0089324955	130.20067	-353.28067	7.7646947	-352.43762	7.5013285	80.0	13236.188
81	6560000	1.5	0.014999973	-29.917341	0.12373407	-358.72137	1219.0	1.3213388	0.27839538	1.9110998e-05	149.0	-0.00024066713	14.1967125	0.12475581	0.0009378779	-0.62535435	0.0063875	-0.004368031	-0.0003656269	0.007873427	129.50034	-353.80438	6.707286	-353.55936	6.8040037	81.0	13405.003
82	6640000	1.5	0.014999983	-28.634047	0.12593992	-359.52368	1219.0	1.2546034	0.27575734	2.3054277e-05	149.0	-0.0017912083	14.195904	0.119522884	0.0017153263	-0.63447815	0.0105375	-0.027993366	-0.00035906714	0.0070328065	128.88052	-354.11594	4.4578485	-354.3722	4.1202197	82.0	13572.2295
83	6720000	1.5	0.014999985	-28.32855	0.11396629	-359.35583	1219.0	1.2141203	0.27181572	3.0315885e-05	149.0	0.00016624409	14.194991	0.11607883	0.001086339	-0.64183754	0.005575	0.0024076696	-0.00062105333	0.006847414	121.981064	-352.58246	5.9681187	-353.32727	5.730721	83.0	13740.25
84	6800000	1.5	0.014999987	-30.639488	0.11850647	-357.5229	1219.0	1.28746	0.28080487	2.2381786e-05	64.0	-0.00022854836	14.194367	0.1188064	0.015971716	-0.66539854	0.128925	-0.004024283	0.01173008	0.0060625398	131.12938	-358.10672	3.5964284	-357.3008	3.3883111	84.0	13900.59
85	6880000	1.5	0.014999988	-26.555555	0.12585755	-362.4367	1219.0	1.2426754	0.2759742	2.2102296e-05	149.0	-0.0004881518	14.193466	0.12486323	0.0032656707	-0.6786069	0.0312125	-0.00723249	0.00020949669	0.0103643155	147.96747	-358.55597	2.8442454	-358.67886	2.7851372	85.0	14068.393
86	6960000	1.5	0.014999988	-28.022257	0.13104285	-365.07898	1219.0	1.4052156	0.28228354	2.060473e-05	149.0	0.0030052264	14.193277	0.14552587	0.0006915422	-0.69459474	0.0046125	0.04514684	-6.073761e-05	0.014179071	145.5477	-357.44348	3.0735102	-357.28207	3.0024924	86.0	14235.908
87	7040000	1.5	0.014999988	-29.954329	0.14538632	-363.89145	1219.0	1.3420557	0.28048173	2.6345097e-05	149.0	-0.001596201	14.192583	0.14096063	0.001442246	-0.7187137	0.011075	-0.025292471	1.2083817e-05	0.01137646	143.68686	-356.9111	3.7411385	-357.0747	3.6138089	87.0	14404.979
88	7120000	1.5	0.014999988	-30.203678	0.13768846	-363.14584	1219.0	1.3138802	0.3075516	2.9158025e-05	149.0	-0.0006401371	14.191964	0.13712314	0.0011802838	-0.7327613	0.0115	-0.010791736	-0.0001354371	0.009817843	143.6999	-355.6762	2.9578042	-355.69708	3.0042415	88.0	14572.469
89	7200000	1.5	0.014999988	-29.374228	0.1360214	-362.38293	1219.0	1.2234101	0.318527	3.1446827e-05	149.0	-0.0021706372	14.19108	0.12873738	0.0011493929	-0.7469483	0.0067	-0.03359914	-0.00011772061	0.007976056	145.7081	-355.10535	3.397542	-355.2278	3.3601758	89.0	14740.235
90	7280000	1.5	0.014999999	-30.068766	0.12630503	-361.79498	1219.0	1.265842	0.32916707	3.5241064e-05	149.0	0.00074112875	14.190361	0.13126539	0.000660284	-0.74986833	0.0008125	0.011126155	-0.00020970573	0.0074188444	142.57657	-355.3629	3.5176947	-355.723	3.3302188	90.0	14907.848
91	7360000	1.5	0.014999999	-29.091137	0.13790737	-362.28265	1219.0	1.3337578	0.33909386	3.030503e-05	149.0	-0.00013443355	14.189827	0.13917403	0.0008562298	-0.7438348	0.002125	-0.0025247333	-0.00020854601	0.008283785	148.76285	-355.37	2.6376917	-355.68402	2.6045496	91.0	15076.011
92	7440000	1.5	0.014999999	-28.532759	0.13582537	-361.9484	1219.0	1.2241448	0.31972885	2.5756464e-05	149.0	-0.0017675695	14.188876	0.13018529	0.0011294471	-0.76619714	0.006175	-0.027231412	-0.00018055935	0.0073030945	143.64406	-354.85962	3.1139238	-355.51825	3.3312106	92.0	15243.819
93	7520000	1.5	0.014999999	-30.139387	0.12997992	-361.37573	1219.0	1.2229105	0.33117464	2.9937826e-05	48.0	-0.00090030354	14.18799	0.1280035	0.015772834	-0.7744207	0.1434625	-0.016069047	0.014212027	0.006336308	148.30489	-350.61414	4.815399	-350.5512	4.780592	93.0	15404.466
94	7600000	1.5	0.014999999	-31.289818	0.11586233	-356.9421	1219.0	1.4432025	0.34336668	4.174072e-05	149.0	0.0037067079	14.187971	0.13326803	0.0017063896	-0.7884435	0.015475	0.054819703	0.00014604302	0.008266596	150.41945	-350.36578	3.3193889	-350.02155	3.0780618	94.0	15573.062
95	7680000	1.5	0.014999999	-29.109903	0.13355993	-356.69443	1219.0	1.3957003	0.38013002	4.1328232e-05	36.0	-0.0017661831	14.187378	0.1269744	0.016665714	-0.7825889	0.1462125	-0.026939282	0.015405055	0.0048484826	134.9834	-346.8609	3.879792	-347.1302	3.7364411	95.0	15731.41
96	7760000	1.5	0.014999999	-29.712097	0.11482663	-352.96277	1219.0	1.9106805	0.38988486	3.5183777e-05	118.0	0.009843087	14.227203	0.15728746	0.025252776	-0.8062896	0.1704125	0.14676987	0.01921007	0.018762961	127.10915	-352.5261	2.0863557	-352.31894	2.060011	96.0	15897.042
97	7840000	1.5	0.014999999	-27.196291	0.16568427	-357.5022	1219.0	1.2956482	0.38433787	4.003192e-05	149.0	-0.011121613	14.187851	0.1183687	0.0012641782	-0.8116922	0.0050625	-0.16942887	-0.0003387433	0.012004205	148.20367	-352.50735	2.130215	-352.4925	2.101829	97.0	16064.634
98	7920000	1.5	0.014999999	-28.211313	0.11793589	-359.12482	1219.0	1.210044	0.41356525	3.9476377e-05	149.0	-0.00026272555	14.186927	0.11751234	0.0011349915	-0.81615263	0.0053625	-0.0045108674	-0.00024123688	0.004327374	131.29103	-350.9198	2.0749602	-351.46225	2.1251285	98.0	16233.045
99	8000000	1.5	0.014999999	-29.310028	0.11866835	-358.00183	1219.0	1.1908628	0.4013771	3.8819646e-05	116.0	-0.001189316	14.1859455	0.114474	0.01698886	-0.83168036	0.132625	-0.019190932	0.014221108	0.0036812606	134.5513	-355.11398	2.2009344	-355.57214	2.222471	99.0	16399.082
100	8080000	1.5	0.014999999	-27.658932	0.12272923	-361.82767	1219.0	1.2485178	0.39056787	4.106e-05	149.0	0.0017078684	14.185191	0.13073276	0.0011916411	-0.83751583	0.0085125	0.025188198	-0.0003186388	0.0071562836	151.22736	-354.73022	1.8671346	-354.96283	1.8896269	100.0	16567.598
101	8160000	1.5	0.014999999	-28.592016	0.12695947	-361.92886	1219.0	1.1466932	0.41394597	3.6448317e-05	123.0	-0.0011042873	14.184022	0.12365238	0.015696421	-0.86417186	0.1212	-0.018873936	0.011970037	0.005648332	141.37125	-352.45264	1.6079416	-353.46362	1.6629469	101.0	16733.492
102	8240000	1.5	0.014999999	-30.6284	0.11449222	-358.37704	1219.0	1.1278936	0.42920533	4.6564273e-05	149.0	-0.000925058	14.182855	0.11212881	0.0017136544	-0.8669128	0.0066875	-0.014463541	-0.00051822746	0.0040311795	142.2195	-351.77783	1.71019	-352.12863	1.7162255	102.0	16902.096
103	8320000	1.5	0.014999999	-29.469513	0.11848754	-358.6529	1219.0	1.1493589	0.4526127	5.53488e-05	62.0	-0.0011188779	14.181771	0.11488512	0.016866768	-0.8763208	0.141775	-0.017878482	0.014010385	0.0035379936	142.00171	-350.53244	1.5656743	-350.9153	1.5524498	103.0	17062.53
104	8400000	1.5	0.014999999	-30.298553	0.10795605	-355.30853	1219.0	1.4314418	0.44397268	5.543387e-05	15.0	0.004143394	14.181757	0.12669916	0.016381776	-0.8761243	0.145775	0.06126413	0.0137591595	0.0064123557	140.79208	-353.43726	1.5767158	-353.6268	1.5410329	104.0	17219.996
105	8480000	1.5	0.014999999	-27.120066	0.12707111	-359.28827	1219.0	1.1247547	0.5055844	5.3218868e-05	79.0	-0.0034488037	14.180303	0.112905465	0.01712451	-0.8912629	0.166425	-0.054112438	0.016460143	0.00488489	149.09743	-355.88293	1.7578616	-355.74268	1.7551543	105.0	17381.97
106	8560000	1.5	0.014999999	-27.386772	0.116406776	-361.67496	1219.0	1.1329833	0.48299208	4.7772344e-05	149.0	0.0015060335	14.179158	0.1238467	0.0011492776	-0.89488417	0.0042375	0.02260835	-0.00024751836	0.006004852	152.57352	-353.8907	1.6803708	-354.6881	1.7285792	106.0	17551.592
107	8640000	1.5	0.014999999	-29.604574	0.124926366	-360.977	1219.0	1.1180298	0.48874316	4.171575e-05	149.0	-0.00087111344	14.177954	0.12302085	0.0029366978	-0.91983515	0.0379125	-0.013044874	0.000534226	0.0048505906	146.94936	-355.03787	1.7320672	-355.29388	1.7079175	107.0	17719.752
108	8720000	1.5	0.014999999	-29.58365	0.12606207	-361.61172	1219.0	1.1856418	0.5444078	6.305204e-05	149.0	0.00058280915	14.177022	0.13023727	0.0009531607	-0.928051	0.003575	0.008461988	-0.0004162128	0.0050636763	148.3593	-357.23605	1.6903832	-357.54572	1.7119834	108.0	17888.705
109	8800000	1.5	0.014999999	-28.842379	0.1282144	-361.47586	1219.0	1.1472645	0.5401583	6.289663e-05	82.0	-0.00060335884	14.175845	0.12764668	0.017090933	-0.9385919	0.1426125	-0.01000181	0.01331243	0.004827404	144.92598	-351.581	1.4819206	-351.80075	1.4930516	109.0	18050.95
110	8880000	1.5	0.014999999	-30.583868	0.11873908	-358.38965	1219.0	1.187089	0.56570065	5.1289204e-05	149.0	-0.00036915456	14.174891	0.11886777	0.001699718	-0.94798577	0.0110125	-0.0058982545	-0.0007919398	0.004070473	147.33224	-349.64233	1.5135373	-349.47778	1.487723	110.0	18219.926
111	8960000	1.5	0.014999999	-29.573822	0.12147432	-357.67285	1219.0	1.27862	0.5574071	4.9907227e-05	149.0	0.0004550181	14.17422	0.123739466	0.0008239559	-0.9555425	0.0037125	0.00666186	-0.0005474923	0.0033341094	140.5276	-349.1525	1.5206504	-350.1589	1.5844367	111.0	18387.78
112	9040000	1.5	0.014999999	-29.155216	0.12783338	-357.67126	1219.0	1.2871355	0.5871405	5.4979242e-05	149.0	-0.0006726159	14.173441	0.12539071	0.00076962117	-0.9756393	0.00385	-0.010598522	-0.00037783416	0.0033251732	143.22363	-348.85464	1.4828081	-349.11774	1.4958076	112.0	18557.008
113	9120000	1.5	0.014999999	-28.890697	0.12569824	-357.70416	1219.0	1.2494785	0.6146218	5.6238892e-05	149.0	-0.00078351167	14.172625	0.122696705	0.0008280718	-0.99272346	0.0038	-0.012075455	-0.00046542226	0.0030676136	144.0738	-347.89523	1.4519	-348.5619	1.4587035	113.0	18724.66
114	9200000	1.5	0.014999999	-29.172731	0.12524883	-357.4378	1219.0	1.2933984	0.6520384	7.074597e-05	149.0	0.00023194772	14.1719885	0.12651618	0.0010039224	-1.0000993	0.0058875	0.0030041228	-0.0003023922	0.003123963	146.66597	-348.9763	1.4195677	-349.18353	1.4572524	114.0	18893.566
115	9280000	1.5	0.014999999	-28.765697	0.12596945	-358.3079	1219.0	1.2566618	0.6555778	6.4013344e-05	149.0	-0.00038807574	14.17116	0.1247616	0.00091774226	-0.98374856	0.0043125	-0.0060660047	-0.00040177975	0.0030032834	143.83482	-347.5551	1.4241713	-347.82275	1.4341037	115.0	19062.34
116	9360000	1.5	0.014999999	-28.950354	0.12454514	-357.81006	1219.0	1.2523847	0.701454	8.356261e-05	13.0	-0.00033149775	14.17036	0.12357703	0.015458054	-0.9884729	0.1176125	-0.005168866	0.012575307	0.0029829598	143.93219	-346.98352	1.3056494	-347.0757	1.302748	116.0	19219.055
117	9440000	1.5	0.014999999	-29.54083	0.11702876	-356.21085	1219.0	1.4115171	0.73398936	6.405157e-05	92.0	0.0027040795	14.170187	0.1288745	0.022061655	-0.9896659	0.1799	0.0377434	0.018892368	0.004439547	139.763	-349.88568	1.4221793	-349.36798	1.4047241	117.0	19382.225
118	9520000	1.5	0.014999999	-27.444035	0.12656926	-358.6912	1219.0	1.1346738	0.7757368	8.598766e-05	149.0	-0.0024354735	14.168883	0.11616413	0.0010912516	-1.0008162	0.005575	-0.037376963	-0.00035301663	0.0039222697	149.7389	-349.28918	1.4085062	-349.18854	1.3964366	118.0	19551.352
119	9600000	1.5	0.014999999	-28.490072	0.122026175	-361.21942	1219.0	1.1941646	1.1002746	0.000186324	94.0	0.0019939635	14.16797	0.13080072	0.017489767	-0.9990892	0.1428375	0.029216575	0.017721841	0.004855238	154.19876	-345.34714	1.1596442	-345.34146	1.1525183	119.0	19714.854
120	9680000	1.5	0.014999999	-29.57161	0.14022425	-367.43945	1219.0	1.7477632	1.4559076	0.00036938104	149.0	0.013391214	14.191249	0.19814952	0.002035233	-1.0170423	0.0171875	0.20188941	0.0004116468	0.027663296	173.99812	-346.52353	1.1437585	-346.47717	1.1991571	120.0	19883.53
121	9760000	1.5	0.014999999	-28.495026	0.20686695	-368.6782	1219.0	1.7514443	1.8020074	0.0003052976	23.0	0.00038903888	14.191745	0.21014963	0.017005874	-1.0365554	0.1677875	0.005040764	0.017069265	0.014624161	202.91988	-348.61945	1.3256996	-348.1611	1.3184028	121.0	20041.998
122	9840000	1.5	0.014999999	-28.726297	0.2062439	-370.3678	1219.0	1.9144673	2.692881	0.0005068561	21.0	0.010035771	14.209112	0.24813747	0.026724942	-1.0498246	0.1467875	0.15387216	0.020637134	0.04163855	208.99713	-351.2683	1.6459342	-351.7949	1.7073871	122.0	20202.832
123	9920000	1.5	0.014999999	-27.441175	0.29084334	-361.18213	1219.0	1.0537825	4.3700523	0.0008497521	19.0	-0.031713173	14.169019	0.18238619	0.015371158	-1.0551301	0.1312	-0.48391002	0.011451709	0.053557318	159.68993	-348.22308	1.3668454	-347.97763	1.3459983	123.0	20373.135
124	10000000	1.5	0.014999999	-30.842615	0.16344428	-358.79666	1219.0	0.94951314	2.7096658	0.00042724283	9.0	-0.010028109	14.167324	0.123813294	0.023277236	-1.0578853	0.188625	-0.1552714	0.021361507	0.0094040325	158.88586	-345.29468	1.102358	-346.09616	1.113399	124.0	20572.205
125	10080000	1.5	0.014999999	-30.60069	0.11096123	-355.41837	1219.0	1.1873032	1.2328644	0.00017198808	7.0	0.00034386563	14.166567	0.11279177	0.015223066	-1.0595456	0.1723875	0.0059242174	0.015166858	0.005769224	151.90071	-342.7572	1.162011	-343.61584	1.1635834	125.0	20728.225
126	10160000	1.5	0.014999999	-29.88566	0.11100071	-353.75916	1219.0	1.5973475	0.8851229	7.1765215e-05	20.0	0.005124119	14.174272	0.13273177	0.020690188	-1.0680102	0.18015	0.07507739	0.018302618	0.007842498	135.52206	-345.82382	1.1987783	-345.4127	1.1531203	126.0	20888.709
127	10240000	1.5	0.014999999	-27.732975	0.134167	-356.6494	1219.0	1.2384651	0.8979953	6.6762805e-05	1.0	-0.0055059134	14.165711	0.1106601	0.020336831	-1.0683414	0.1547625	-0.08468711	0.017591814	0.0037916058	136.75905	-348.9792	1.4784242	-349.89133	1.5112418	127.0	21043.96
128	10320000	1.5	0.014999999	-27.675821	0.11519938	-359.53397	1219.0	1.1147989	0.8535298	5.835814e-05	2.0	-0.00019722884	14.164506	0.113960594	0.023300037	-1.0688285	0.177575	-0.0034712856	0.020224819	0.0030857457	140.70628	-352.12915	1.7966585	-352.0697	1.8044516	128.0	21199.588
129	10400000	1.5	0.014999999	-27.786928	0.122527175	-361.79248	1219.0	1.1797893	0.8286376	5.5799865e-05	65.0	0.0033565497	14.163556	0.13627093	0.017042374	-1.0690583	0.1464375	0.05017036	0.014264664	0.004953236	146.3879	-349.60223	1.5252613	-349.6645	1.514908	129.0	21363.873
130	10480000	1.5	0.014999999	-29.967556	0.12598133	-359.78116	1219.0	1.1191831	0.89398384	5.3643715e-05	35.0	-0.0010638871	14.1623	0.121049576	0.018189	-1.0661651	0.1463125	-0.016420102	0.014988602	0.0029067013	135.37158	-346.58786	1.2704735	-347.31064	1.2691429	130.0	21524.252
131	10560000	1.5	0.014999999	-30.315094	0.11314475	-357.1509	1219.0	1.2004046	0.88517064	5.627216e-05	6.0	-0.00035166848	14.161427	0.111355275	0.016313756	-1.066477	0.145125	-0.005267497	0.014943826	0.0029568847	133.52277	-348.67215	1.5294198	-349.77798	1.562616	131.0	21680.947
132	10640000	1.5	0.014999999	-27.874987	0.11631201	-359.53235	1219.0	1.1468774	1.7712495	0.00029503732	17.0	0.0008153783	14.160234	0.11939491	0.018750547	-1.067094	0.178025	0.01203611	0.016632626	0.0029700852	137.83807	-351.75113	1.7764406	-351.9637	1.7768475	132.0	21852.908
133	10720000	1.5	0.014999999	-28.1571	0.12723774	-361.46017	1219.0	1.1626633	1.196179	0.000121212775	106.0	0.0015321556	14.159184	0.13340993	0.018751698	-1.0846263	0.1829125	0.024398811	0.018001016	0.0037085281	138.37843	-353.92972	2.0405746	-354.57257	2.068131	133.0	22017.758
134	10800000	1.5	0.014999999	-27.915224	0.1434044	-363.87137	1219.0	1.3275528	1.0174357	6.912934e-05	95.0	0.0049997857	14.158754	0.16453548	0.017296737	-1.1105098	0.144625	0.072497316	0.01061595	0.0065769623	144.22885	-351.63327	1.755285	-351.8188	1.7969785	134.0	22183.053
135	10880000	1.5	0.014999999	-30.252121	0.15164013	-361.8762	1219.0	1.1268731	1.701689	0.0001731815	1.0	-0.0031136617	14.157422	0.13875386	0.017422684	-1.1105145	0.1449	-0.049789514	0.012941303	0.00399176	137.58612	-349.07434	1.4687037	-349.39395	1.5431931	135.0	22390.15
136	10960000	1.5	0.014999999	-29.699629	0.12497799	-360.4254	1219.0	0.9891192	3.6723619	0.00072316435	1.0	-0.0030683232	14.155845	0.11213458	0.021423897	-1.1104833	0.1513	-0.046719123	0.015152929	0.0032280083	149.36441	-346.03128	1.1587853	-346.09845	1.1550655	136.0	22609.248
137	11040000	1.5	0.014999999	-32.231274	0.10477091	-357.67783	1219.0	1.0330464	4.251119	0.0007451839	2.0	-0.002687564	14.15444	0.09338387	0.031033164	-1.1105224	0.1660875	-0.03993469	0.021813568	0.0038954804	169.22292	-342.39954	0.95920074	-341.83133	0.9514789	137.0	22776.469
138	11120000	1.5	0.014999999	-29.747675	0.08216841	-352.66528	1219.0	1.5831592	2.4409962	0.0003862779	35.0	0.010888186	14.161039	0.12846436	0.01658359	-1.0967962	0.13135	0.16207528	0.012712078	0.012550024	129.72293	-344.44507	1.0464549	-343.77213	0.9989326	138.0	22934.793
139	11200000	1.5	0.014999999	-27.59487	0.12922375	-355.38974	1219.0	1.1986617	1.9129425	0.0002383338	74.0	-0.0064936015	14.153616	0.10146561	0.016322173	-1.0888463	0.1439875	-0.10009374	0.012510614	0.0048565436	123.21891	-347.05963	1.2681168	-346.96683	1.2432816	139.0	23100.873
140	11280000	1.5	0.014999999	-27.762026	0.1070583	-357.63968	1219.0	1.0034974	1.5119164	0.00013117459	29.0	-0.003120205	14.1520815	0.09346725	0.019570664	-1.0965441	0.1882375	-0.04780186	0.018331144	0.0021955827	124.89783	-349.00858	1.4584275	-348.81247	1.4638541	140.0	23262.764
141	11360000	1.5	0.014999999	-27.60817	0.098528996	-359.26105	1219.0	0.9679384	1.1742332	7.835002e-05	149.0	-4.899038e-05	14.15044	0.097978	0.0016625315	-1.1005584	0.0199625	-0.0010873087	0.000113139155	0.0019365528	130.2571	-349.41	1.4959122	-349.12936	1.4694637	141.0	23433.572
142	11440000	1.5	0.014999999	-28.818209	0.09906604	-359.6427	1219.0	0.9701579	1.405408	9.487076e-05	76.0	9.482191e-05	14.148809	0.09931816	0.020994324	-1.1113931	0.148175	3.0496645e-05	0.016203828	0.0016768726	117.49039	-346.54843	1.1665404	-346.33765	1.1906654	142.0	23601.455
143	11520000	1.5	0.014999999	-30.4048	0.08701125	-356.8376	1219.0	0.93040305	1.3147496	7.4705626e-05	44.0	-0.0011652827	14.147057	0.08203881	0.021411816	-1.1101702	0.1614625	-0.017864859	0.016942583	0.0017438097	121.23605	-349.33896	1.4601291	-349.00342	1.4250714	143.0	23761.193
144	11600000	1.5	0.014999999	-27.773819	0.09157611	-359.5247	1219.0	0.9574937	1.3188069	7.48475e-05	149.0	0.0013510456	14.145412	0.09718581	0.0033314908	-1.1101502	0.0467875	0.020291729	0.0015993558	0.0021805058	130.07326	-349.3242	1.4381096	-349.3565	1.430425	144.0	23930.348
145	11680000	1.5	0.014999999	-28.872576	0.096418925	-359.4855	1219.0	0.9432385	1.3595608	7.3090545e-05	72.0	-0.0003057664	14.143671	0.09510924	0.030086497	-1.1227254	0.2012375	-0.0047113723	0.026733326	0.0015072424	116.04966	-351.9119	1.7988666	-351.87943	1.7803229	145.0	24091.924
146	11760000	1.5	0.014999999	-28.141182	0.108719565	-361.88086	1219.0	1.1211296	1.3772223	7.108151e-05	73.0	0.00438541	14.142659	0.12734745	0.020355009	-1.142331	0.16155	0.0636794	0.014931862	0.0047787894	133.02066	-348.83517	1.4669108	-348.82132	1.4613525	146.0	24252.523
147	11840000	1.5	0.014999999	-30.68053	0.115044	-359.027	1219.0	0.9518602	1.5252482	9.3833514e-05	110.0	-0.003530194	14.140796	0.100098126	0.015734442	-1.1392592	0.13485	-0.055535376	0.011404731	0.0028804357	129.3228	-347.05527	1.2268714	-346.98477	1.2135376	147.0	24419.904
148	11920000	1.5	0.014999999	-29.959827	0.08966571	-357.48624	1219.0	0.89659834	1.4139494	7.448371e-05	149.0	-0.0020733336	14.138945	0.08078859	0.001031393	-1.123026	0.007625	-0.031560272	-0.00033889647	0.0018414307	121.61409	-347.32227	1.2490567	-347.71466	1.2788427	148.0	24587.816
149	12000000	1.5	0.014999999	-28.8963	0.08179314	-357.50076	1219.0	0.8926721	1.4305423	6.9608635e-05	81.0	-0.00084179547	14.137081	0.07806001	0.01644819	-1.1403123	0.133425	-0.013238574	0.011464239	0.0011102699	111.961	-344.64566	1.003557	-344.8069	1.0415223	149.0	24749.586
