Epoch	TotalEnvInteracts	worker/CostLimit	worker/noise	learner/VVals	learner/CostVVals	worker/EpRet	worker/EpLen	worker/EpCost	learner/LossQ	learner/LossQC	learner/StopIter	learner/LossPi	learner/Lagrangian	learner/QcRet	learner/KL	learner/Entropy	learner/ClipFrac	learner/LossQcPenalty	learner/LossVallina	learner/LossVC	learner/LossV	Eval/NaturalReward	Eval/NaturalCost	Eval/AdvUniformReward	Eval/AdvUniformCost	worker/Epoch	worker/Time
0	80000	1.5	0.0	0.0059754183	-0.11591515	-1720.3665	1219.0	463.84384	1.7240055	0.0058838516	5.0	9.37603	47.78236	36.378914	0.021626983	0.92144483	0.3072375	456.64905	-0.0042464067	1382.9072	17557.94	-1487.841	462.2613	-1487.7655	462.26312	0.0	43.837234
1	160000	1.5	0.0	-72.438675	38.98318	-1515.1741	1219.0	458.29712	0.93464965	0.0010702625	5.0	-0.06836346	48.139477	38.923317	0.01940219	0.9225884	0.3011	-3.5266328	0.00033125267	16.09869	2696.4143	-1281.3496	455.168	-1281.2688	455.14877	1.0	87.41528
2	240000	1.5	0.0023027735	-115.17175	38.635647	-1332.7152	1219.0	450.16107	0.81518584	0.00038397458	5.0	-0.12995782	48.663918	38.491493	0.019016365	0.9224052	0.300125	-6.7164187	-0.0018162086	7.133703	375.8148	-1075.3301	441.7596	-1075.4446	441.77188	2.0	130.97939
3	320000	1.5	0.004252031	-106.0328	38.29466	-1157.6475	1219.0	437.56714	0.7839736	0.00017209578	5.0	-0.29812354	48.708263	37.636055	0.01809352	0.92127424	0.2886125	-15.063704	-0.007039235	7.6834273	313.3273	-873.7173	422.52682	-873.76965	422.49875	3.0	174.55856
4	400000	1.5	0.0059020403	-92.803085	37.498657	-997.7343	1219.0	424.74307	0.7025149	0.00015611775	5.0	-0.36997548	48.686043	36.64946	0.015671816	0.9195575	0.261725	-18.57818	-0.012566927	10.319611	269.35443	-691.692	390.91006	-691.5768	390.93124	4.0	218.26228
5	480000	1.5	0.0072987443	-79.59965	36.423088	-856.38885	1219.0	406.4115	0.6989417	0.00018375824	6.0	-0.47822684	48.075237	35.203327	0.018350666	0.9168778	0.284725	-23.763355	-0.012808557	15.056511	223.37033	-514.6013	320.1552	-514.52	320.00836	5.0	261.99664
6	560000	1.5	0.008481027	-67.975525	34.63437	-728.4485	1219.0	377.97574	0.64038193	0.00020218625	7.0	-0.6157005	46.370937	32.851456	0.01567768	0.9127131	0.2313875	-29.453293	-0.014716736	20.523434	168.65207	-400.95935	166.21089	-401.0165	166.49217	6.0	305.9391
7	640000	1.5	0.009481809	-57.500412	31.732	-614.0237	1219.0	336.37662	0.57798904	0.00021351087	12.0	-0.7492626	43.220146	29.3632	0.015279586	0.9046678	0.2269875	-33.566105	-0.013121626	25.762146	124.261284	-284.2529	41.64871	-284.36316	41.63233	7.0	350.35007
8	720000	1.5	0.010328949	-48.064137	26.631472	-513.7767	1219.0	262.27	0.48635826	0.00022466229	128.0	-1.0318228	36.589207	22.979574	0.015050963	0.82057863	0.1259375	-39.08383	-0.01491238	30.509056	73.375305	-70.01596	303.63745	-70.96471	303.0508	8.0	404.57565
9	800000	1.5	0.011046043	-39.907112	17.540606	-425.60168	1219.0	142.33914	0.34730026	0.00029385096	149.0	-1.3511151	25.117783	12.345566	0.006949179	0.7387933	0.063725	-35.39596	-0.007889864	35.850452	43.383522	-32.543488	334.96008	-32.706696	335.14032	9.0	462.05765
10	880000	1.5	0.01165305	-34.569057	10.452176	-392.77753	1219.0	105.95615	0.29461244	0.00031974932	149.0	-0.4448791	21.830273	8.719143	0.006299827	0.6598864	0.059725	-10.216185	-0.007954017	9.001199	20.5753	-8.521048	332.4449	-8.485495	332.44656	10.0	521.74
11	960000	1.5	0.012166867	-31.8054	7.382799	-365.89575	1219.0	84.49435	0.26745516	0.00045237743	149.0	-0.14891475	19.958977	6.792521	0.006051452	0.5823478	0.0573125	-3.1800985	-0.007866413	4.8419647	16.27101	-7.3415055	332.532	-7.2768927	332.53348	11.0	577.8435
12	1040000	1.5	0.012601807	-29.413332	5.2426763	-339.19876	1219.0	59.408142	0.2229404	0.00037409467	149.0	-0.1259278	17.61271	4.730185	0.0059648417	0.5055408	0.055825	-2.3891969	-0.00776063	4.426074	13.329454	-6.2849836	332.62634	-6.290733	332.6241	12.0	636.2488
13	1120000	1.5	0.012969971	-27.30789	3.760557	-314.22534	1219.0	46.063046	0.21271141	0.000115206814	149.0	-0.014566107	16.433159	3.6721692	0.0054966505	0.4302869	0.0541125	-0.2755954	-0.0073560835	3.937441	12.072139	-5.6268706	332.6917	-5.6504087	332.68683	13.0	696.14667
14	1200000	1.5	0.0132816145	-25.32356	3.1426263	-299.82892	1219.0	38.735504	0.19814906	6.426482e-05	149.0	0.011714101	15.801179	3.1544886	0.003831065	0.37263566	0.0328375	0.19003676	-0.0071819704	2.9559646	9.324022	-4.7408376	332.76633	-4.762843	332.76517	14.0	752.61395
15	1280000	1.5	0.013545423	-24.060516	2.8910615	-280.11053	1219.0	37.172874	0.17634025	4.6348196e-05	149.0	0.07617706	15.7491455	3.1856902	0.0026132138	0.31902292	0.0261875	1.2701802	-0.0059337984	4.3126845	9.100352	-5.8208146	332.67282	-5.7927055	332.67587	15.0	810.1476
16	1360000	1.5	0.013768726	-22.617584	3.085806	-271.96545	1219.0	36.05556	0.16302307	3.269183e-05	149.0	0.05194645	15.741469	3.2820606	0.0023199387	0.2702775	0.0208375	0.86512196	-0.0052243625	3.6925163	6.29058	-25.163225	332.51617	-24.228655	332.92975	16.0	869.054
17	1440000	1.5	0.013957752	-21.840294	3.2639716	-259.119	1219.0	37.56778	0.15671653	2.7130376e-05	52.0	0.08892507	15.998588	3.6244907	0.015384552	0.24875115	0.04585	1.4867394	0.0068643936	4.5330215	6.5517898	-240.50436	175.59212	-240.32097	175.53435	17.0	916.75507
18	1520000	1.5	0.014117749	-20.973438	3.6249902	-263.10037	1219.0	37.25234	0.16216359	2.0951638e-05	134.0	0.0376211	16.072687	3.7764	0.015664157	0.22603725	0.0526125	0.59426826	0.017882662	3.4823387	7.527683	-205.87228	195.08577	-206.16107	194.63661	18.0	972.78235
19	1600000	1.5	0.014253196	-21.319244	3.7792692	-275.67648	1219.0	35.02478	0.18210958	1.6406664e-05	2.0	-0.028068155	15.9500675	3.6592753	0.023671653	0.22579382	0.0631	-0.53112596	0.034589723	2.767494	15.371341	-254.77953	147.11324	-254.4143	147.02603	19.0	1016.65015
20	1680000	1.5	0.014367847	-22.42708	3.5590227	-292.51093	1219.0	28.119934	0.2049909	1.572484e-05	1.0	-0.14169663	15.349112	2.9595468	0.027381586	0.2257104	0.0662875	-2.3444192	0.04580675	3.6333952	21.30887	-302.3789	92.29699	-301.8845	92.22013	20.0	1059.8484
21	1760000	1.5	0.014464887	-23.819958	2.8509538	-310.1397	1219.0	21.076035	0.2420073	1.7457452e-05	5.0	-0.17238535	14.712744	2.126244	0.016242765	0.22547007	0.0577375	-2.7630594	0.024390545	3.7133727	40.29597	-280.53833	126.50629	-280.58044	126.374916	21.0	1103.4247
22	1840000	1.5	0.014547037	-25.225428	2.2044716	-296.7066	1219.0	26.278368	0.21779212	1.3547515e-05	5.0	0.12963782	15.303453	2.7649674	0.052010357	0.22543716	0.0622	1.9908898	0.06263424	2.8922489	23.76154	-315.20764	94.68181	-315.54343	94.29145	22.0	1146.908
23	1920000	1.5	0.014616577	-24.206854	2.6956966	-315.8779	1219.0	19.455313	0.25854528	1.8950444e-05	1.0	-0.17545725	14.679341	1.9570979	0.030987527	0.22544765	0.0635875	-2.7989657	0.05739112	3.4305234	48.909863	-343.8778	69.97111	-343.47388	69.94133	23.0	1192.4614
24	2000000	1.5	0.014675439	-25.735418	1.8782207	-334.01767	1219.0	13.956176	0.2571673	2.5024923e-05	1.0	-0.13070321	14.175117	1.3339342	0.052228082	0.22545005	0.0738375	-1.9855226	0.0739544	2.0678167	67.99314	-376.30472	41.69424	-375.9314	41.50998	24.0	1235.8029
25	2080000	1.5	0.014725265	-27.145124	1.2742099	-358.904	1219.0	6.670021	0.28912896	3.937363e-05	1.0	-0.16842388	13.472289	0.5680131	0.07708823	0.22546242	0.098225	-2.4691372	0.090751775	2.5966182	110.329315	-413.85876	17.198036	-413.2214	17.055784	25.0	1280.1014
26	2160000	1.5	0.014767439	-29.120256	0.5584358	-391.05878	1219.0	5.366125	0.32944182	9.579194e-05	1.0	-0.023043664	13.358442	0.46405464	0.038502373	0.22546841	0.0955375	-0.3119874	0.055137865	0.2776615	181.36826	-434.58124	9.377795	-434.78113	9.29977	26.0	1323.9502
27	2240000	1.5	0.014803143	-31.562702	0.5729883	-415.05066	1219.0	9.264046	0.3412962	0.000291966	2.0	0.091111556	13.76624	0.95981884	0.016237492	0.22546768	0.074475	1.3536618	0.03036609	1.0179183	221.95082	-450.39838	8.960522	-450.353	8.867141	27.0	1367.3297
28	2320000	1.5	0.014833362	-33.442436	1.0899312	-432.36765	1219.0	13.075094	0.35431916	0.00027045445	12.0	0.09959547	14.175603	1.5010995	0.021921832	0.2249012	0.1103	1.4774072	0.033273652	1.5660527	241.53203	-423.75732	36.58874	-424.10855	35.83724	28.0	1411.5637
29	2400000	1.5	0.014858946	-35.92886	1.2425699	-413.2288	1219.0	7.088161	0.36887768	0.00015895886	1.0	-0.0914922	13.5981455	0.85439646	0.0184824	0.2248206	0.0713875	-1.3473655	0.028552523	0.92929494	221.4316	-407.08713	47.36254	-407.26126	47.318188	29.0	1454.8822
30	2480000	1.5	0.0148806	-33.910614	0.78646916	-399.3865	1219.0	5.559994	0.36979452	0.00012724401	1.0	-0.0474116	13.459727	0.5842074	0.02949414	0.22473979	0.07335	-0.69871354	0.031112054	0.45875445	169.78471	-384.0736	61.85738	-384.71396	61.258728	30.0	1498.2393
31	2560000	1.5	0.014898927	-32.935097	0.46175843	-382.09003	1219.0	3.5893173	0.3283813	7.754317e-05	1.0	-0.039650235	13.272203	0.2970676	0.03547284	0.2246573	0.0708375	-0.56556576	0.0346791	0.21845298	128.36809	-359.9561	78.09861	-359.36475	78.70045	31.0	1541.5525
32	2640000	1.5	0.014914451	-31.902868	0.31641954	-362.72406	1219.0	5.3747406	0.3390996	2.472144e-05	2.0	0.026890922	13.460891	0.444585	0.02723378	0.22451043	0.06495	0.4230924	0.03142561	0.22174497	102.163	-337.21948	95.63099	-336.1913	96.03517	32.0	1584.9396
33	2720000	1.5	0.01492758	-29.93435	0.47449023	-348.11118	1219.0	9.114521	0.3375849	1.8489533e-05	18.0	0.07850392	13.853303	0.82431424	0.0178587	0.22354676	0.057925	1.156834	0.024498532	0.78715086	77.91949	-351.40308	86.52889	-351.27118	86.29618	33.0	1629.8535
34	2800000	1.5	0.014938699	-28.366007	0.78504944	-358.8701	1219.0	6.0373297	0.34565952	1.29533855e-05	149.0	-0.06941566	13.559927	0.5014681	0.0030746632	0.22593877	0.034425	-1.0211627	0.0045111547	0.50230825	83.68482	-359.6205	62.16281	-360.85388	61.2621	34.0	1686.1416
35	2880000	1.5	0.014948113	-29.052818	0.49369562	-360.83127	1219.0	5.0552635	0.33074588	1.0922764e-05	149.0	-0.020363078	13.473597	0.41582206	0.0027268266	0.23142198	0.0293	-0.3040383	0.0036817284	0.11003147	77.51444	-365.22232	44.927296	-365.6217	44.773407	35.0	1742.4568
36	2960000	1.5	0.014956073	-29.202225	0.38617894	-363.75784	1219.0	3.903564	0.34542185	1.11310555e-05	149.0	-0.017622704	13.368348	0.3182772	0.001975377	0.22344163	0.022725	-0.25951177	0.0018518593	0.055908263	77.32996	-369.38342	36.016155	-368.86853	35.802006	36.0	1802.1647
37	3040000	1.5	0.01496282	-29.657112	0.30299476	-366.2731	1219.0	3.2711914	0.32739562	1.5977199e-05	149.0	-0.010735061	13.311698	0.2638357	0.0023238643	0.21962094	0.0252625	-0.1602078	0.0024763846	0.04006772	77.51471	-372.7458	23.28223	-372.468	22.84496	37.0	1858.7189
38	3120000	1.5	0.0149685275	-29.795677	0.24177398	-368.83725	1219.0	2.5294826	0.34747785	1.5591379e-05	149.0	-0.010868589	13.240111	0.2020822	0.002450243	0.21047732	0.0294625	-0.16245693	0.0028527165	0.038358685	79.06286	-374.17435	12.414254	-373.68655	12.002084	38.0	1917.9622
39	3200000	1.5	0.014973358	-30.001596	0.1932842	-370.51227	1219.0	2.158748	0.33912063	2.013366e-05	149.0	-0.0061187088	13.2072935	0.17370865	0.0011356545	0.20426364	0.0143375	-0.08988881	0.000606256	0.043999188	80.39281	-372.33533	12.012523	-374.07904	11.791281	39.0	1977.9125
40	3280000	1.5	0.014977453	-30.108719	0.15564261	-372.65204	1219.0	1.824548	0.33161247	2.4410012e-05	149.0	-0.0036123137	13.173966	0.14629848	0.0014610741	0.18853974	0.0145125	-0.05367207	0.0005356172	0.036101386	82.52784	-366.1475	9.997584	-367.631	9.761808	40.0	2034.7415
41	3360000	1.5	0.014980911	-30.623787	0.13852176	-373.40366	1219.0	1.6742858	0.3313497	2.7176982e-05	149.0	-0.002366386	13.159157	0.13376856	0.0009457061	0.16611743	0.0056	-0.034467604	-0.00041523733	0.033633366	86.1003	-356.2797	5.5824804	-357.5044	5.3824425	41.0	2093.1406
42	3440000	1.5	0.014983846	-30.566015	0.12888974	-373.13538	1219.0	1.5820831	0.3247966	2.607773e-05	149.0	-0.0013587023	13.150231	0.1276981	0.00095379184	0.15234506	0.005025	-0.019895842	-0.00033332634	0.030895716	86.57132	-351.48242	5.9313927	-352.42828	5.9669766	42.0	2152.131
43	3520000	1.5	0.014986322	-30.68611	0.1267228	-372.0248	1219.0	1.5058969	0.30197445	3.0371186e-05	149.0	-0.0018575316	13.144365	0.12252313	0.0014376165	0.1362338	0.0138125	-0.027552923	-8.724947e-05	0.029249072	90.080894	-351.89478	13.805479	-352.29297	13.410004	43.0	2209.792
44	3600000	1.5	0.0149884205	-30.53611	0.12050448	-371.99078	1219.0	1.4889476	0.3064322	2.7281301e-05	149.0	-0.0004621183	13.144264	0.12124946	0.00069698755	0.12575173	0.0050875	-0.006762539	-0.00037501878	0.027268616	95.27726	-350.84796	13.321826	-349.88196	13.176214	44.0	2268.0986
45	3680000	1.5	0.0149901975	-30.97386	0.11955502	-370.07565	1219.0	1.3667669	0.30291438	2.866521e-05	149.0	-0.002162215	13.143807	0.11218987	0.00051868573	0.11301505	0.0015625	-0.03078327	-0.00020926433	0.022037257	99.80664	-351.0169	11.697099	-350.82468	11.680157	45.0	2326.5332
46	3760000	1.5	0.0149917025	-29.891687	0.11285446	-369.30475	1219.0	1.3371184	0.28709278	2.5807449e-05	149.0	-0.0010694162	13.143258	0.11032571	0.0014459896	0.096820116	0.0132625	-0.016229367	9.7661505e-05	0.021698657	102.43625	-350.7437	4.3302307	-351.99466	4.396625	46.0	2384.2625
47	3840000	1.5	0.014992981	-30.036543	0.109535106	-369.34857	1219.0	1.284747	0.2796781	2.6838132e-05	149.0	-0.0013318443	13.142555	0.1053597	0.00069072435	0.08121073	0.0022375	-0.01927463	-0.00023664885	0.019271094	107.37804	-349.03397	2.4528043	-348.59024	2.5442717	47.0	2443.7732
48	3920000	1.5	0.014994055	-30.485909	0.10464711	-368.01938	1219.0	1.2058393	0.2754258	2.1907419e-05	149.0	-0.0016714912	13.141621	0.099413164	0.001019342	0.06270516	0.009425	-0.024001954	-0.0005378304	0.016726485	110.33575	-347.4657	4.0638003	-348.1983	3.7755597	48.0	2501.686
49	4000000	1.5	0.014994966	-30.774876	0.10096137	-367.16644	1219.0	1.1989264	0.2736395	2.4632982e-05	149.0	-0.0009244461	13.140664	0.09877249	0.0011802324	0.04155231	0.00545	-0.013327124	-0.0004986595	0.016434243	112.14918	-348.30222	7.530589	-347.5094	6.945961	49.0	2560.3218
50	4080000	1.5	0.01499574	-30.819778	0.09884268	-365.54486	1219.0	1.1743306	0.29057652	2.0731637e-05	149.0	-0.000665642	13.139634	0.09788485	0.0006013701	0.032776713	0.002375	-0.009633937	-0.00033689613	0.016015379	122.099525	-346.35477	13.73383	-347.47906	12.511966	50.0	2619.223
51	4160000	1.5	0.0149963945	-30.249355	0.09791226	-364.35883	1219.0	1.1512856	0.2900602	2.0947711e-05	149.0	-0.00076112634	13.1385355	0.095861234	0.0021012346	0.023928761	0.0279	-0.011504209	0.0012574589	0.0142378695	120.6077	-350.30856	14.764989	-350.71832	14.711338	51.0	2677.565
52	4240000	1.5	0.014996949	-29.705153	0.09925925	-367.3956	1219.0	1.3523933	0.27193135	2.5776457e-05	149.0	0.0029579082	13.138229	0.11282124	0.00010096513	0.01629436	0.000175	0.04172048	-0.00019822044	0.022339523	130.73897	-348.49957	15.849116	-347.88715	15.06767	52.0	2735.571
53	4320000	1.5	0.014997421	-30.847206	0.10796297	-364.4367	1219.0	1.2144374	0.26467332	2.2271377e-05	149.0	-0.0015396433	13.13712	0.10199395	0.000442208	-0.00056004524	0.0027875	-0.022146666	-0.00024825314	0.017075626	127.19733	-344.89325	16.443209	-346.5952	16.365444	53.0	2794.1863
54	4400000	1.5	0.014997812	-30.517857	0.10085083	-364.10797	1219.0	1.1894038	0.26955482	2.0378444e-05	149.0	-0.00025318805	13.136134	0.100348964	0.0010257292	-0.01644075	0.004925	-0.0037083135	-0.00052083796	0.016199527	124.57638	-344.3705	10.780712	-345.15308	10.988086	54.0	2852.7666
55	4480000	1.5	0.014998151	-30.530813	0.095992416	-362.49765	1219.0	1.1450554	0.2515925	2.2436912e-05	149.0	8.448709e-05	13.135018	0.09681506	0.0009666271	-0.037842512	0.0080125	0.00047293867	-0.00049039803	0.013522658	124.87668	-341.7283	15.138153	-342.73798	15.283241	55.0	2911.072
56	4560000	1.5	0.014998434	-31.17467	0.09202885	-360.48575	1219.0	1.1376528	0.25769916	2.1383052e-05	149.0	0.00096694805	13.13388	0.096669845	0.0014476809	-0.0687474	0.010975	0.012639861	-2.37957e-05	0.012090788	119.677734	-341.66672	16.523027	-342.49362	16.429577	56.0	2970.7058
57	4640000	1.5	0.0149986725	-30.699587	0.09504654	-360.28275	1219.0	1.1333495	0.24730329	2.2208196e-05	149.0	0.00031020882	13.132729	0.09691496	0.0014044999	-0.10742163	0.0115375	0.0037975844	-0.00044860935	0.011867159	116.07474	-341.92883	15.981369	-343.1713	15.2674055	57.0	3029.2134
58	4720000	1.5	0.014998881	-29.925634	0.096784815	-359.9852	1219.0	1.1420115	0.23280184	2.1711745e-05	149.0	0.00023680538	13.131611	0.09840423	0.00046389332	-0.11053742	0.001025	0.0030943353	-0.00019498654	0.012011775	117.52733	-341.02237	18.7974	-341.38834	18.03931	58.0	3087.5247
59	4800000	1.5	0.014999048	-30.088968	0.09861538	-359.62598	1219.0	1.1184253	0.24175926	1.8023236e-05	149.0	-0.0005180027	13.130406	0.09700691	0.00051973655	-0.11250293	0.0014625	-0.007325163	-0.00030719358	0.011150042	123.339325	-341.3824	15.710604	-341.67105	15.798937	59.0	3145.6448
60	4880000	1.5	0.014999196	-28.74586	0.10197251	-360.71387	1219.0	1.1597606	0.25008568	1.9730604e-05	149.0	-0.00020515229	13.1293745	0.10174859	0.0008905406	-0.1274308	0.0053875	-0.0032417336	-0.00019139137	0.012743144	122.52266	-342.036	12.763426	-341.75412	12.771841	60.0	3204.0105
61	4960000	1.5	0.014999316	-30.491259	0.09500449	-360.36765	1219.0	1.1599774	0.25054365	2.0608783e-05	149.0	0.0016620241	13.128261	0.102582775	0.00048271098	-0.12193584	0.002075	0.023283506	-0.00018105125	0.012086673	123.753525	-341.59818	11.621836	-341.41943	11.132076	61.0	3262.7483
62	5040000	1.5	0.014999421	-28.931671	0.10699954	-360.3561	1219.0	1.1703267	0.24245751	1.7848724e-05	149.0	-0.00069637195	13.12723	0.10473985	0.0007319872	-0.12991953	0.0027125	-0.010349524	0.00013477783	0.012476142	125.82266	-339.22638	13.446372	-340.2789	13.62975	62.0	3321.0718
63	5120000	1.5	0.01499951	-30.141125	0.10088681	-360.35062	1219.0	1.1748213	0.25634304	1.8041492e-05	149.0	0.0008702931	13.126196	0.105275296	0.0010811863	-0.14497244	0.006625	0.011734882	-0.0003832119	0.011720027	117.7486	-339.04712	13.307395	-339.66434	12.611592	63.0	3379.4019
64	5200000	1.5	0.014999585	-30.721628	0.10007533	-359.37222	1219.0	1.2084912	0.25853735	2.0025813e-05	149.0	0.0017307347	13.125296	0.10796854	0.00064342073	-0.15611506	0.002225	0.024277516	-0.00034089622	0.011638242	113.58426	-339.6177	13.558166	-340.14288	14.298686	64.0	3437.6611
65	5280000	1.5	0.014999655	-29.86873	0.10878094	-359.82062	1219.0	1.2265759	0.23556903	3.4844263e-05	149.0	0.0004901928	13.124405	0.11181337	0.0021536918	-0.18180656	0.0155625	0.006559347	-0.00071862526	0.012787931	119.27415	-339.59134	14.691252	-340.96536	13.353484	65.0	3496.0647
66	5360000	1.5	0.014999704	-30.71198	0.10964658	-358.71973	1219.0	1.20078	0.23332973	2.761517e-05	149.0	0.00014885914	13.123434	0.11118452	0.000725889	-0.18934831	0.0027375	0.0020912646	-0.00033871995	0.011617781	126.3155	-340.81393	15.556928	-342.03943	15.733119	66.0	3554.314
67	5440000	1.5	0.014999748	-30.150753	0.10919296	-358.4965	1219.0	1.1935995	0.24961218	1.8252013e-05	149.0	0.0005850877	13.122463	0.11271446	0.0007616874	-0.2066751	0.0026875	0.008052858	-0.00035047327	0.01171793	124.345116	-340.9459	12.57786	-341.94052	11.996149	67.0	3612.7122
68	5520000	1.5	0.014999791	-28.887535	0.11532097	-359.2937	1219.0	1.2040046	0.24507976	2.3456823e-05	149.0	-0.00011297712	13.12153	0.11611428	0.0009378235	-0.22582722	0.00855	-0.0020585752	0.00026510848	0.012781796	125.83276	-341.08755	13.068886	-341.72357	13.900484	68.0	3671.2026
69	5600000	1.5	0.01499982	-29.767641	0.11634044	-358.57672	1219.0	1.1871287	0.23756702	2.5260826e-05	149.0	-0.00046719942	13.120526	0.11572162	0.0007159196	-0.24383116	0.004375	-0.0067337845	-0.00032760773	0.012307148	135.41225	-340.7082	12.444937	-341.5437	12.430612	69.0	3729.541
70	5680000	1.5	0.014999851	-29.683355	0.11457278	-358.58636	1219.0	1.1837405	0.2576018	2.6434305e-05	149.0	0.00013435166	13.119525	0.11656214	0.00017030453	-0.2473097	0.0009625	0.0016450959	-9.774323e-05	0.0119325165	143.06433	-340.81628	11.422314	-340.36438	11.881406	70.0	3787.9243
71	5760000	1.5	0.014999868	-29.670593	0.115704834	-358.76627	1219.0	1.1848845	0.25665137	1.8481125e-05	149.0	0.00018880857	13.118526	0.11831149	0.001192571	-0.27344108	0.007975	0.00209066	-0.00023038864	0.012127655	144.48843	-340.58932	10.015354	-340.50278	10.218831	71.0	3846.1992
72	5840000	1.5	0.014999894	-29.844631	0.11697629	-358.02948	1219.0	1.1680151	0.255969	2.1526672e-05	149.0	-0.00035794542	13.117476	0.11723026	0.0004187889	-0.27640033	0.000975	-0.005363443	-0.0003895591	0.011290615	150.6879	-337.78116	10.121805	-338.89017	10.062955	72.0	3904.3564
73	5920000	1.5	0.01499991	-29.556856	0.111068405	-357.03992	1219.0	1.149239	0.25501218	2.1151915e-05	149.0	0.00025375112	13.116372	0.1141524	0.0010893326	-0.29908422	0.0063125	0.003089361	-0.00015610809	0.010078328	137.62386	-337.28265	8.802894	-338.58746	8.638572	73.0	3962.7324
74	6000000	1.5	0.014999923	-30.162169	0.110912316	-356.35645	1219.0	1.1589108	0.2664566	3.11025e-05	149.0	0.00043267562	13.115305	0.114437416	0.0017466513	-0.3169718	0.0118125	0.00531577	9.251061e-05	0.009436946	143.0734	-337.77682	8.147748	-338.1947	7.8018885	74.0	4021.1086
75	6080000	1.5	0.014999928	-30.024921	0.11116351	-356.5116	1219.0	1.1924182	0.24976206	2.0112571e-05	126.0	0.0011925753	13.114352	0.11791582	0.015120745	-0.3346839	0.1248875	0.014812988	0.015333381	0.009994846	138.57784	-334.09766	9.22205	-334.99142	10.302807	75.0	4077.0637
76	6160000	1.5	0.014999942	-31.528376	0.10073252	-352.4979	1219.0	1.4856266	0.26072627	1.6247792e-05	149.0	0.007719141	13.114496	0.13530408	0.00068464153	-0.32765147	0.0031	0.10856659	-5.3710748e-05	0.019116422	132.9343	-334.70193	8.846437	-335.24426	8.90169	76.0	4135.578
77	6240000	1.5	0.014999954	-28.869484	0.1385652	-352.77594	1219.0	1.5304121	0.26564932	2.3465971e-05	149.0	-0.00020048393	13.114995	0.13924772	0.00091153325	-0.3354449	0.005925	-0.0038734772	-0.00039389104	0.014931007	119.82354	-335.75317	7.2404613	-336.156	7.049386	77.0	4194.046
78	6320000	1.5	0.014999957	-28.092556	0.14286382	-354.8995	1219.0	1.3161778	0.2683476	1.2615009e-05	61.0	-0.0045749503	13.113618	0.12460145	0.016549652	-0.35033843	0.1167375	-0.06795393	0.015194967	0.012069856	127.63667	-339.99167	6.128844	-340.97955	7.0706854	78.0	4243.188
79	6400000	1.5	0.01499997	-27.786406	0.13564008	-357.97195	1219.0	1.1868458	0.2711179	2.1258416e-05	149.0	-0.0037536712	13.112625	0.12108792	0.0011353958	-0.3731122	0.0088	-0.053504046	-0.0002312706	0.012690942	149.14757	-339.45694	6.200001	-340.97922	6.941348	79.0	4301.245
80	6480000	1.5	0.014999973	-30.384398	0.117030114	-358.348	1219.0	1.2096285	0.28339154	2.5554142e-05	149.0	0.0014614867	13.111722	0.12506716	0.0020363247	-0.4115047	0.0141125	0.019814419	-0.00031731906	0.0112972045	144.51147	-339.4755	5.3290052	-340.23822	4.961129	80.0	4360.399
81	6560000	1.5	0.014999973	-30.060635	0.12390483	-357.68024	1219.0	1.1846257	0.255411	2.837495e-05	149.0	-0.00039831657	13.110699	0.12410778	0.0012754613	-0.4398169	0.0070875	-0.005909566	-0.00021996231	0.010521312	149.97952	-339.04108	5.330299	-339.92792	5.8752236	81.0	4418.603
82	6640000	1.5	0.014999983	-30.137781	0.12083638	-356.73553	1219.0	1.1622652	0.2636172	2.2490534e-05	149.0	-0.00017309474	13.1096325	0.12206482	0.0007720038	-0.45338917	0.0026875	-0.0027468146	-0.00013413315	0.009459311	154.21036	-338.71637	5.271352	-339.91016	6.270317	82.0	4476.7637
83	6720000	1.5	0.014999985	-29.605215	0.12046713	-356.6375	1219.0	1.1474534	0.2535356	1.9355799e-05	149.0	-0.00025503684	13.108522	0.12139715	0.0011015345	-0.47104117	0.0072	-0.004115612	-4.502802e-05	0.009189557	151.82132	-338.19653	5.1185775	-339.58752	5.1136084	83.0	4535.5576
84	6800000	1.5	0.014999987	-29.84963	0.11777456	-356.38016	1219.0	1.1567255	0.25597396	2.6138088e-05	141.0	0.00062993716	13.10745	0.12262758	0.018649884	-0.4711871	0.1178375	0.009116911	0.012936752	0.008783617	154.8776	-341.63312	4.7122445	-342.93542	4.192484	84.0	4593.316
85	6880000	1.5	0.014999988	-27.135332	0.13860895	-359.8697	1219.0	1.2390614	0.24765281	2.207437e-05	14.0	-0.00074522465	13.106681	0.13797937	0.018295309	-0.4737058	0.1243125	-0.013103627	0.016412225	0.013200064	174.13702	-337.97787	5.5040073	-338.2535	5.347262	85.0	4637.9263
86	6960000	1.5	0.014999988	-31.189287	0.1208398	-356.18967	1219.0	1.1539767	0.25049427	2.19624e-05	149.0	0.00038484845	13.105511	0.12544796	0.00058225077	-0.48216152	0.0021125	0.005024638	-0.00014982434	0.009800297	160.86806	-337.58102	5.337049	-338.56464	5.673531	86.0	4696.1216
87	7040000	1.5	0.014999988	-29.269184	0.12327717	-356.38824	1219.0	1.1384163	0.24067791	1.7913942e-05	149.0	-0.0005230437	13.104374	0.123616785	0.0012588609	-0.4852705	0.0112	-0.007869107	-0.00014332867	0.008769822	148.6352	-338.5508	5.034561	-340.28424	5.1947713	87.0	4755.444
88	7120000	1.5	0.014999988	-29.060972	0.12624875	-356.58566	1219.0	1.1614708	0.2736861	2.9840816e-05	149.0	-0.00031379046	13.103329	0.12743755	0.00037141642	-0.47515157	0.0017375	-0.0045916033	-0.0002379456	0.009503474	148.61722	-339.02536	5.155279	-339.71848	4.868971	88.0	4813.7837
89	7200000	1.5	0.014999988	-28.98763	0.12830327	-357.36414	1219.0	1.1780807	0.27961847	1.565299e-05	149.0	4.1702948e-05	13.102303	0.13099648	0.003283194	-0.4859743	0.044575	0.0004815401	0.0011688008	0.010063035	148.58636	-338.37366	5.0766687	-339.6445	5.1221995	89.0	4872.1123
90	7280000	1.5	0.014999999	-29.113897	0.1292409	-356.97803	1219.0	1.1676068	0.26903477	2.0256022e-05	149.0	-0.00024488283	13.101237	0.13063121	0.0010416736	-0.49467656	0.01395	-0.003483778	0.0001934073	0.009538501	148.83948	-338.1868	5.306629	-339.81198	5.635653	90.0	4930.8604
91	7360000	1.5	0.014999999	-29.124191	0.13012244	-356.90024	1219.0	1.1734884	0.27008447	2.2857537e-05	149.0	2.383682e-05	13.10021	0.13282436	0.00032318788	-0.50522184	0.00105	8.628712e-05	-0.00022837496	0.00993367	145.72044	-338.15118	5.44365	-339.2876	5.8294725	91.0	4989.604
92	7440000	1.5	0.014999999	-29.59846	0.13026015	-356.96216	1219.0	1.1717879	0.2593348	1.8240102e-05	147.0	0.00014961613	13.099166	0.13319042	0.015266615	-0.5297088	0.121375	-0.0005454842	0.013494465	0.009339701	149.503	-335.6378	6.2282505	-337.7694	6.3960366	92.0	5047.497
93	7520000	1.5	0.014999999	-30.813759	0.120876975	-355.04288	1219.0	1.3242517	0.25354114	1.4018144e-05	149.0	0.003910043	13.098728	0.13992757	0.0012466087	-0.5524106	0.0083375	0.0544233	-0.00025123567	0.013178646	148.56755	-336.00653	5.877463	-337.12506	6.637892	93.0	5105.9683
94	7600000	1.5	0.014999999	-29.55057	0.14106005	-354.83472	1219.0	1.3234444	0.27030358	2.4548499e-05	26.0	-0.0007264264	13.097988	0.14003682	0.019644609	-0.5553135	0.134725	-0.011642925	0.01682949	0.0107316915	145.85461	-338.75317	4.755351	-341.48193	5.1480374	94.0	5151.8765
95	7680000	1.5	0.014999999	-27.576487	0.14973	-357.10852	1219.0	1.1637077	0.34059483	2.8992567e-05	149.0	-0.004113639	13.096927	0.13402258	0.0014932052	-0.5624166	0.015375	-0.058423188	-0.00013432522	0.010464091	157.55083	-339.06903	4.7080846	-341.01755	4.9704633	95.0	5209.9883
96	7760000	1.5	0.014999999	-29.075796	0.13499819	-357.89157	1219.0	1.1716805	0.27513137	2.2377628e-05	149.0	0.00045507165	13.095896	0.13911451	0.0055695334	-0.59351546	0.0713625	0.005174808	0.0031847463	0.009893977	153.86172	-339.16656	4.779858	-340.5281	4.549485	96.0	5269.1587
97	7840000	1.5	0.014999999	-29.930843	0.13676684	-357.76956	1219.0	1.1954058	0.28683144	2.6866463e-05	149.0	0.00095058494	13.094943	0.14320728	0.000374353	-0.5937014	0.002475	0.013303797	-0.0001912451	0.0098061925	159.78662	-338.49524	4.935283	-340.09796	5.653239	97.0	5327.39
98	7920000	1.5	0.014999999	-29.329178	0.14056353	-357.5387	1219.0	1.2168533	0.30359527	1.8366285e-05	149.0	0.00058195705	13.094035	0.14587487	0.0017963406	-0.6135798	0.0201	0.007874378	1.7637634e-05	0.0104670795	151.0975	-338.07132	5.1402535	-339.7193	4.801017	98.0	5385.6187
99	8000000	1.5	0.014999999	-29.636187	0.14254723	-357.00024	1219.0	1.2132907	0.30389285	1.9664414e-05	149.0	-0.0002773458	13.093099	0.14389582	0.0014083416	-0.63461775	0.0107875	-0.004364897	0.00021586742	0.009535578	151.5255	-337.29327	5.5578465	-338.6932	5.7404356	99.0	5444.1206
100	8080000	1.5	0.014999999	-30.158207	0.13807257	-356.58093	1219.0	1.276013	0.27672368	2.2926148e-05	31.0	0.0017831089	13.092431	0.14817733	0.019208793	-0.63582	0.145725	0.02464533	0.015612665	0.010195897	154.48372	-339.7039	4.7341585	-340.0271	4.7818637	100.0	5490.5005
101	8160000	1.5	0.014999999	-27.747	0.15945134	-358.77203	1219.0	1.1995519	0.2768487	1.8332983e-05	149.0	-0.0023437703	13.091413	0.15208994	0.0009223937	-0.6440273	0.003875	-0.033171654	-2.9915142e-05	0.011305451	162.4325	-339.81635	4.895045	-340.03622	4.531693	101.0	5548.425
102	8240000	1.5	0.014999999	-29.20941	0.15262818	-359.08713	1219.0	1.2006532	0.2777752	1.8295634e-05	149.0	6.794861e-05	13.090462	0.15557352	0.005208132	-0.66189533	0.0589125	-0.00012008686	0.0025028621	0.010220169	160.31874	-337.95538	5.5189505	-337.60703	5.4114313	102.0	5607.767
103	8320000	1.5	0.014999999	-30.083559	0.1488617	-357.46045	1219.0	1.2175364	0.32067546	2.6114843e-05	149.0	0.00040482235	13.089575	0.15354896	0.00067024824	-0.6752926	0.005425	0.0055017653	-0.00028060263	0.010142463	158.9602	-338.29745	5.091654	-339.12637	5.03796	103.0	5666.451
104	8400000	1.5	0.014999999	-29.280134	0.1529465	-357.61414	1219.0	1.1889378	0.31741583	3.1330303e-05	18.0	-0.0006525399	13.088571	0.15267809	0.016255595	-0.68108904	0.135275	-0.01064252	0.014771344	0.008721206	159.89932	-336.05658	6.073647	-337.95837	5.704826	104.0	5711.4272
105	8480000	1.5	0.014999999	-30.332294	0.14008601	-355.5285	1219.0	1.3557982	0.33734465	3.507648e-05	26.0	0.0039266236	13.088242	0.1596922	0.017874716	-0.7035996	0.1304375	0.055327795	0.01300524	0.01311704	155.73459	-338.54468	5.387123	-340.1647	5.412475	105.0	5757.0195
106	8560000	1.5	0.014999999	-28.225729	0.1701091	-357.58072	1219.0	1.2065955	0.3154406	2.0106156e-05	149.0	-0.0035752454	13.087143	0.15720762	0.0028284602	-0.7329247	0.0228125	-0.050607372	-0.0004000029	0.01051553	163.73308	-338.3299	5.4837127	-338.32626	5.248999	106.0	5815.353
107	8640000	1.5	0.014999999	-29.50282	0.15536913	-357.82846	1219.0	1.2075722	0.3236249	2.3870713e-05	131.0	0.0004599262	13.086212	0.15981396	0.020430215	-0.7337684	0.137725	0.005694511	0.016476404	0.008691332	162.18112	-335.7113	6.465838	-336.42276	7.4105754	107.0	5873.2993
108	8720000	1.5	0.014999999	-30.314648	0.14542153	-355.37125	1219.0	1.353023	0.39287916	2.042693e-05	81.0	0.0031424207	13.085852	0.1616998	0.02398771	-0.75782496	0.127075	0.044058148	0.013712441	0.011597555	159.34259	-338.62524	5.5357065	-339.09406	5.602302	108.0	5924.544
109	8800000	1.5	0.014999999	-28.083916	0.17424682	-358.07498	1219.0	1.1998553	0.39977294	1.8333467e-05	149.0	-0.0034358178	13.084754	0.16210543	0.0016111465	-0.7649162	0.017475	-0.04867669	0.0006047635	0.009873696	165.13554	-337.6114	6.051185	-338.5705	6.1474714	109.0	5982.7744
110	8880000	1.5	0.014999999	-29.97349	0.15544826	-356.9426	1219.0	1.2483252	0.33883074	1.934532e-05	90.0	0.0015023086	13.08399	0.16414966	0.015560005	-0.80098146	0.1429375	0.020109184	0.01404223	0.008353343	163.26295	-335.68274	7.0299325	-337.50146	8.111674	110.0	6035.7607
111	8960000	1.5	0.014999999	-30.3841	0.15198453	-355.25345	1219.0	1.4384111	0.36025023	2.0159665e-05	50.0	0.0044002924	13.0838785	0.17305395	0.015163615	-0.80177027	0.1346625	0.06252599	0.01735038	0.011369382	162.01405	-337.66348	5.7489376	-339.3415	6.1341405	111.0	6084.1323
112	9040000	1.5	0.014999999	-27.82326	0.18246572	-357.2407	1219.0	1.2694372	0.3755177	2.6793603e-05	149.0	-0.0035251623	13.082941	0.16990823	0.0040437644	-0.81553847	0.0593125	-0.04985663	0.0027882203	0.009630768	162.58649	-338.60577	5.1955247	-340.38855	5.413222	112.0	6142.453
113	9120000	1.5	0.014999999	-28.70245	0.17410152	-358.23596	1219.0	1.2147856	0.35581172	2.172931e-05	36.0	-0.0011354622	13.08203	0.17159514	0.018685056	-0.8353853	0.1454375	-0.017652808	0.016601283	0.008382144	165.2842	-336.64255	6.018047	-337.4459	5.894383	113.0	6189.956
114	9200000	1.5	0.014999999	-30.3354	0.15796918	-356.5169	1219.0	1.3786342	0.33372623	2.3161494e-05	80.0	0.004403639	13.081765	0.17920385	0.016113479	-0.8523407	0.147925	0.061711717	0.015552239	0.011343132	162.36224	-335.19284	7.3119326	-336.1152	7.765232	114.0	6241.3633
115	9280000	1.5	0.014999999	-30.284256	0.16878614	-355.15552	1219.0	1.6794071	0.40234423	3.7039947e-05	27.0	0.0065153753	13.097758	0.19924025	0.021015748	-0.85991865	0.1656375	0.089832656	0.019147603	0.015610643	158.39339	-336.6835	6.1066146	-337.1471	6.8636346	115.0	6287.4917
116	9360000	1.5	0.014999999	-28.008938	0.20700505	-356.78195	1219.0	1.3698442	0.40606958	2.6927872e-05	54.0	-0.0059507657	13.0816145	0.18394378	0.020436672	-0.8779898	0.154925	-0.08536841	0.01875906	0.010832929	164.5645	-338.73807	5.079956	-338.8487	5.2575355	116.0	6336.2847
117	9440000	1.5	0.014999999	-28.10336	0.19540928	-358.6034	1219.0	1.2435164	0.38858685	2.287354e-05	64.0	-0.0016262869	13.080789	0.19128208	0.015419156	-0.8912231	0.127475	-0.024399215	0.012763176	0.009850362	168.17047	-336.94913	5.736353	-338.34686	6.6072474	117.0	6385.8955
118	9520000	1.5	0.014999999	-30.25487	0.17988007	-357.0896	1219.0	1.3520578	0.4733058	1.9089975e-05	9.0	0.0023366096	13.08039	0.19273278	0.01568832	-0.89293206	0.1476625	0.031480562	0.015464706	0.0093220165	164.4567	-335.26996	6.7794213	-336.12894	6.842344	118.0	6430.1626
119	9600000	1.5	0.014999999	-30.051575	0.1793303	-355.23767	1219.0	1.593486	0.46315557	2.1414566e-05	45.0	0.004846289	13.087666	0.20281087	0.023516439	-0.90173626	0.168675	0.06714424	0.023713429	0.012456754	159.82095	-333.31067	8.284603	-334.36758	8.409223	119.0	6477.8823
120	9680000	1.5	0.014999999	-30.016941	0.18879463	-353.89682	1219.0	2.0138185	0.41013044	2.4863306e-05	26.0	0.008035386	13.13073	0.22599849	0.01682772	-0.9104251	0.139425	0.11196559	0.014402296	0.022457287	154.59105	-334.8321	6.8046503	-335.30286	6.864109	120.0	6524.098
121	9760000	1.5	0.014999999	-28.053785	0.23560886	-355.00058	1219.0	1.6697289	0.43422532	3.1101277e-05	1.0	-0.0066438406	13.096833	0.20972534	0.020246739	-0.9108409	0.146325	-0.09457363	0.01819971	0.013204163	156.69597	-336.74255	5.8100963	-337.57117	6.0265136	121.0	6567.634
122	9840000	1.5	0.014999999	-28.046738	0.22014487	-356.6837	1219.0	1.4009905	0.43548268	4.5832938e-05	13.0	-0.004484762	13.082016	0.20370708	0.018706992	-0.9152593	0.132775	-0.06470123	0.016098898	0.010982263	162.0613	-334.92044	6.9373307	-335.55774	6.633344	122.0	6612.2207
123	9920000	1.5	0.014999999	-29.904669	0.19112995	-355.2054	1219.0	1.6708851	0.46261397	4.1210187e-05	21.0	0.0052198037	13.097275	0.21666336	0.020224854	-0.9172859	0.1354875	0.072630174	0.015864944	0.013315939	156.36179	-336.98572	6.0319653	-337.81863	6.4751973	123.0	6657.5327
124	10000000	1.5	0.014999999	-28.22184	0.22783943	-356.85837	1219.0	1.4069424	0.44702297	2.5324203e-05	31.0	-0.0037942212	13.082109	0.21457927	0.015722474	-0.9210511	0.12705	-0.05523747	0.014377159	0.011167463	161.45102	-335.5021	7.0419264	-333.5953	6.5653524	124.0	6703.49
125	10080000	1.5	0.014999999	-29.660362	0.2014035	-355.98587	1219.0	1.6245577	0.49773178	2.0304957e-05	52.0	0.0060916673	13.092638	0.23031221	0.022160202	-0.9447193	0.1613875	0.08676171	0.021720197	0.013606052	154.5799	-337.01245	5.655111	-336.84415	5.3287973	125.0	6752.702
126	10160000	1.5	0.014999999	-28.37897	0.24376726	-357.05527	1219.0	1.3980852	0.45188457	2.184045e-05	149.0	-0.004052401	13.082041	0.22928974	0.005005979	-0.9727803	0.066175	-0.057701305	0.0033515266	0.011693799	160.32033	-336.52536	5.873179	-337.95508	6.104732	126.0	6811.737
127	10240000	1.5	0.014999999	-29.3945	0.22595158	-356.75266	1219.0	1.4569302	0.5064366	3.7758058e-05	5.0	0.0032891275	13.081904	0.24244782	0.016804175	-0.9738179	0.13115	0.046277124	0.017038507	0.009368041	157.95352	-334.8729	7.0050135	-335.2916	7.296751	127.0	6855.494
128	10320000	1.5	0.014999999	-29.865725	0.22726789	-355.09503	1219.0	1.6919544	0.5624543	3.0454652e-05	134.0	0.005038631	13.099233	0.251304	0.015970685	-0.99404806	0.1328	0.06998402	0.015407744	0.012614657	155.55275	-333.18637	8.03753	-334.31567	8.012989	128.0	6910.673
129	10400000	1.5	0.014999999	-29.85099	0.23753601	-353.68875	1219.0	2.0177944	0.5233457	1.7825398e-05	8.0	0.0059948037	13.1329155	0.26539847	0.02477498	-0.9939336	0.1708875	0.08276411	0.022650247	0.017055348	152.96867	-331.59067	9.455875	-332.5838	9.093877	129.0	6956.0723
130	10480000	1.5	0.014999999	-29.814934	0.24978814	-352.5948	1219.0	2.5517707	0.56123906	2.3839646e-05	16.0	0.009312211	13.1887665	0.29198158	0.016159387	-0.9996967	0.11935	0.13002793	0.012334612	0.03127314	148.6054	-333.34595	8.351374	-333.90927	7.6919346	130.0	7001.2314
131	10560000	1.5	0.014999999	-28.223928	0.3033361	-354.21823	1219.0	2.162996	0.5334129	3.0914623e-05	1.0	-0.006108804	13.151952	0.27914494	0.027988117	-1.0001372	0.1692375	-0.08912724	0.024921598	0.018273637	151.84598	-335.4441	7.0107946	-337.135	6.9231014	131.0	7044.892
132	10640000	1.5	0.014999999	-27.860872	0.29257268	-355.89426	1219.0	1.757247	0.5335819	2.3008131e-05	1.0	-0.0045409757	13.11255	0.2751794	0.031411864	-1.0003816	0.1674625	-0.065405734	0.026294852	0.015770439	156.41893	-337.5856	5.891978	-339.3186	5.600728	132.0	7088.261
133	10720000	1.5	0.014999999	-27.855268	0.294191	-357.60895	1219.0	1.448464	0.5410915	2.5494413e-05	2.0	-6.716608e-05	13.089218	0.29567012	0.030185025	-1.0009164	0.154275	0.0005956833	0.022887774	0.017188508	160.93048	-339.84482	5.257727	-340.23972	5.120566	133.0	7134.047
134	10800000	1.5	0.014999999	-28.137463	0.3229267	-359.9646	1219.0	1.3195676	0.5411803	1.8746603e-05	10.0	0.0049722674	13.088617	0.3455839	0.015227071	-1.0039216	0.129825	0.07308667	0.014711239	0.019375166	164.486	-341.22354	4.674669	-342.28046	4.4249864	134.0	7179.2393
135	10880000	1.5	0.014999999	-28.399097	0.3652054	-361.0038	1219.0	1.2924883	0.58757913	2.1505844e-05	49.0	0.004920071	13.087936	0.3876231	0.022234112	-1.0143701	0.1390125	0.06494137	0.017216189	0.016101534	163.79199	-339.44647	5.1176915	-340.35904	4.7840767	135.0	7227.0933
136	10960000	1.5	0.014999999	-30.289103	0.35945326	-360.0082	1219.0	1.3545983	0.53293055	2.3392178e-05	5.0	0.0036175214	13.087502	0.3761618	0.016327418	-1.0151776	0.13635	0.051925432	0.01953011	0.013530105	160.89557	-340.35675	4.3458343	-341.0546	4.3877645	136.0	7271.0654
137	11040000	1.5	0.014999999	-28.490938	0.39257783	-360.21863	1219.0	1.2489384	0.56655264	2.1143725e-05	6.0	-0.0001410495	13.08663	0.3934545	0.019507328	-1.0169009	0.1342	-0.00019887963	0.019300828	0.014336471	160.85464	-341.4589	3.815744	-342.3677	3.7188551	137.0	7314.9697
138	11120000	1.5	0.014999999	-28.683535	0.41607246	-361.11346	1219.0	1.2582123	0.52910364	1.8030089e-05	3.0	0.0019970858	13.085857	0.42588365	0.01594719	-1.0177459	0.1382	0.02339319	0.016018106	0.016406165	164.30661	-340.0012	4.243927	-341.20877	4.474805	138.0	7358.505
139	11200000	1.5	0.014999999	-29.87689	0.4005845	-360.09314	1219.0	1.2281629	0.6000921	1.5377163e-05	8.0	0.0013212439	13.084976	0.4073519	0.015841294	-1.0202311	0.1337125	0.013797158	0.013296572	0.013178747	159.3853	-338.65317	4.7632318	-340.45337	4.6023903	139.0	7402.527
140	11280000	1.5	0.014999999	-30.179712	0.382782	-358.56796	1219.0	1.2966168	0.60240793	2.0099544e-05	1.0	0.0018243818	13.084374	0.39181426	0.03203482	-1.0205404	0.174525	0.019291809	0.02633275	0.013704224	158.50003	-336.65018	5.6780267	-337.55722	5.6659107	140.0	7445.8955
141	11360000	1.5	0.014999999	-30.09539	0.35337505	-356.88376	1219.0	1.4858782	0.6663187	2.0218353e-05	1.0	0.0026114956	13.084384	0.36577588	0.04749859	-1.0208608	0.1930625	0.029506182	0.03454179	0.016502839	154.2192	-333.96326	7.2503114	-334.775	7.6557517	141.0	7489.4014
142	11440000	1.5	0.014999999	-30.39365	0.32068747	-354.63895	1219.0	1.9482303	0.8055399	4.817233e-05	1.0	0.0064643854	13.12781	0.34934384	0.026754843	-1.021187	0.1618375	0.090576574	0.022644123	0.024061425	151.52502	-331.79837	8.6741085	-332.86945	9.279742	142.0	7532.9062
143	11520000	1.5	0.014999999	-29.728722	0.32016805	-352.9096	1219.0	2.4289904	0.72297984	3.3631415e-05	1.0	0.006257333	13.177989	0.3478219	0.020013971	-1.0216256	0.1537	0.08899139	0.017568054	0.02816579	144.30174	-330.17294	10.123804	-330.677	10.379191	143.0	7576.297
144	11600000	1.5	0.014999999	-29.696907	0.32798973	-351.12848	1219.0	2.9504704	0.69596094	7.020776e-05	1.0	0.0067170593	13.233536	0.35765055	0.0319999	-1.022045	0.182	0.09334491	0.026783774	0.03511203	141.02586	-328.0604	12.083802	-329.42917	12.089327	144.0	7619.8794
145	11680000	1.5	0.014999999	-29.790491	0.33528355	-349.02118	1219.0	3.7923918	0.74951017	4.1512638e-05	2.0	0.010446214	13.32346	0.38103873	0.01553172	-1.022689	0.1489	0.15328963	0.016528927	0.057923164	138.96138	-326.62512	13.658871	-327.1642	12.719734	145.0	7663.515
146	11760000	1.5	0.014999999	-29.299248	0.37310484	-348.17264	1219.0	4.5004954	0.75345397	3.5557834e-05	28.0	0.009720361	13.402014	0.41565287	0.016665943	-1.0274447	0.1265375	0.13351336	0.015739508	0.06535761	133.9925	-328.22366	12.304333	-329.943	12.180627	146.0	7709.435
147	11840000	1.5	0.014999999	-27.573057	0.41968983	-349.39548	1219.0	3.8809443	0.8354572	3.2966098e-05	2.0	-0.0065526003	13.347505	0.39245445	0.015079233	-1.0275315	0.1336375	-0.09962341	0.012936221	0.042359117	135.88748	-329.7055	11.083144	-331.52325	11.464498	147.0	7753.0728
148	11920000	1.5	0.014999999	-27.5348	0.39487052	-350.8737	1219.0	3.2392557	0.83584416	3.776128e-05	149.0	-0.0050849305	13.288994	0.3741677	0.00158553	-1.0145808	0.0171375	-0.07333133	0.0003590061	0.033781927	136.12932	-330.0483	10.656948	-331.91104	10.3820095	148.0	7809.6294
149	12000000	1.5	0.014999999	-28.254675	0.37392682	-351.10425	1219.0	3.0914469	0.7492729	4.286198e-05	13.0	-0.0009155086	13.279164	0.371448	0.017491788	-1.0162438	0.1120625	-0.014422333	0.011031368	0.027848028	132.77037	-331.948	9.658425	-333.26755	10.025787	149.0	7854.233
