Epoch	TotalEnvInteracts	worker/CostLimit	worker/noise	learner/VVals	learner/CostVVals	worker/EpRet	worker/EpLen	worker/EpCost	learner/LossQ	learner/LossQC	learner/StopIter	learner/LossPi	learner/Lagrangian	learner/QcRet	learner/KL	learner/Entropy	learner/ClipFrac	learner/LossQcPenalty	learner/LossVallina	learner/LossVC	learner/LossV	Eval/NaturalReward	Eval/NaturalCost	Eval/AdvUniformReward	Eval/AdvUniformCost	worker/Epoch	worker/Time
0	80000	1.5	0.0	0.039949615	0.042098287	-1853.5184	1219.0	466.58203	2.1645381	0.0055439253	5.0	9.3956175	48.07256	36.559658	0.016106138	0.91643137	0.2404375	460.83795	-0.0050652125	1382.5276	20441.86	-1665.4205	466.58392	-1665.4591	466.58945	0.0	43.38438
1	160000	1.5	0.0	-59.92442	39.09565	-1682.8107	1219.0	463.01694	1.0162132	0.0009013271	5.0	0.0098264385	48.620037	39.316063	0.015272322	0.9148026	0.239625	0.3381699	-0.0035193886	7.2666283	5633.367	-1483.66	462.25064	-1483.6991	462.2528	1.0	86.78346
2	240000	1.5	0.0023027735	-126.31978	39.195526	-1512.9222	1219.0	457.92346	0.8837307	0.0003370946	6.0	-0.09654194	49.482166	39.130913	0.017277686	0.9137477	0.2816125	-5.024183	-0.00071265106	2.9955466	393.61694	-1288.2465	455.24167	-1288.1953	455.23306	2.0	130.24397
3	320000	1.5	0.004252031	-120.94459	39.028843	-1339.391	1219.0	450.59314	0.8616843	0.0001430639	6.0	-0.19372769	50.092102	38.67241	0.017592208	0.91272366	0.276125	-10.054052	-0.0051509896	3.3937247	369.05826	-1094.062	442.19284	-1094.1791	442.21057	3.0	173.87415
4	400000	1.5	0.0059020403	-107.74931	38.50104	-1171.3676	1219.0	438.3691	0.7764671	0.00012666653	6.0	-0.31268835	50.179867	37.76323	0.019533904	0.9115916	0.29195	-16.231596	-0.007661322	5.6571198	309.4726	-892.67566	423.475	-892.2981	423.45004	4.0	218.19382
5	480000	1.5	0.0072987443	-94.13978	37.537766	-1007.0378	1219.0	424.60938	0.7640959	0.00013791959	6.0	-0.355974	50.08622	36.64197	0.017691655	0.9104871	0.284925	-18.411306	-0.011261562	7.3125186	291.0537	-701.184	391.1806	-701.10815	391.16608	5.0	261.9784
6	560000	1.5	0.008481027	-80.45211	36.251526	-865.644	1219.0	406.7201	0.6543709	0.00013737658	6.0	-0.4048637	49.494247	35.156643	0.015415312	0.9092206	0.2435625	-20.761745	-0.013403929	9.505584	232.0334	-538.5403	331.3112	-538.58325	331.3596	6.0	305.79648
7	640000	1.5	0.009481809	-68.737175	34.43713	-736.9226	1219.0	381.15457	0.6058578	0.00017572638	8.0	-0.47498536	48.093777	33.019894	0.01590321	0.906045	0.2653375	-23.708887	-0.012892544	11.921182	187.67026	-405.93204	182.91423	-406.09793	183.20567	7.0	349.54105
8	720000	1.5	0.010328949	-57.92489	31.349379	-616.2538	1219.0	337.4111	0.5593785	0.00024161507	12.0	-0.6040537	44.757965	29.358738	0.015130945	0.8992587	0.228175	-28.157093	-0.011782833	16.022062	133.96176	-283.97888	44.965046	-284.06903	44.902893	8.0	393.658
9	800000	1.5	0.011046043	-48.282467	26.270433	-519.4918	1219.0	271.33694	0.46331042	0.0002812561	111.0	-0.7407801	38.911808	23.60346	0.015053131	0.82398015	0.14585	-29.973722	-0.014216194	18.377897	75.31795	-51.47727	321.34244	-51.39371	321.68207	9.0	446.06787
10	880000	1.5	0.01165305	-40.153046	16.798384	-424.06702	1219.0	143.65471	0.35412908	0.0003764901	149.0	-1.1623331	26.6581	12.271991	0.007643155	0.7401065	0.0673375	-32.248104	-0.007880158	28.639143	49.226498	-7.887469	332.49118	-7.9248514	332.49158	10.0	501.7736
11	960000	1.5	0.012166867	-34.374176	9.947903	-389.61728	1219.0	104.338425	0.30619216	0.00042994748	149.0	-0.36021355	23.126064	8.5119705	0.007537158	0.660242	0.062625	-8.756801	-0.0074705346	7.461444	21.377207	-5.9155693	332.66357	-5.894341	332.66885	11.0	558.36566
12	1040000	1.5	0.012601807	-31.53216	7.0324297	-364.52966	1219.0	81.313805	0.2743064	0.0004418029	149.0	-0.12581906	21.042303	6.5262775	0.006450283	0.58211833	0.0583375	-2.8218837	-0.007648467	4.453641	15.141183	-4.5793533	332.7805	-4.567305	332.78256	12.0	614.1077
13	1120000	1.5	0.012969971	-29.320444	5.0731435	-336.2682	1219.0	59.72202	0.23825225	0.00029919288	149.0	-0.07186402	19.075281	4.7684155	0.0055575967	0.5049096	0.0562125	-1.4798521	-0.0072898697	4.1720986	15.130719	-4.0128875	332.8387	-4.029365	332.8346	13.0	669.86597
14	1200000	1.5	0.0132816145	-27.026571	3.7613113	-314.50095	1219.0	45.369354	0.21680598	0.00015827574	149.0	-0.024658063	17.771893	3.6195579	0.005804643	0.4282609	0.0557125	-0.4943417	-0.007934789	3.445341	12.110434	-3.6628428	332.89847	-3.6466618	332.89594	14.0	725.4461
15	1280000	1.5	0.013545423	-25.253536	3.1477222	-296.4107	1219.0	39.80219	0.18980937	0.000108424036	149.0	0.03820705	17.341335	3.2775311	0.005130626	0.35658818	0.049575	0.6824405	-0.0070674806	3.4133546	9.563521	-3.3910117	332.92233	-3.4161673	332.92096	15.0	781.43427
16	1360000	1.5	0.013768726	-23.801712	2.9715214	-279.6665	1219.0	36.38552	0.16808656	6.8782836e-05	149.0	0.042068273	17.091335	3.1240017	0.0013740783	0.32229474	0.0065875	0.7611388	-0.004956468	3.8447523	7.979525	-2.3043332	332.98212	-2.2961202	332.98276	16.0	837.06793
17	1440000	1.5	0.013957752	-22.509928	3.0675755	-270.95804	1219.0	36.61779	0.15592292	5.3711974e-05	149.0	0.060918704	17.21593	3.3054843	0.002113525	0.2740538	0.0199625	1.105947	-0.0061689364	3.7634637	6.941307	-1.9363904	332.9959	-1.4457464	333.00858	17.0	893.2684
18	1520000	1.5	0.014117749	-21.839865	3.285133	-262.235	1219.0	36.427128	0.15736972	4.1731848e-05	149.0	0.049727924	17.30332	3.4823961	-9.484759e-06	0.27452847	0.0	0.9100648	0.00011097717	3.87608	6.2355375	-2.2134056	332.98563	-2.2066464	332.98642	18.0	948.95013
19	1600000	1.5	0.014253196	-21.239521	3.468907	-262.88986	1219.0	36.963036	0.16751531	3.922661e-05	149.0	0.06539554	17.460491	3.732716	0.0001401391	0.29043126	0.00035	1.2039115	0.002375872	3.189177	5.363394	-3.2198403	332.93524	-3.215088	332.93643	19.0	1004.90686
20	1680000	1.5	0.014367847	-21.260393	3.7400546	-263.76917	1219.0	36.685432	0.17527539	3.5711124e-05	149.0	0.04342501	17.534204	3.9186094	0.0054482333	0.21958303	0.0499875	0.7927508	-0.0068067894	2.8815794	6.2095823	-1.9468756	332.99554	-1.5614605	333.00253	20.0	1060.5912
21	1760000	1.5	0.014464887	-21.22456	4.079961	-246.42842	1219.0	40.450684	0.15421836	2.6886846e-05	149.0	0.0959604	18.024307	4.481363	3.3033077e-05	0.22389172	0.0	1.8247991	0.0006460567	4.3871202	6.742897	0.0	333.04065	-0.096970044	333.03955	21.0	1116.1079
22	1840000	1.5	0.014547037	-20.037308	4.4395776	-248.72919	1219.0	39.47057	0.1678736	2.362219e-05	149.0	0.045018364	18.035856	4.62886	0.0018371281	0.26691154	0.0188	0.843867	0.0069981604	2.9770935	5.090982	0.0	333.04065	0.0	333.04065	22.0	1171.7621
23	1920000	1.5	0.014616577	-20.241016	4.4787974	-258.71545	1219.0	37.55576	0.1904291	2.3346447e-05	149.0	0.036654357	17.953629	4.635875	0.00081359205	0.23912694	0.0033375	0.69598687	-0.0038819744	2.710966	6.0830836	0.0	333.04065	0.0	333.04065	23.0	1227.6025
24	2000000	1.5	0.014675439	-20.856375	4.792946	-250.43169	1219.0	38.940895	0.18074115	1.9715517e-05	149.0	0.021762878	18.20193	4.8891273	0.0024127692	0.28845498	0.0261375	0.40239033	0.007912032	2.6838677	5.2425756	0.0	333.04065	0.0	333.04065	24.0	1283.1841
25	2080000	1.5	0.014725265	-20.407856	4.6299314	-261.45645	1219.0	37.047894	0.20685884	2.496849e-05	149.0	0.051813472	18.122293	4.8539987	0.00029456583	0.30258086	0.000175	0.9883822	0.001968281	2.6359162	6.286388	0.0	333.04065	0.0	333.04065	25.0	1338.7308
26	2160000	1.5	0.014767439	-21.216084	4.7671766	-265.62503	1219.0	36.402027	0.20870972	3.0191946e-05	149.0	0.025108967	18.160313	4.874182	4.7207527e-06	0.30330902	0.0	0.48099804	9.7554395e-05	2.4330413	6.612054	0.0	333.04065	0.0	333.04065	26.0	1394.3927
27	2240000	1.5	0.014803143	-21.539034	4.8441057	-266.1071	1219.0	36.555702	0.20458145	2.576094e-05	149.0	0.025580954	18.279354	4.951052	0.0006824163	0.2744932	0.0038875	0.49528632	-0.0041174185	2.363866	5.9057	0.0	333.04065	0.0	333.04065	27.0	1450.0177
28	2320000	1.5	0.014833362	-21.471788	5.128733	-258.77396	1219.0	36.892475	0.19847679	1.9703835e-05	149.0	-0.020720031	18.415329	5.0471315	0.0029594505	0.21985774	0.028775	-0.40285945	-0.00650291	2.5909035	5.953223	-2.1641028	332.9875	-2.1832972	332.9872	28.0	1505.7133
29	2400000	1.5	0.014858946	-20.959127	5.459963	-246.21648	1219.0	40.046295	0.18166332	1.5483987e-05	149.0	-0.019951263	18.842537	5.3844275	0.001492987	0.25832796	0.01525	-0.4054321	0.0059874733	2.7731452	5.8417916	-3.0439641	332.94806	-3.037294	332.94937	29.0	1561.3959
30	2480000	1.5	0.0148806	-20.154509	5.0403705	-256.75793	1219.0	37.63697	0.19987087	2.810015e-05	149.0	0.051139567	18.708992	5.2668905	0.0020238846	0.30387643	0.02215	0.99644345	0.007190848	2.7431138	5.6460133	-4.6334815	332.77533	-4.6175475	332.77368	30.0	1617.0166
31	2560000	1.5	0.014898927	-20.904303	5.0989714	-263.61835	1219.0	37.04662	0.22092076	3.0752115e-05	149.0	0.037447017	18.761192	5.254095	3.775458e-05	0.3084152	0.0	0.73936385	0.0006125206	2.6023595	6.370593	-3.96578	332.84424	-3.9461472	332.8466	31.0	1672.7139
32	2640000	1.5	0.014914451	-21.412832	5.048367	-269.7094	1219.0	35.77417	0.22451468	2.8616127e-05	149.0	0.02594985	18.732235	5.156294	0.003979403	0.37144774	0.0416	0.4934271	0.010887915	2.4846566	5.8763595	-5.099876	332.73688	-5.095742	332.73804	32.0	1728.2699
33	2720000	1.5	0.01492758	-21.950592	4.975625	-282.00867	1219.0	36.46205	0.25571722	0.00012432892	134.0	0.049710248	18.90631	5.1782184	0.017533671	0.2901983	0.1223	0.9475442	0.0107496	2.6996603	7.449892	-254.3754	109.13926	-254.31601	109.20601	33.0	1782.6564
34	2800000	1.5	0.014938699	-22.861305	5.1048775	-293.18286	1219.0	36.187958	0.24131446	6.622648e-05	2.0	-0.00767938	18.978188	5.06542	0.022184014	0.2891865	0.1380875	-0.22484866	0.03838166	2.2322438	7.43214	-292.20908	42.36887	-292.61624	42.260567	34.0	1826.1147
35	2880000	1.5	0.014948113	-23.93806	4.8864174	-326.31915	1219.0	39.44077	0.29051518	5.915524e-05	43.0	-0.058102608	19.431004	4.627975	0.015193844	0.2509141	0.082275	-1.348457	-0.00812921	6.253843	16.32723	-322.3723	32.264027	-322.58102	32.224693	35.0	1872.9149
36	2960000	1.5	0.014956073	-26.125675	4.1018724	-312.78302	1219.0	25.3497	0.25446352	3.0482595e-05	3.0	-0.13729833	18.097563	3.5364919	0.021715695	0.24803352	0.158525	-2.6735942	0.034392267	2.7794518	21.908777	-341.02084	17.710373	-340.44687	17.728632	36.0	1916.539
37	3040000	1.5	0.01496282	-25.741217	3.2550788	-334.6768	1219.0	22.603083	0.27531207	3.0607214e-05	2.0	-0.13137323	17.893925	2.7067342	0.02340205	0.24637985	0.1707125	-2.5238326	0.041001033	3.9820151	28.093323	-364.0111	7.1805167	-363.51898	7.182109	37.0	1960.2078
38	3120000	1.5	0.0149685275	-27.416256	2.7080042	-357.3252	1219.0	25.234556	0.29468235	0.00050120323	6.0	-0.09549063	18.236193	2.311626	0.018345544	0.24277568	0.1519625	-1.919536	0.012791664	3.9158683	37.143745	-365.24796	3.7359521	-364.23526	3.791434	38.0	2003.924
39	3200000	1.5	0.014973358	-28.94175	1.6504396	-358.1116	1219.0	10.184067	0.29269305	3.70779e-05	4.0	-0.16856104	16.763014	0.9574539	0.016069105	0.2406163	0.1183875	-3.0071926	0.012253863	1.0806321	58.281845	-357.34796	1.6289338	-355.52136	1.6969982	39.0	2047.2471
40	3280000	1.5	0.014977453	-29.351543	0.7081129	-359.86853	1219.0	3.922875	0.28206292	9.640791e-06	3.0	-0.08416844	16.153896	0.3675602	0.030487994	0.23906755	0.07615	-1.4970658	0.03461111	0.4209867	82.20034	-376.1819	1.8657764	-374.70895	1.8795545	40.0	2090.5786
41	3360000	1.5	0.014980911	-29.893288	0.35906827	-384.26962	1219.0	4.2629848	0.2946404	3.9480652e-05	149.0	-0.00604563	16.191593	0.3463512	0.0042597307	0.20467043	0.0350625	-0.10857988	-0.0004300283	0.1352803	120.6237	-360.75092	2.2812238	-360.97403	2.2691386	41.0	2146.8276
42	3440000	1.5	0.014983846	-31.477942	0.2419001	-382.4568	1219.0	2.5484903	0.30283338	4.5648787e-05	149.0	-0.0076807644	16.025944	0.22340286	0.0017839482	0.1887579	0.015675	-0.13233745	-0.0009094304	0.08857314	134.15189	-357.17944	2.3806105	-357.41815	2.3438702	42.0	2202.572
43	3520000	1.5	0.014986322	-31.419271	0.2022585	-377.11905	1219.0	1.9766848	0.28188366	3.9794242e-05	149.0	-0.011532442	15.970457	0.16456448	0.0026240593	0.16175604	0.0238875	-0.19926706	-0.0003720717	0.05946142	129.36436	-351.97714	2.7018063	-352.7278	2.6907508	43.0	2258.2903
44	3600000	1.5	0.0149884205	-30.945509	0.15262102	-372.25558	1219.0	1.451496	0.27421898	2.684918e-05	149.0	-0.010017752	15.925578	0.11774729	0.0011129921	0.15310979	0.0119125	-0.17151327	0.00019924951	0.035103682	124.41305	-350.48535	1.2447556	-351.62036	1.2493496	44.0	2314.0205
45	3680000	1.5	0.0149901975	-30.50252	0.11656531	-371.3769	1219.0	1.3076695	0.28641242	2.2747132e-05	149.0	-0.005004982	15.924942	0.103843234	0.00084894535	0.13522518	0.0049875	-0.08513822	-0.0007206719	0.022756385	116.8904	-349.17645	1.0828485	-349.30124	1.079876	45.0	2369.7876
46	3760000	1.5	0.0149917025	-30.41745	0.1053063	-368.28296	1219.0	1.1887003	0.28591278	1.7250513e-05	149.0	-0.0038541479	15.923955	0.09546366	0.00096778804	0.11807454	0.004925	-0.06511448	-0.0012622847	0.016243977	114.32329	-346.7479	1.4527007	-348.5285	1.5226672	46.0	2425.5803
47	3840000	1.5	0.014992981	-30.256931	0.09653112	-365.49634	1219.0	1.0384027	0.2709598	1.5327303e-05	149.0	-0.0041193105	15.9225235	0.08493616	0.0008102276	0.10642135	0.005275	-0.07004364	-0.0005990116	0.012238748	117.6577	-347.2334	1.3250127	-348.0212	1.3935254	47.0	2482.2795
48	3920000	1.5	0.014994055	-30.03096	0.083530106	-364.49356	1219.0	1.0480928	0.26998758	1.2635789e-05	149.0	-0.00053282524	15.92113	0.08439109	0.00041138148	0.10098004	0.003025	-0.009052413	-0.00041141486	0.010105303	117.167786	-346.7217	1.6287462	-347.08572	1.6031941	48.0	2538.259
49	4000000	1.5	0.014994966	-29.895687	0.08869633	-364.29898	1219.0	1.0310575	0.2731635	1.328763e-05	149.0	-0.0017958771	15.919667	0.08447663	0.00057693326	0.078739524	0.00395	-0.03029526	-0.0010903149	0.009747771	116.97163	-343.80963	3.6535277	-345.07272	3.0856056	49.0	2594.185
50	4080000	1.5	0.01499574	-29.996452	0.08799118	-361.74213	1219.0	0.98642975	0.26808843	1.1148157e-05	149.0	-0.00235021	15.918085	0.08110089	0.0011953303	0.06966758	0.0073125	-0.039729342	-0.0015821718	0.007334098	119.85039	-342.99176	6.5341644	-343.7305	6.5947156	50.0	2649.9688
51	4160000	1.5	0.0149963945	-29.759912	0.08243574	-360.9269	1219.0	1.0266179	0.2670518	1.0571016e-05	149.0	-0.00025918553	15.916659	0.08363758	0.00061788515	0.06433439	0.0033375	-0.0041693556	-0.00062627275	0.006989135	120.202835	-342.93124	9.147834	-344.432	8.919426	51.0	2705.85
52	4240000	1.5	0.014996949	-29.732735	0.08797263	-359.76822	1219.0	1.0439771	0.25944924	9.686642e-06	149.0	-0.0010442559	15.915221	0.086137705	0.00084641646	0.04016328	0.0045625	-0.017761584	-0.00092717475	0.0066756685	121.1334	-343.53223	12.229934	-344.00748	12.232033	52.0	2761.546
53	4320000	1.5	0.014997421	-29.720102	0.0886868	-359.66147	1219.0	1.0673356	0.2591168	9.480173e-06	149.0	-0.0007634627	15.913882	0.08728869	0.0011171448	0.024628162	0.007975	-0.013224485	-0.0005523953	0.0064031295	120.48747	-343.98627	15.697857	-345.9158	15.0399275	53.0	2818.036
54	4400000	1.5	0.014997812	-29.843021	0.094940215	-359.94894	1219.0	1.0525941	0.26428282	9.619192e-06	149.0	-0.002521559	15.912469	0.08573279	0.00053576863	0.02222073	0.0050125	-0.043407857	3.4268665e-05	0.008063054	120.46057	-344.41614	17.804495	-346.19604	17.236498	54.0	2873.8596
55	4480000	1.5	0.014998151	-29.412882	0.08511511	-361.40103	1219.0	1.0586271	0.25938272	1.2428519e-05	149.0	2.7323213e-05	15.911102	0.08661493	0.00077562314	0.008815169	0.0034375	0.00055844634	-0.0009164631	0.008669673	114.488464	-344.6482	20.02898	-345.23547	20.309694	55.0	2929.7778
56	4560000	1.5	0.014998434	-29.912512	0.08634558	-360.68677	1219.0	1.0667455	0.25959903	1.1659754e-05	149.0	2.1783762e-05	15.909757	0.08776109	0.00054744346	-0.009079218	0.0012875	0.00020723324	-0.00044144393	0.0077178446	102.64046	-344.3538	20.543686	-344.31836	19.958288	56.0	2985.4954
57	4640000	1.5	0.0149986725	-29.93625	0.089679055	-359.7063	1219.0	1.0437665	0.24113712	1.0859531e-05	149.0	-0.0011611055	15.908332	0.08578443	0.0012447184	-0.03382218	0.0123625	-0.020369992	-0.00044567717	0.0072987527	95.85068	-342.0252	16.365091	-342.34906	16.374147	57.0	3041.295
58	4720000	1.5	0.014998881	-29.878584	0.08488881	-358.54477	1219.0	1.0593153	0.24370062	1.0961861e-05	149.0	0.0003481257	15.9069805	0.08674133	0.00061195495	-0.04159212	0.0031125	0.00538957	-0.00025958157	0.006740489	92.05958	-343.8413	18.264061	-344.6692	17.630917	58.0	3097.0322
59	4800000	1.5	0.014999048	-29.298712	0.08649194	-359.33682	1219.0	1.0659299	0.2523277	9.667436e-06	149.0	0.00023260881	15.905619	0.0881475	0.0016009584	-0.06544149	0.009225	0.003283036	-0.00039925714	0.007209258	86.1655	-343.1294	15.281546	-343.81308	15.080061	59.0	3153.0627
60	4880000	1.5	0.014999196	-29.420626	0.08980498	-359.57175	1219.0	1.0480621	0.24153554	1.2048723e-05	149.0	-0.00077640073	15.90421	0.087100156	0.001065096	-0.08688259	0.004875	-0.013545139	-0.0003263199	0.0082545765	88.11758	-342.71808	12.52387	-343.5472	11.900009	60.0	3208.8064
61	4960000	1.5	0.014999316	-30.613241	0.08566012	-359.16818	1219.0	1.0697141	0.2496036	1.2276953e-05	149.0	0.0007563916	15.902892	0.08942046	0.0006483693	-0.08049488	0.0071125	0.011804138	-0.00025358124	0.008280997	94.83546	-344.0774	11.615847	-344.74844	11.452861	61.0	3264.554
62	5040000	1.5	0.014999421	-28.655207	0.092214786	-360.16928	1219.0	1.1023388	0.24464858	1.2722067e-05	149.0	0.000107685344	15.90166	0.09323306	0.00090834	-0.09659755	0.005325	0.0017104755	-0.00053480465	0.010128063	93.960434	-344.94434	9.236061	-346.0233	9.423697	62.0	3320.4453
63	5120000	1.5	0.01499951	-29.319565	0.09216402	-360.10117	1219.0	1.0939175	0.23564374	1.3617605e-05	149.0	0.00022169034	15.900359	0.09358298	0.0010562085	-0.10916126	0.0071375	0.0030954287	-0.00035949994	0.00993448	100.37664	-344.17755	5.2071886	-343.93427	4.960148	63.0	3376.1626
64	5200000	1.5	0.014999585	-29.029928	0.09290167	-360.15994	1219.0	1.0933692	0.24060795	1.5294365e-05	149.0	0.00016319042	15.899089	0.09405669	0.0011222489	-0.12718415	0.0045125	0.002528544	-0.00034065018	0.00957929	92.81186	-344.9559	3.9903154	-346.0248	4.209844	64.0	3431.8894
65	5280000	1.5	0.014999655	-30.766466	0.09278776	-360.23312	1219.0	1.1035951	0.23689978	1.4382921e-05	149.0	0.0006636157	15.897861	0.09597243	0.00053069316	-0.11277128	0.0038875	0.0108574545	-0.00015714836	0.010170285	104.58502	-343.9974	3.4474366	-344.5982	3.4334826	65.0	3487.8206
66	5360000	1.5	0.014999704	-28.6609	0.09621377	-359.8567	1219.0	1.0906671	0.235643	1.25890365e-05	149.0	-0.000265512	15.896572	0.095704354	0.0023272575	-0.14498317	0.0148125	-0.004959515	-0.00085881195	0.009620251	99.02071	-344.92804	2.9095085	-345.82394	2.663094	66.0	3543.5493
67	5440000	1.5	0.014999748	-29.530828	0.09324086	-359.91794	1219.0	1.0949107	0.23395288	1.1212191e-05	149.0	0.00080973224	15.89531	0.097045206	0.0012568368	-0.14796448	0.007825	0.01338039	-0.0010075693	0.010178998	112.6514	-344.91394	1.9725639	-346.01672	2.152176	67.0	3599.3772
68	5520000	1.5	0.014999791	-28.423456	0.10170484	-360.32025	1219.0	1.0943018	0.23359677	1.2134993e-05	149.0	-0.00091367966	15.89404	0.098467715	0.0019316138	-0.1768302	0.0118	-0.015764244	-0.000725223	0.010714984	122.79786	-344.55984	1.6768731	-344.98392	1.6654209	68.0	3655.1877
69	5600000	1.5	0.01499982	-29.415356	0.09765485	-360.4117	1219.0	1.0909319	0.2310811	1.2857521e-05	149.0	0.00020221375	15.892762	0.09890074	0.0016956705	-0.21422715	0.0111125	0.0028637622	-0.0003728363	0.010585437	141.33003	-344.11536	1.7229993	-344.67245	1.7061232	69.0	3710.9587
70	5680000	1.5	0.014999851	-30.446775	0.09157669	-359.61	1219.0	1.0904328	0.23207128	1.3899611e-05	149.0	0.0018931084	15.891483	0.10007085	0.00075364555	-0.22463465	0.0044125	0.031116214	0.00022016963	0.009442996	146.41263	-343.36472	1.4035095	-344.8245	1.4414856	70.0	3766.5803
71	5760000	1.5	0.014999868	-29.749012	0.09465913	-359.20642	1219.0	1.0779471	0.22052996	1.2881294e-05	149.0	0.0013018819	15.890168	0.101068966	0.0015096068	-0.2436657	0.0102125	0.021322913	-0.00044583206	0.009203232	134.41507	-343.40167	2.7443132	-344.13327	2.6824815	71.0	3822.9128
72	5840000	1.5	0.014999894	-31.13318	0.094907194	-358.95197	1219.0	1.0585471	0.22735925	1.2026813e-05	149.0	0.0012488366	15.888796	0.10118422	0.0019541706	-0.26542756	0.016975	0.020059131	0.00013639574	0.008993254	133.94162	-342.91672	1.9977345	-343.8462	1.957911	72.0	3878.7568
73	5920000	1.5	0.01499991	-30.097225	0.09473574	-358.01367	1219.0	1.0269762	0.21812388	1.4088155e-05	149.0	0.0006910283	15.887329	0.098736584	0.0017477429	-0.2780013	0.008125	0.011673442	-0.0007451208	0.007953701	125.35514	-343.7797	1.3142695	-343.56158	1.3633376	73.0	3934.5535
74	6000000	1.5	0.014999923	-28.210815	0.10045969	-358.009	1219.0	1.0112281	0.22755365	1.4058492e-05	149.0	-0.00086473895	15.885818	0.09779406	0.0015430272	-0.2959659	0.008125	-0.014962535	-0.0005798837	0.007514557	134.57886	-343.29263	1.1519467	-343.27765	1.1357006	74.0	3990.4485
75	6080000	1.5	0.014999928	-29.37725	0.09727996	-357.6951	1219.0	1.0207018	0.21303391	9.104393e-06	149.0	0.00024227782	15.884343	0.09927211	0.0019112496	-0.32267424	0.0138375	0.0031388092	-0.00013491974	0.0070988503	145.81143	-343.79645	1.0574416	-344.1723	1.0824505	75.0	4046.3774
76	6160000	1.5	0.014999942	-29.47785	0.09433608	-357.4578	1219.0	1.024117	0.21413524	1.1819824e-05	149.0	0.0010973773	15.882864	0.10008186	0.00095619384	-0.34107015	0.0063	0.01788431	-3.0420304e-05	0.0069360174	133.49205	-344.5524	1.1040471	-343.96948	1.0709475	76.0	4102.3447
77	6240000	1.5	0.014999954	-30.12408	0.0985352	-358.25488	1219.0	1.0310742	0.20686117	1.2875569e-05	149.0	0.00065419805	15.881413	0.10237989	0.0017615963	-0.3659978	0.012025	0.010002381	-0.00021564674	0.007305126	134.60123	-344.08035	1.0408034	-343.23877	1.0208232	77.0	4158.356
78	6320000	1.5	0.014999957	-29.768353	0.09690073	-357.22314	1219.0	1.0223055	0.22119403	1.2074092e-05	149.0	0.0010173778	15.879928	0.10227948	0.0015968867	-0.37785456	0.0165625	0.016608505	-0.00015662547	0.0068198303	129.04419	-344.38885	1.0797902	-345.247	1.0962318	78.0	4214.151
79	6400000	1.5	0.01499997	-29.493713	0.09947179	-357.97644	1219.0	1.0279506	0.2194666	1.1684802e-05	149.0	0.0009320258	15.878469	0.10465065	0.0018336071	-0.38977483	0.0089875	0.015186014	-0.0002907051	0.0073384023	118.706436	-344.89996	1.4256413	-344.619	1.35646	79.0	4269.9683
80	6480000	1.5	0.014999973	-31.19045	0.10291457	-358.4012	1219.0	1.0211939	0.2310718	1.9856318e-05	149.0	0.0008006167	15.876982	0.10736272	0.0009853228	-0.3814848	0.0082625	0.012493306	0.00018139381	0.0073858	124.8548	-343.3705	1.5542268	-342.9254	1.5510083	80.0	4326.036
81	6560000	1.5	0.014999973	-29.708422	0.10506594	-357.2554	1219.0	1.0224311	0.21141692	1.2828069e-05	149.0	0.00050573295	15.875503	0.10865193	0.0011807155	-0.38938853	0.0036875	0.008674149	-0.00053499546	0.007434006	114.20937	-344.30936	1.1729681	-345.2319	1.1999247	81.0	4381.943
82	6640000	1.5	0.014999983	-28.037857	0.109345205	-357.8653	1219.0	1.0164986	0.21824026	1.602465e-05	149.0	-0.00014610645	15.874005	0.109985106	0.0007621718	-0.39804286	0.00505	-0.0030363412	-0.0002302021	0.0070829424	118.43278	-343.75076	1.499986	-343.3571	1.4954828	82.0	4438.6724
83	6720000	1.5	0.014999985	-30.60472	0.10966239	-358.05817	1219.0	1.0429082	0.21742578	2.0328602e-05	149.0	0.0008135375	15.872613	0.11468345	0.0011570011	-0.40054372	0.0031625	0.013781491	-0.00059179036	0.0077240285	119.42424	-343.58813	1.2250917	-343.49005	1.2154523	83.0	4494.734
84	6800000	1.5	0.014999987	-27.977528	0.11616078	-358.18576	1219.0	1.0237793	0.2131919	1.4629128e-05	149.0	-0.0005544986	15.871112	0.115128286	0.0012962648	-0.4290285	0.0089375	-0.009871688	-0.00011944809	0.0073699867	127.27475	-344.26508	1.1446515	-344.24396	1.1345117	84.0	4550.6743
85	6880000	1.5	0.014999988	-28.866207	0.114741184	-358.25156	1219.0	1.0135206	0.20949352	1.3826517e-05	149.0	0.0001571044	15.869606	0.11683147	0.0009570494	-0.43613097	0.0072125	0.002071845	-8.998413e-05	0.0073900297	122.18758	-343.47336	1.5390575	-343.80887	1.5472031	85.0	4606.6396
86	6960000	1.5	0.014999988	-30.716421	0.11245554	-357.3659	1219.0	0.9960523	0.21003428	1.3976338e-05	149.0	0.00049398484	15.868049	0.115751974	0.0013785124	-0.44514468	0.008975	0.0077239363	-0.00019348411	0.0068958052	129.64377	-343.9504	2.3738072	-343.71448	2.3628712	86.0	4662.5503
87	7040000	1.5	0.014999988	-30.1461	0.115698986	-358.43405	1219.0	1.0183183	0.21269663	1.1582811e-05	149.0	0.0015119542	15.86658	0.12359922	0.0011277002	-0.4515209	0.00505	0.025019327	-6.2956235e-05	0.00827188	123.30228	-343.9497	3.6468115	-343.54346	3.6857848	87.0	4718.6177
88	7120000	1.5	0.014999988	-30.852448	0.12684277	-358.9375	1219.0	1.0550253	0.2113471	2.4467809e-05	149.0	0.0006192758	15.8652115	0.13120261	0.0013461191	-0.4853206	0.010125	0.00969462	-0.00022319259	0.009869979	122.94494	-343.33493	3.2019315	-344.52228	3.1239493	88.0	4775.548
89	7200000	1.5	0.014999988	-30.845331	0.1289791	-358.50916	1219.0	1.0292453	0.21634507	1.5610423e-05	149.0	9.3569135e-05	15.863716	0.13072687	0.0008139773	-0.49659258	0.0031125	0.0007869606	-0.00025175695	0.007974293	124.06023	-342.92294	4.3932495	-343.96323	4.3041863	89.0	4831.323
90	7280000	1.5	0.014999999	-30.16463	0.12403076	-358.06854	1219.0	1.0423179	0.2252719	1.6097269e-05	149.0	0.0014039503	15.8623085	0.13183226	0.0014763089	-0.51645654	0.0085375	0.023368973	-0.0006264494	0.008139652	113.272	-343.51343	2.6924748	-343.3189	2.6409805	90.0	4887.2124
91	7360000	1.5	0.014999999	-28.285072	0.12682366	-357.2691	1219.0	1.0251724	0.2167224	2.4255018e-05	149.0	6.827504e-05	15.860825	0.12883303	0.0016568505	-0.52865547	0.0109625	0.00048296017	-0.0005570404	0.0068618897	109.833786	-342.64734	3.6762288	-343.2093	3.5370805	91.0	4943.2256
92	7440000	1.5	0.014999999	-30.884275	0.13208443	-357.7361	1219.0	1.1132514	0.19739756	1.260734e-05	149.0	0.0017460765	15.859699	0.14116886	0.0015824669	-0.5327416	0.01125	0.02889216	-0.00058526994	0.009279134	112.526665	-344.72565	3.724642	-344.88974	3.3871188	92.0	4999.209
93	7520000	1.5	0.014999999	-28.681238	0.1394066	-357.69955	1219.0	1.0450894	0.20201048	1.20832365e-05	149.0	-0.0006726573	15.858201	0.13807851	0.0018395119	-0.5464259	0.017525	-0.011920885	-0.00029631043	0.007657579	106.32405	-344.07715	5.5643115	-344.42603	5.2634354	93.0	5055.5728
94	7600000	1.5	0.014999999	-30.556906	0.14299281	-358.0857	1219.0	1.0436001	0.23084097	2.2179998e-05	149.0	-0.00040457383	15.856784	0.14315036	0.0012119863	-0.5520753	0.0047375	-0.007113986	-0.00026827698	0.008016653	113.567825	-345.06754	3.617875	-344.2499	3.599363	94.0	5111.7515
95	7680000	1.5	0.014999999	-28.727638	0.14261483	-359.1622	1219.0	1.0777283	0.23365378	1.6255974e-05	149.0	0.0016252145	15.855502	0.1513864	0.0016616279	-0.5690574	0.012275	0.026717499	-0.00045127276	0.008289517	108.07624	-344.19373	5.7201653	-344.70984	5.4949155	95.0	5167.676
96	7760000	1.5	0.014999999	-30.621462	0.1518343	-359.5292	1219.0	1.1546248	0.21371138	2.2178085e-05	149.0	0.0025624684	15.854456	0.16458039	0.00079187	-0.5907293	0.00365	0.042745367	-0.000112122914	0.010248288	110.75047	-343.83972	5.0519743	-343.67108	5.057191	96.0	5223.4043
97	7840000	1.5	0.014999999	-29.458813	0.16307694	-358.54327	1219.0	1.110434	0.22928563	1.983604e-05	149.0	-0.0011745412	15.853162	0.16002652	0.0011403885	-0.5975885	0.0071	-0.020413952	-0.00033310862	0.008266708	109.4582	-342.75302	3.4180572	-343.96817	3.3469567	97.0	5279.3135
98	7920000	1.5	0.014999999	-28.628206	0.1582192	-358.97928	1219.0	1.0867902	0.23632567	1.41921555e-05	149.0	0.0011502634	15.851872	0.16478361	0.0035474463	-0.610488	0.0471625	0.01843079	0.0009838761	0.008841232	110.36875	-342.77655	2.3201132	-342.77914	2.137334	98.0	5335.148
99	8000000	1.5	0.014999999	-28.411062	0.16833325	-358.62247	1219.0	1.0063736	0.24327156	1.2799546e-05	149.0	-0.0022489848	15.850347	0.16106495	0.0010381098	-0.6205043	0.0046125	-0.038437687	-0.00029563066	0.009041539	112.248474	-342.29962	1.6208782	-343.4066	1.629353	99.0	5391.242
100	8080000	1.5	0.014999999	-29.11795	0.15903373	-358.45163	1219.0	0.96595055	0.21386476	1.3449625e-05	149.0	-0.0011715608	15.8487	0.15574077	0.0021510902	-0.6476154	0.01615	-0.020772107	-8.050299e-06	0.0072240587	117.11775	-342.5506	1.6392742	-342.42596	1.600311	100.0	5447.345
101	8160000	1.5	0.014999999	-29.285023	0.1530159	-358.56003	1219.0	0.9744528	0.22492853	1.1416558e-05	149.0	0.0013406213	15.847087	0.16031829	0.0055825007	-0.66246134	0.075125	0.021243876	0.0030198204	0.00730914	116.25658	-338.43057	2.6784756	-339.45264	2.5588787	101.0	5503.1416
102	8240000	1.5	0.014999999	-31.387262	0.14038128	-355.30115	1219.0	1.122708	0.23431191	2.2725575e-05	149.0	0.0014829355	15.846041	0.14827672	0.0026437973	-0.6644415	0.0358625	0.023934225	0.0013866344	0.009124609	121.52906	-336.75427	2.6203022	-337.69492	2.6588902	102.0	5559.014
103	8320000	1.5	0.014999999	-29.46593	0.13736734	-353.27832	1219.0	1.3193103	0.24858832	1.7211558e-05	69.0	0.0019482406	15.845487	0.14692394	0.017310278	-0.68554777	0.1349125	0.03375736	0.0169311	0.009839407	105.5183	-331.75592	4.5272408	-332.60687	4.481677	103.0	5608.0723
104	8400000	1.5	0.014999999	-30.926737	0.123885706	-348.53235	1219.0	2.4737194	0.24413927	1.4656267e-05	149.0	0.01874219	15.942862	0.20378198	0.0016722757	-0.7030631	0.0124125	0.31645963	-0.00072399236	0.0558493	108.256424	-331.75266	4.8452363	-331.11078	4.7556033	104.0	5664.1147
105	8480000	1.5	0.014999999	-29.415726	0.20682175	-349.0186	1219.0	2.7496257	0.25668347	1.221414e-05	149.0	0.004093057	15.972793	0.22440937	0.0033748504	-0.69638765	0.044	0.07075528	0.0024837197	0.030848688	92.35242	-332.9121	4.4442554	-332.58026	4.334088	105.0	5720.116
106	8560000	1.5	0.014999999	-27.759806	0.21704721	-349.95834	1219.0	2.6671844	0.23586765	1.4078467e-05	3.0	0.00012602452	15.967783	0.21782437	0.016666267	-0.69637907	0.1425125	-0.008165261	0.018104283	0.028877143	89.063324	-337.87198	2.2234054	-338.00327	2.2390716	106.0	5763.8604
107	8640000	1.5	0.014999999	-25.782747	0.19880459	-354.53888	1219.0	1.4117254	0.2375842	1.5688205e-05	3.0	-0.017030332	15.854776	0.1273231	0.015914017	-0.69764555	0.1546375	-0.29805052	0.018607631	0.032663777	118.40126	-342.343	1.3194034	-342.20035	1.367397	107.0	5807.384
108	8720000	1.5	0.014999999	-26.20234	0.1334531	-358.79184	1219.0	1.0082135	0.26863316	2.7446431e-05	149.0	0.0031313174	15.853255	0.14686216	0.0030761298	-0.71398723	0.039175	0.0507799	0.00062074536	0.015579336	129.94107	-342.1252	1.2124469	-341.138	1.1371295	108.0	5863.296
109	8800000	1.5	0.014999999	-28.469328	0.14578542	-358.56168	1219.0	0.95537835	0.2503298	1.6295293e-05	149.0	0.001984207	15.851579	0.15473914	0.0020735157	-0.73038584	0.0117875	0.0326792	-0.0005409777	0.0069338516	109.10436	-341.33994	1.1407948	-341.29535	1.1026067	109.0	5919.2026
110	8880000	1.5	0.014999999	-28.432968	0.15096965	-358.69058	1219.0	0.977566	0.26234746	1.270672e-05	149.0	0.001865805	15.849989	0.16010807	0.0059531583	-0.7479551	0.076075	0.030308902	0.0045182556	0.007336148	108.28781	-340.22708	1.2190357	-340.51736	1.1943369	110.0	5975.0776
111	8960000	1.5	0.014999999	-29.73833	0.15228964	-357.31992	1219.0	1.0320206	0.24784946	1.1179832e-05	149.0	1.6498145e-05	15.84857	0.15386057	0.0015675286	-0.77154535	0.0122	-0.00070815854	-0.000260227	0.0071495376	106.10694	-340.19376	1.3688974	-339.45493	1.4905787	111.0	6031.0864
112	9040000	1.5	0.014999999	-29.51355	0.1469961	-357.06146	1219.0	1.1263853	0.27186885	1.9034078e-05	149.0	0.002513959	15.847437	0.15889046	0.0015274233	-0.78298545	0.0080125	0.041945364	-0.00076442776	0.008674873	100.729416	-339.9557	1.1524789	-339.04114	1.1831275	112.0	6088.0894
113	9120000	1.5	0.014999999	-28.029282	0.15991138	-357.05487	1219.0	1.0055326	0.26035953	1.1364058e-05	149.0	-0.0023898734	15.845816	0.1509479	0.0017551883	-0.7949622	0.00955	-0.040912848	-0.00031389328	0.007326224	104.12865	-338.59152	1.2332401	-338.00485	1.2209213	113.0	6144.0005
114	9200000	1.5	0.014999999	-29.131647	0.14337115	-355.83475	1219.0	1.1049879	0.2845015	1.3725893e-05	149.0	0.0009772592	15.844679	0.14885849	0.004799821	-0.8075665	0.0607125	0.015210071	0.002102174	0.0075440314	99.45717	-337.78098	1.3270437	-337.6393	1.2669243	114.0	6199.894
115	9280000	1.5	0.014999999	-30.2764	0.14253241	-355.0729	1219.0	1.2154058	0.26359442	1.2642422e-05	149.0	0.0012567138	15.84378	0.14884274	0.0027068951	-0.8259507	0.032175	0.019627623	0.0011059729	0.009104211	100.82617	-339.21274	1.1025558	-339.37894	1.0361774	115.0	6256.002
116	9360000	1.5	0.014999999	-28.13335	0.15382043	-356.34988	1219.0	0.99829465	0.2849873	1.3229702e-05	149.0	-0.0024095164	15.842121	0.14477961	0.0015233037	-0.83412635	0.0088625	-0.041554183	-0.0008774483	0.0071453047	105.62479	-338.923	0.95365006	-338.89926	0.96559554	116.0	6311.902
117	9440000	1.5	0.014999999	-27.53305	0.14395578	-356.51178	1219.0	0.9355812	0.27758753	1.5145942e-05	149.0	-0.001719675	15.840385	0.13810024	0.0013774232	-0.8411198	0.012025	-0.029680206	-0.00074292696	0.0056983996	106.98087	-338.37848	0.91385007	-338.3749	0.9253756	117.0	6368.1807
118	9520000	1.5	0.014999999	-28.19987	0.13576004	-356.29483	1219.0	0.92590857	0.29102546	1.39861895e-05	149.0	-0.0005873741	15.838622	0.13457547	0.0019379066	-0.86277384	0.0153375	-0.010587451	-0.0007242968	0.0048809927	102.92808	-338.74683	0.88669	-338.43967	0.89243877	118.0	6424.5645
119	9600000	1.5	0.014999999	-27.992188	0.13984977	-357.38962	1219.0	0.891858	0.27036986	1.1520661e-05	149.0	0.0008588147	15.836757	0.1444249	0.001999148	-0.86942774	0.010775	0.013890792	-0.00016372338	0.005213629	105.75075	-339.12378	0.89610904	-339.57648	0.9049022	119.0	6480.557
120	9680000	1.5	0.014999999	-28.250063	0.14367051	-357.92557	1219.0	0.90171975	0.25891224	1.2488912e-05	149.0	0.0006178238	15.834931	0.14770839	0.0017412355	-0.89207375	0.0080875	0.009699486	-0.00026258925	0.0057022874	100.67611	-337.41788	1.06799	-337.12607	1.0385671	120.0	6536.5366
121	9760000	1.5	0.014999999	-30.451588	0.1332023	-355.97906	1219.0	1.0652848	0.28210077	1.1900947e-05	149.0	0.0017920769	15.833731	0.1420476	0.0023208766	-0.9000636	0.0195875	0.029110508	0.00013369655	0.0077077523	98.597244	-336.7978	1.2078806	-336.62042	1.2007943	121.0	6592.4243
122	9840000	1.5	0.014999999	-30.625332	0.13657613	-354.92963	1219.0	1.1438088	0.27791905	1.1398843e-05	149.0	-0.0007982305	15.832526	0.13404791	0.00075203064	-0.9055909	0.0077625	-0.013939731	-0.00017622834	0.006689345	95.49963	-336.93262	1.0960184	-336.97214	1.1901015	122.0	6648.634
123	9920000	1.5	0.014999999	-28.580856	0.13803013	-355.27417	1219.0	1.0309911	0.2607476	9.964062e-06	149.0	-0.0015133102	15.830995	0.13268095	0.0019397154	-0.91116035	0.009975	-0.026212797	-0.0008198453	0.005608522	92.59441	-337.64087	0.91436243	-338.49042	0.92710394	123.0	6704.582
124	10000000	1.5	0.014999999	-26.72106	0.13228196	-356.3543	1219.0	0.92667747	0.29163203	1.4102242e-05	149.0	-0.0005270839	15.829232	0.13103615	0.0012373303	-0.929429	0.006825	-0.009428024	-0.00047767925	0.0051554795	106.56589	-337.97412	0.8757471	-338.81555	0.8653809	124.0	6760.6396
125	10080000	1.5	0.014999999	-29.119606	0.1345713	-356.92944	1219.0	0.8826115	0.2976479	8.711753e-06	149.0	0.00027155894	15.827339	0.13662073	0.0013142815	-0.9355668	0.0072125	0.0041911644	-0.00051269843	0.004481572	102.35834	-337.32013	0.9038043	-338.03024	0.89174414	125.0	6816.647
126	10160000	1.5	0.014999999	-29.182081	0.13267861	-356.6122	1219.0	0.92305857	0.29780996	1.3434737e-05	149.0	0.00049583067	15.825607	0.1360002	0.0015058547	-0.9552508	0.015975	0.0076934868	-0.000118830874	0.004580891	99.12639	-337.90854	0.8632926	-337.775	0.87374085	126.0	6872.8423
127	10240000	1.5	0.014999999	-28.24644	0.14038642	-357.25336	1219.0	0.8706398	0.29935908	2.0551544e-05	149.0	-0.00042983092	15.823639	0.13978937	0.0016822917	-0.9644794	0.0179125	-0.007660798	-0.00020894984	0.0044805496	104.024765	-336.26752	0.9485816	-336.53287	0.9270144	127.0	6928.697
128	10320000	1.5	0.014999999	-30.476225	0.15369144	-355.12756	1219.0	0.9617711	0.30512527	1.3740634e-05	149.0	-0.006213835	15.822071	0.13010404	0.0017649048	-0.9841958	0.011625	-0.10524302	-0.00048744897	0.005471952	104.70233	-336.45154	0.9253107	-336.13684	0.9528634	128.0	6984.794
129	10400000	1.5	0.014999999	-27.797594	0.16301578	-355.74396	1219.0	0.93747467	0.2841941	1.1243833e-05	149.0	-0.0074274675	15.820251	0.13469253	0.0050541237	-1.0000602	0.08265	-0.1256839	0.0018165073	0.005732974	101.630135	-336.6409	0.89864755	-337.05966	0.9316606	129.0	7041.728
130	10480000	1.5	0.014999999	-27.677	0.13431165	-356.22266	1219.0	0.9061329	0.31538096	1.1659085e-05	149.0	7.708603e-05	15.818429	0.13555977	0.0029507575	-1.0204381	0.028825	0.0009480694	0.00027487936	0.004218517	101.79423	-336.2562	0.90816116	-336.94318	0.95254284	130.0	7097.877
131	10560000	1.5	0.014999999	-28.85028	0.13373528	-356.09128	1219.0	0.92126626	0.28968793	1.3076375e-05	149.0	-0.0005633385	15.816666	0.13255283	0.001607304	-1.024706	0.0123375	-0.009652305	-0.00031370777	0.004439214	100.214966	-336.46317	0.8829782	-336.35468	0.8756978	131.0	7153.7046
132	10640000	1.5	0.014999999	-28.871832	0.1534146	-356.01627	1219.0	0.9054369	0.30616793	1.5426645e-05	25.0	-0.0051319893	15.814825	0.13401777	0.015961783	-1.0266713	0.1682375	-0.086215906	0.013848886	0.0047820564	102.742516	-338.82596	0.8436211	-339.37073	0.8467342	132.0	7199.05
133	10720000	1.5	0.014999999	-26.352669	0.14950563	-358.34097	1219.0	0.8451961	0.32185143	1.4435807e-05	149.0	0.0030252766	15.812823	0.16344401	0.0013874267	-1.0393418	0.0128125	0.05062513	-0.00053460366	0.007608426	130.31282	-339.08826	0.8474402	-339.14127	0.840009	133.0	7255.0254
134	10800000	1.5	0.014999999	-28.509796	0.16626808	-358.91965	1219.0	0.84487617	0.3198966	1.4727865e-05	149.0	0.0009963926	15.810819	0.17199819	0.003351263	-1.0563458	0.0524	0.01497223	0.0011653428	0.0058094203	114.287025	-338.97314	0.8449797	-338.40384	0.85127604	134.0	7311.0293
135	10880000	1.5	0.014999999	-28.709112	0.17063119	-358.511	1219.0	0.84596837	0.35815778	2.174649e-05	149.0	0.000490672	15.808819	0.17434506	0.0039070533	-1.0880755	0.03295	0.006796974	-0.00012080307	0.006052826	115.77641	-339.59216	0.85514116	-341.02908	0.8577432	135.0	7367.9194
136	10960000	1.5	0.014999999	-28.978348	0.17783894	-359.44672	1219.0	0.8529051	0.33408457	1.4957843e-05	149.0	0.001851246	15.806844	0.18719526	0.00087713223	-1.1058627	0.003125	0.030635705	-0.00027524747	0.0072012353	114.65627	-339.10355	0.8494171	-339.61197	0.8484122	136.0	7423.899
137	11040000	1.5	0.014999999	-29.282665	0.1792113	-358.8267	1219.0	0.8453679	0.30348495	1.2411886e-05	149.0	0.0002357828	15.804835	0.18157354	0.0025850544	-1.1231354	0.0340625	0.0036651168	0.0010163034	0.0064805504	110.4397	-339.99588	0.8583909	-340.2729	0.8667838	137.0	7480.002
138	11120000	1.5	0.014999999	-28.95077	0.18654907	-359.7756	1219.0	0.8547537	0.29785052	1.3280039e-05	78.0	0.0027137706	15.80287	0.19944036	0.016235013	-1.1317948	0.1329	0.043692656	0.013398607	0.008157204	108.1899	-336.57114	0.8966838	-336.39737	0.89183754	138.0	7529.8237
139	11200000	1.5	0.014999999	-31.039469	0.17073788	-356.4821	1219.0	0.89783335	0.3218075	1.6495938e-05	149.0	-0.003816074	15.801055	0.15624863	0.004394021	-1.1608907	0.0576375	-0.06647471	0.0019484038	0.008232364	108.44375	-334.89215	0.9928305	-335.48615	1.025518	139.0	7585.848
140	11280000	1.5	0.014999999	-29.9832	0.14350352	-354.81012	1219.0	1.0046337	0.28984547	1.3578319e-05	149.0	-0.0012345001	15.799586	0.1394593	0.002285281	-1.1609362	0.0289375	-0.021762311	0.000117483236	0.006086705	91.28914	-334.85953	1.0364277	-334.77557	0.98432	140.0	7641.8154
141	11360000	1.5	0.014999999	-28.465206	0.1376137	-354.38907	1219.0	1.0430553	0.2907371	1.28858355e-05	149.0	-9.1837544e-05	15.798101	0.13828436	0.001961322	-1.1726018	0.014875	-0.002030431	-0.00032812462	0.0057048174	88.40434	-335.12546	0.9723136	-335.43118	0.92986614	141.0	7698.8613
142	11440000	1.5	0.014999999	-27.896925	0.13778529	-354.74658	1219.0	0.97184104	0.30766144	1.527319e-05	149.0	-0.0003172277	15.796434	0.13710019	0.0026321036	-1.192952	0.030625	-0.005718421	0.001385688	0.004583308	91.7645	-334.73352	1.0093459	-334.8546	1.0193156	142.0	7754.8296
143	11520000	1.5	0.014999999	-28.748413	0.13293804	-354.0036	1219.0	1.0186629	0.3170682	1.56142e-05	37.0	0.0002714583	15.794991	0.13461454	0.018401982	-1.2000486	0.1913375	0.002827041	0.01625454	0.0044932165	89.864075	-337.29242	0.8483751	-337.4498	0.8437934	143.0	7801.379
144	11600000	1.5	0.014999999	-26.463894	0.14562193	-356.86856	1219.0	0.8427664	0.30122608	1.4574117e-05	19.0	0.0038671305	15.792934	0.16271831	0.016546635	-1.2040492	0.1198875	0.06408764	0.0153088	0.0072428063	108.74971	-334.48926	1.0022753	-334.9073	0.98603946	144.0	7846.226
145	11680000	1.5	0.014999999	-29.870163	0.1418796	-353.82593	1219.0	1.0079169	0.34197417	1.3537363e-05	149.0	-0.0033274416	15.791575	0.128798	0.0013748397	-1.2287306	0.012925	-0.056578174	-0.0006481134	0.006322735	92.5469	-336.63535	0.8952435	-336.50812	0.8694557	145.0	7902.4614
146	11760000	1.5	0.014999999	-27.610275	0.13531011	-355.14923	1219.0	0.8935058	0.34174982	1.5077278e-05	2.0	0.0024864352	15.789553	0.1465289	0.029790344	-1.228835	0.2163125	0.04063425	0.025697384	0.005073464	97.196785	-340.2077	0.8378714	-339.41217	0.82875794	146.0	7945.9146
147	11840000	1.5	0.014999999	-26.082712	0.16717617	-358.82877	1219.0	0.82658625	0.32457536	1.4946246e-05	121.0	0.007607086	15.787495	0.20036332	0.015117289	-1.2196611	0.1103375	0.123477414	0.014508286	0.013023346	122.00752	-336.972	0.83893055	-336.1041	0.8504157	147.0	7999.4595
148	11920000	1.5	0.014999999	-30.341757	0.1795727	-356.4354	1219.0	0.842896	0.3521182	1.661646e-05	149.0	-0.0050448375	15.785501	0.1596597	0.0017613018	-1.2319661	0.0224625	-0.0855648	0.0006506443	0.0071128677	102.37441	-336.84082	0.84246033	-336.9784	0.8403791	148.0	8056.0923
149	12000000	1.5	0.014999999	-28.356644	0.15583271	-355.78436	1219.0	0.8433714	0.35240877	2.3815877e-05	149.0	-0.00027539855	15.783476	0.15576468	0.001841155	-1.2516271	0.0254625	-0.005621201	-0.0002503525	0.0046068626	100.63219	-335.5897	0.87363875	-335.86996	0.8623821	149.0	8112.013
