Epoch	TotalEnvInteracts	worker/CostLimit	worker/noise	learner/VVals	learner/CostVVals	worker/EpRet	worker/EpLen	worker/EpCost	learner/LossQ	learner/LossQC	learner/StopIter	learner/LossPi	learner/Lagrangian	learner/QcRet	learner/KL	learner/Entropy	learner/ClipFrac	learner/LossQcPenalty	learner/LossVallina	learner/LossKLAdv	learner/LossVC	learner/LossV	Eval/NaturalReward	Eval/NaturalCost	Eval/AdvUniformReward	Eval/AdvUniformCost	worker/Epoch	worker/Time
0	80000	1.5	0.0	0.0059754183	-0.11591515	-1720.3665	1219.0	463.84384	1.7240055	0.0058838516	5.0	9.376032	47.78236	36.378914	0.021618243	0.9214449	0.3071875	456.6492	-0.004250615	7.946216e-06	1382.9072	17557.94	-1487.8866	462.26282	-1487.8776	462.26126	0.0	45.604794
1	160000	1.5	0.0	-72.42347	38.97456	-1520.066	1219.0	457.78952	0.9091576	0.0010459123	5.0	-0.07614685	48.0882	38.889053	0.0193492	0.9217453	0.2921375	-3.9396703	0.00016794681	2.2603508e-05	16.154282	2739.736	-1285.1161	455.32263	-1285.2462	455.33487	1.0	91.10477
2	240000	1.5	0.0023027735	-115.759384	38.60423	-1329.5116	1219.0	449.73306	0.83267516	0.0003922143	5.0	-0.1329592	48.614777	38.444805	0.016314423	0.922061	0.275325	-6.799564	-0.0023041156	3.8900256e-05	7.327022	384.73636	-1089.6295	442.57657	-1089.8992	442.58307	2.0	136.43697
3	320000	1.5	0.004252031	-105.87453	38.261066	-1166.4398	1219.0	438.36014	0.78525573	0.00017017168	5.0	-0.27618662	48.780495	37.6716	0.016547611	0.92174053	0.2692875	-13.982143	-0.007824451	4.9981216e-05	7.026428	301.73325	-895.3213	424.55853	-895.1663	424.52457	3.0	181.62567
4	400000	1.5	0.0059020403	-93.28358	37.50602	-1010.9934	1219.0	424.81287	0.72608936	0.00015151633	6.0	-0.3578384	48.71086	36.69646	0.019960897	0.9196511	0.32835	-18.053513	-0.010418262	5.2115018e-05	9.540556	252.48982	-684.9792	388.9106	-685.0472	388.9364	4.0	227.384
5	480000	1.5	0.0072987443	-80.8334	36.438946	-859.8173	1219.0	406.3727	0.67695767	0.00017177562	6.0	-0.48485833	48.05936	35.158737	0.018316459	0.9169159	0.2701	-24.031618	-0.012937211	4.4820037e-05	14.070708	239.28433	-515.3373	320.27072	-515.1853	320.24747	5.0	272.88208
6	560000	1.5	0.008481027	-68.16569	34.645523	-722.8343	1219.0	378.46848	0.6337019	0.00019797761	8.0	-0.6076431	46.42389	32.907043	0.018453652	0.91325	0.28455	-29.126915	-0.0120619405	2.7792925e-05	19.836853	194.33154	-387.5791	145.70895	-387.54065	145.69897	6.0	318.79166
7	640000	1.5	0.009481809	-56.823887	31.624565	-599.89734	1219.0	329.45804	0.52766055	0.00023267981	13.0	-0.8808326	42.49051	28.776703	0.015035724	0.9053335	0.20935	-38.697636	-0.013262756	7.716541e-06	30.74376	130.59401	-269.11063	48.58902	-269.04703	48.60742	7.0	365.79626
8	720000	1.5	0.010328949	-46.64708	25.938715	-500.41333	1219.0	244.17796	0.47225323	0.00023129015	149.0	-1.2521776	34.691776	21.471766	0.013777685	0.8117828	0.115625	-45.04723	-0.014588122	2.7475366e-09	40.115795	65.873184	-52.628204	317.86008	-52.605606	317.7492	8.0	440.97305
9	800000	1.5	0.011046043	-39.18341	17.348438	-423.1685	1219.0	139.38889	0.33976316	0.00028512784	149.0	-1.3732425	24.713264	12.117672	0.007006748	0.730545	0.06355	-35.388134	-0.008308741	1.6529259e-10	37.82235	38.634567	-28.140331	338.60437	-28.243774	337.90674	9.0	516.41266
10	880000	1.5	0.01165305	-34.28007	10.459726	-387.85864	1219.0	102.65509	0.28238	0.00037573674	149.0	-0.5194613	21.395061	8.471038	0.0064567123	0.6520595	0.059675	-11.681733	-0.007769821	1.8682845e-11	10.448364	21.125898	-11.09249	332.3975	-11.200514	332.96365	10.0	592.1487
11	960000	1.5	0.012166867	-31.284378	7.1999726	-364.00073	1219.0	80.1051	0.2722939	0.0004337218	149.0	-0.19259019	19.392815	6.458454	0.006367283	0.574747	0.0571625	-3.9744968	-0.008074498	7.782336e-12	5.3646173	14.026651	-7.9084926	332.4874	-7.904254	332.49078	11.0	667.9523
12	1040000	1.5	0.012601807	-29.34859	5.425228	-339.33798	1219.0	61.661266	0.22393027	0.00036008967	149.0	-0.10478388	17.754536	5.0124145	0.006090886	0.49808407	0.0554625	-1.9946787	-0.006805843	7.364065e-12	4.5375123	13.1923895	-6.975162	332.56155	-7.026861	332.55692	12.0	743.94305
13	1120000	1.5	0.012969971	-27.246956	4.153639	-317.80994	1219.0	47.224796	0.20711651	0.00011617972	149.0	-0.06810263	16.455109	3.8600605	0.0058151167	0.4234686	0.0542	-1.209555	-0.0072567854	5.4582593e-12	3.2800243	11.382666	-6.0474696	332.64917	-6.0304403	332.6517	13.0	819.698
14	1200000	1.5	0.0132816145	-25.500172	3.266573	-296.80716	1219.0	39.00471	0.18283086	6.6604036e-05	149.0	0.010421044	15.738578	3.2908847	0.0034130637	0.36715746	0.0305625	0.16789451	-0.0067650955	1.9140477e-11	3.6676915	9.362021	-6.2623777	332.6281	-6.2328157	332.63083	14.0	895.56555
15	1280000	1.5	0.013545423	-23.917303	3.0963879	-281.93658	1219.0	36.95443	0.16537766	5.274146e-05	149.0	0.04467807	15.637836	3.2570093	0.0044850837	0.29702163	0.0469125	0.7297922	-0.0076123215	7.658214e-11	3.481176	7.7213945	-7.2971787	332.53424	-7.408705	332.52625	15.0	971.5435
16	1360000	1.5	0.013768726	-22.57178	3.0861373	-265.67313	1219.0	36.063805	0.15107748	3.2993143e-05	105.0	0.0702304	15.64659	3.362019	0.03375591	0.2841332	0.0696375	1.119567	0.021569133	5.6357956e-05	4.2270474	7.060164	-263.15292	121.83876	-264.03232	120.89355	16.0	1037.9116
17	1440000	1.5	0.013957752	-21.592545	3.3479457	-285.44437	1219.0	32.905235	0.17477383	3.1830692e-05	2.0	-0.048028067	15.43039	3.12977	0.06871051	0.2839646	0.1127625	-1.2787902	0.056382105	0.00011405509	2.6570475	11.779476	-315.41122	40.512627	-315.7135	40.18843	17.0	1082.6885
18	1520000	1.5	0.014117749	-23.21235	3.0930407	-319.67404	1219.0	24.936983	0.22244084	4.7745947e-05	1.0	-0.2064419	14.715836	2.2029753	0.040035523	0.28386214	0.1280125	-3.1702805	0.06597466	0.00025180134	6.230055	31.07385	-346.0737	13.818049	-346.38446	13.671885	18.0	1128.5762
19	1600000	1.5	0.014253196	-26.00589	2.455432	-349.7003	1219.0	24.167194	0.26315278	6.389733e-05	1.0	-0.10845713	14.714173	1.9849403	0.07319041	0.2837462	0.226275	-1.6845098	0.0927054	0.00045396437	3.6193511	41.030567	-389.57886	0.942687	-389.65204	0.93843377	19.0	1174.1473
20	1680000	1.5	0.014367847	-28.725563	3.2579274	-393.11975	1219.0	50.158924	0.3076443	0.00019801706	1.0	0.2086553	17.484003	4.1035843	0.0743295	0.28360268	0.245425	3.8814194	0.09463189	0.0006694348	4.0815787	59.289124	-433.91608	19.742752	-434.24762	20.000679	20.0	1218.8402
21	1760000	1.5	0.014464887	-32.29984	6.0197024	-435.58572	1219.0	97.84135	0.3624599	0.00018468879	1.0	0.6119321	22.509075	8.502972	0.03336833	0.28345725	0.1475	14.442539	0.05238454	0.0007751269	9.935958	78.78774	-460.55493	54.453773	-460.299	55.325275	21.0	1263.4254
22	1840000	1.5	0.014547037	-35.556255	9.8937845	-461.65338	1219.0	128.3905	0.39397138	0.00018281632	4.0	0.39013904	25.888012	11.44477	0.028298518	0.28293702	0.3017875	10.187413	0.018291097	0.00051707594	4.8638406	94.14784	-447.52795	12.476416	-446.8489	12.633305	22.0	1308.7328
23	1920000	1.5	0.014616577	-36.211758	8.08202	-439.63254	1219.0	60.229046	0.3525744	0.00019648387	1.0	-0.54974854	19.276949	5.83162	0.024970382	0.28281066	0.1478625	-11.302703	0.028323496	0.0005799332	6.733146	139.6038	-424.00266	5.926596	-424.14597	5.9215455	23.0	1353.3943
24	2000000	1.5	0.014675439	-35.47332	4.272651	-418.19485	1219.0	28.746975	0.32358178	0.00016955931	1.0	-0.3567347	16.235981	2.7852983	0.030129984	0.2826834	0.13645	-6.289066	0.029247204	0.00052419247	4.082051	118.214836	-399.67538	2.2008388	-399.77148	2.2204661	24.0	1398.1025
25	2080000	1.5	0.014725265	-33.749096	1.8042369	-393.50787	1219.0	12.217	0.30196565	0.000100692465	6.0	-0.17272511	14.625604	1.0780452	0.054657355	0.28198195	0.093475	-2.695232	0.054185536	0.0013570954	1.5505782	102.03054	-411.71606	6.975743	-410.9241	7.0061707	25.0	1443.6433
26	2160000	1.5	0.014767439	-32.668995	1.1393721	-418.75433	1219.0	15.391254	0.32548413	0.00016377679	1.0	0.103599414	14.987478	1.5837362	0.03916044	0.2818644	0.1341125	1.6613216	0.051914226	0.0016967638	1.7379088	169.22466	-439.08176	12.606867	-436.1082	12.4768715	26.0	1488.1675
27	2240000	1.5	0.014803143	-34.7698	2.1831434	-442.19266	1219.0	27.910944	0.35979944	0.00030988603	1.0	0.16171232	16.301392	2.8593118	0.016769897	0.28172538	0.1053875	2.853047	0.030156309	0.0018035809	2.1746426	191.11678	-455.14444	17.39355	-453.24347	17.656965	27.0	1532.7601
28	2320000	1.5	0.014833362	-36.472164	3.3459454	-456.44263	1219.0	38.562305	0.368342	0.0001796025	1.0	0.14950845	17.482792	3.961933	0.03369779	0.2815819	0.1434	2.8010082	0.044019293	0.0020691624	1.9837937	201.27942	-475.29883	25.12985	-471.87103	25.110931	28.0	1577.2264
29	2400000	1.5	0.014858946	-37.933907	4.805543	-475.06665	1219.0	56.35679	0.42163983	0.00017445046	1.0	0.2154868	19.403477	5.6890435	0.053052623	0.28144503	0.1864875	4.426813	0.05928441	0.0024086654	3.123982	221.96988	-497.48523	39.93804	-495.89597	39.732815	29.0	1621.5875
30	2480000	1.5	0.0148806	-39.60097	6.875383	-498.71655	1219.0	81.471115	0.43573213	9.9444784e-05	1.0	0.3060446	22.128843	8.12922	0.057114605	0.28128362	0.2064625	7.174811	0.060913112	0.0027753324	5.0012865	238.5523	-520.34863	56.52578	-521.53766	56.72989	30.0	1666.1761
31	2560000	1.5	0.014898927	-41.74246	9.704959	-523.36884	1219.0	110.25196	0.44659987	0.0001217765	1.0	0.3123369	25.306925	10.972979	0.025311446	0.28112197	0.1450125	8.366969	0.034839354	0.0029007022	5.8606853	263.49982	-537.1881	70.38433	-537.7511	70.79747	31.0	1710.882
32	2640000	1.5	0.014914451	-43.646217	12.094436	-540.2405	1219.0	129.13612	0.47224006	0.0001491626	1.0	0.2141192	27.531004	12.949485	0.019065918	0.28094673	0.1227	6.1573267	0.024411576	0.0031007954	4.723217	275.05414	-550.06226	84.8196	-550.39667	85.353065	32.0	1755.4595
33	2720000	1.5	0.01492758	-45.10664	13.958208	-555.5106	1219.0	144.09131	0.46968794	0.0001303046	4.0	0.17183784	29.455828	14.634115	0.021196835	0.28026056	0.192	4.8938365	0.01830329	0.0026527008	4.3751287	295.52612	-532.0834	65.13861	-530.8967	65.62261	33.0	1800.704
34	2800000	1.5	0.014938699	-45.22227	12.05303	-547.96216	1219.0	110.221436	0.47949165	5.7977886e-05	1.0	-0.022981461	26.394127	11.964193	0.017036485	0.28008723	0.138525	-0.92090666	0.017259363	0.0029108273	4.4060297	327.7131	-514.36597	55.99637	-514.44183	55.9529	34.0	1845.1935
35	2880000	1.5	0.014948113	-45.192444	10.417625	-537.4582	1219.0	90.89154	0.46210393	0.00014396608	1.0	-0.015684435	24.745747	10.343145	0.025959387	0.2799144	0.1531875	-0.7302333	0.024131348	0.0028181777	3.998368	324.97134	-498.79904	45.24357	-498.8207	44.95433	35.0	1889.7655
36	2960000	1.5	0.014956073	-44.228027	8.627859	-523.6822	1219.0	70.924675	0.45528412	6.2233965e-05	5.0	-0.019341819	22.961975	8.529427	0.015122354	0.2790239	0.0706625	-0.46609667	0.017434811	0.0036978219	3.8459883	316.30545	-511.72806	49.8134	-512.9095	49.615948	36.0	1935.0474
37	3040000	1.5	0.01496282	-43.884293	8.557111	-538.7305	1219.0	71.79908	0.43639708	0.00010803775	1.0	0.097357996	23.255947	8.932466	0.023709746	0.27883196	0.1378375	2.466864	0.029214228	0.004406566	4.9631834	369.73206	-528.2277	58.734016	-528.35223	58.68822	37.0	1979.6385
38	3120000	1.5	0.0149685275	-45.476444	10.068146	-552.72015	1219.0	84.99818	0.4684716	8.2191276e-05	1.0	0.08032431	24.817142	10.3667345	0.038506832	0.2786493	0.1668125	2.1101625	0.03942198	0.00481288	4.9947205	376.1863	-548.8453	69.83044	-548.7935	70.15145	38.0	2024.0706
39	3200000	1.5	0.014973358	-46.80933	12.12098	-571.4609	1219.0	104.517746	0.51029336	0.0002557716	1.0	0.025512174	27.052431	12.190867	0.056153297	0.27847382	0.195375	0.8299409	0.05066359	0.0053198347	4.9660907	378.95517	-573.96844	82.03504	-574.79346	82.27052	39.0	2068.6577
40	3280000	1.5	0.014977453	-48.550583	14.40929	-592.9879	1219.0	129.12166	0.51745427	0.00014799846	1.0	-0.030649133	29.888832	14.248703	0.05963061	0.27827355	0.2069375	-0.6584177	0.05600874	0.0057249083	5.240704	384.21832	-603.239	96.2579	-604.6117	96.45811	40.0	2113.14
41	3360000	1.5	0.014980911	-50.516273	16.488901	-619.7626	1219.0	154.60843	0.6014314	0.00031421226	1.0	-0.03339247	32.858902	16.314915	0.07996165	0.27808812	0.2413	-1.0153226	0.06582223	0.0062696333	4.1222405	401.9854	-642.45	124.34616	-641.9913	123.9091	41.0	2157.6133
42	3440000	1.5	0.014983846	-53.26771	19.06819	-657.09393	1219.0	185.72997	0.67321056	0.00030263307	1.0	-0.0409915	36.516636	18.863358	0.10083926	0.27789807	0.2654625	-1.0340292	0.07819009	0.0067086294	3.2000706	452.48026	-689.69977	162.62598	-692.4537	163.40437	42.0	2202.0088
43	3520000	1.5	0.014986322	-57.13659	22.222837	-702.2898	1219.0	224.06952	0.72549075	0.00032766032	1.0	-0.056956768	40.988045	21.958797	0.052661657	0.2777002	0.2174875	-1.9582797	0.050692104	0.0066503244	2.9360495	520.20667	-730.329	192.18663	-731.4828	191.09402	43.0	2246.5803
44	3600000	1.5	0.0149884205	-60.63207	24.207422	-736.90894	1219.0	250.88454	0.7566371	0.00043895136	1.0	-0.034157198	44.372253	24.049171	0.07209577	0.27751258	0.243925	-1.3269523	0.057609245	0.0071156663	2.7314506	557.293	-780.7137	226.53148	-780.9156	226.35287	44.0	2290.9988
45	3680000	1.5	0.0149901975	-63.9981	26.560982	-792.56494	1219.0	281.72235	0.8077677	0.0004212068	1.0	-0.006364575	48.281876	26.498075	0.09748545	0.27733895	0.2721875	0.0026745484	0.0731217	0.007657126	2.5985494	679.429	-860.6284	263.25497	-862.3735	264.29364	45.0	2335.468
46	3760000	1.5	0.0149917025	-68.21099	28.893415	-880.8608	1219.0	312.28964	0.9353573	0.00041834163	1.0	0.0103190765	52.242493	28.886974	0.12254575	0.27717924	0.3103375	0.8175516	0.08946039	0.00784204	2.1586938	921.969	-969.1184	302.3722	-969.91797	302.60416	46.0	2380.0347
47	3840000	1.5	0.014992981	-75.66137	31.599218	-994.3024	1219.0	347.22888	0.9826681	0.00033256598	1.0	0.014790805	56.773193	31.60523	0.12988393	0.27703145	0.337275	1.2270186	0.09052661	0.007632553	2.3109124	1254.5106	-1095.3455	345.76468	-1096.3232	345.56906	47.0	2424.4841
48	3920000	1.5	0.014994055	-84.78224	34.03736	-1120.0444	1219.0	381.3945	1.0796798	0.00047037052	1.0	0.053222325	61.311764	34.197983	0.15433928	0.27689692	0.35985	3.5096667	0.09705246	0.008087099	2.7767642	1752.3116	-1229.4421	390.98218	-1227.5997	390.05585	48.0	2468.9436
49	4000000	1.5	0.014994966	-93.98519	35.864983	-1262.5671	1219.0	408.2373	1.2543561	0.00045954512	1.0	0.088162035	65.18884	36.17651	0.18249072	0.27677464	0.379125	6.235819	0.10801133	0.00822715	3.0342288	2359.5977	-1398.3531	418.41974	-1399.0817	418.7802	49.0	2513.3904
50	4080000	1.5	0.01499574	-104.01547	37.082333	-1430.7461	1219.0	425.05847	1.386975	0.00064954074	1.0	0.07999841	68.11947	37.376183	0.19668435	0.2766643	0.3905125	5.576119	0.12126536	0.0081680035	2.3254402	2869.1638	-1597.7673	437.35147	-1599.2184	437.87054	50.0	2557.79
51	4160000	1.5	0.0149963945	-117.04644	38.033455	-1616.4474	1219.0	439.34866	1.747248	0.0007093959	1.0	0.08771196	70.86258	38.34298	0.22390242	0.27656463	0.4136625	6.4316564	0.09957003	0.008481942	1.8963935	3075.161	-1848.1222	450.05948	-1848.1101	450.03116	51.0	2602.0098
52	4240000	1.5	0.014996949	-132.1009	38.736935	-1820.7562	1219.0	449.691	1.9524047	0.0005556791	1.0	0.07077435	73.223114	38.956745	0.22868933	0.27647495	0.433725	5.039475	0.07753505	0.007671472	1.5225363	2907.4404	-2081.6858	459.40244	-2079.9482	459.3074	52.0	2646.4011
53	4320000	1.5	0.014997421	-148.4822	39.25325	-2033.0853	1219.0	458.37607	2.1898258	0.0005522195	1.0	0.06893636	75.455505	39.439976	0.20141041	0.27639392	0.469325	5.1185107	0.079228856	0.006704518	1.3317127	2604.5757	-2310.4995	468.46622	-2311.017	468.3527	53.0	2690.6384
54	4400000	1.5	0.014997812	-165.24338	39.716087	-2235.9863	1219.0	467.42548	2.57205	0.0005534823	1.0	0.08882957	77.749275	39.922157	0.2213103	0.2763209	0.4903125	6.731671	0.08263779	0.0067126025	1.4868714	2245.8328	-2555.8174	475.9675	-2559.3513	475.9339	54.0	2734.8782
55	4480000	1.5	0.014998151	-181.35083	40.117138	-2446.7292	1219.0	475.18347	2.8191428	0.0005738415	1.0	0.09266461	79.93478	40.311295	0.27860856	0.27625462	0.449325	7.5638633	0.09276259	0.006977644	1.6419369	1878.6312	-2839.8403	480.72876	-2841.729	480.77612	55.0	2779.0552
56	4560000	1.5	0.014998434	-197.89374	40.397114	-2710.5076	1219.0	479.86148	3.0392494	0.0007171537	1.0	0.0638694	81.82623	40.51516	0.32485268	0.27619502	0.3952	5.0029826	0.074769706	0.0064132754	1.290594	1606.2596	-3140.4092	484.07367	-3141.0308	484.1086	56.0	2823.2996
57	4640000	1.5	0.0149986725	-218.89023	40.56462	-2991.3672	1219.0	483.05707	3.2609718	0.0006533141	1.0	0.050784748	83.58076	40.65282	0.24555095	0.27614167	0.343725	3.6574824	0.0471226	0.003335833	1.0792841	1271.6238	-3392.2344	485.99216	-3391.689	485.94427	57.0	2867.3694
58	4720000	1.5	0.014998881	-241.39795	40.671295	-3230.9229	1219.0	484.85742	3.3416557	0.0008192122	1.0	0.035740603	85.20082	40.731663	0.091731265	0.276094	0.2655875	2.8723938	0.021798132	0.0009021983	0.9856993	859.1541	-3555.3362	486.91946	-3554.1223	486.9125	58.0	2911.4465
59	4800000	1.5	0.014999048	-261.39502	40.728855	-3361.304	1219.0	485.37225	3.3526917	0.0005721501	1.0	0.014350873	86.694016	40.752495	0.020195134	0.27605054	0.1681125	1.2320195	0.0068259644	0.00016400691	0.8665435	432.091	-3634.1633	487.3397	-3634.087	487.34464	59.0	2955.646
60	4880000	1.5	0.014999196	-273.44586	40.75028	-3411.2014	1219.0	485.69135	3.37459	0.00044256207	149.0	0.006058076	88.16986	40.762367	0.00986578	0.28846192	0.1130625	0.52088815	0.003465998	5.901299e-13	0.7985944	255.38464	-3689.02	487.6873	-3689.02	487.68732	60.0	3030.3894
61	4960000	1.5	0.014999316	-278.42804	40.76177	-3434.8428	1219.0	485.98575	3.235639	0.0003679703	149.0	0.0026024731	89.643974	40.77202	0.00044383563	0.30907133	0.001575	0.22906299	-0.00068681047	5.0275875e-13	0.7586506	208.13809	-3689.0212	487.68735	-3689.021	487.68732	61.0	3105.5051
62	5040000	1.5	0.014999421	-280.52396	40.76776	-3428.5188	1219.0	485.87006	3.2419267	0.00036050327	149.0	-0.0048653074	91.07657	40.76623	2.6752257e-05	0.31403065	0.0	-0.4482045	-7.096605e-05	5.0050984e-13	0.72732186	199.93875	-3689.0212	487.68735	-3689.021	487.68735	62.0	3180.673
63	5120000	1.5	0.01499951	-280.33386	40.76485	-3425.4368	1219.0	485.92554	3.2340634	0.00031018874	149.0	-0.0043751183	92.5265	40.76645	3.852311e-06	0.31326196	0.0	-0.40921703	1.4299583e-05	4.968598e-13	0.70802635	199.94005	-3689.0212	487.68735	-3689.021	487.68732	63.0	3255.9407
64	5200000	1.5	0.014999585	-280.01468	40.764355	-3428.0938	1219.0	485.87204	3.126377	0.00029077803	149.0	-0.006047216	93.965576	40.763912	1.0599347e-05	0.31455514	0.0	-0.5742781	-2.7440286e-05	5.353769e-13	0.6907741	197.30945	-3689.0205	487.68732	-3689.0205	487.68732	64.0	3331.2583
65	5280000	1.5	0.014999655	-280.19348	40.76249	-3428.4866	1219.0	485.85516	3.2359967	0.00035504196	149.0	-0.0059455573	95.40809	40.762684	0.0016820383	0.35640413	0.0181	-0.5978046	-0.00024007245	6.7151476e-13	0.6759135	195.5911	-3689.02	487.6873	-3689.0198	487.6873	65.0	3406.4048
66	5360000	1.5	0.014999704	-280.25906	40.761303	-3418.2473	1219.0	485.81277	3.2544217	0.00030698284	149.0	-0.006319674	96.848114	40.760677	-4.4924764e-06	0.35410497	0.0	-0.6186075	5.3872776e-05	9.102791e-13	0.6600459	194.28174	-3689.0173	487.68716	-3689.0173	487.68716	66.0	3481.7002
67	5440000	1.5	0.014999748	-279.4786	40.76007	-3414.7214	1219.0	485.80484	3.2246292	0.00021362325	149.0	-0.0058857156	98.29215	40.759724	0.0007403974	0.38357207	0.006975	-0.5950258	-0.00057069235	6.1134247e-13	0.6441995	191.98323	-3689.0198	487.6873	-3689.0198	487.6873	67.0	3556.9724
68	5520000	1.5	0.014999791	-279.1223	40.75896	-3408.3154	1219.0	485.81607	3.1910965	0.00023504099	149.0	-0.005178658	99.736595	40.75943	4.0184013e-06	0.38992783	0.0	-0.5218538	-0.00013477888	8.6916574e-13	0.62969965	195.1499	-3689.0178	487.6872	-3689.0178	487.6872	68.0	3633.6536
69	5600000	1.5	0.01499982	-278.57153	40.758595	-3410.805	1219.0	485.8105	3.1586099	0.00037204876	149.0	-0.0048161647	101.1806	40.759007	-2.3528964e-06	0.38772294	0.0	-0.49223292	5.0848914e-05	1.0753005e-12	0.6147411	191.42534	-3689.0159	487.68713	-3689.0159	487.6871	69.0	3714.7878
70	5680000	1.5	0.014999851	-278.69357	40.7582	-3406.0276	1219.0	485.76257	3.2352157	0.00036399244	149.0	-0.0051067336	102.61986	40.756916	0.00028085866	0.403995	0.000375	-0.53172886	-0.00037152824	4.5938055e-11	0.5995021	193.0927	-3688.9324	487.68442	-3688.9326	487.68445	70.0	3795.322
71	5760000	1.5	0.014999868	-278.39594	40.755333	-3403.979	1219.0	485.7508	3.1474044	0.00024770494	116.0	-0.0040328563	104.0627	40.755844	0.016598511	0.4275813	0.18315	-0.50991344	0.0005001814	1.6261742e-05	0.5858893	191.17633	-3585.7427	486.25815	-3585.4329	486.2655	71.0	3864.606
72	5840000	1.5	0.014999894	-278.22842	40.745304	-3349.2725	1219.0	484.86734	3.3218868	0.0002491442	149.0	-0.014793665	105.416885	40.724155	0.0025326363	0.44715497	0.028075	-1.5715368	0.0018300427	3.5493188e-06	0.56982464	231.33458	-3623.6687	486.65805	-3623.3477	486.64658	72.0	3945.066
73	5920000	1.5	0.01499991	-274.45087	40.7247	-3363.1118	1219.0	484.99933	3.0832422	0.00032778602	49.0	-0.002698279	106.87188	40.727108	0.01630634	0.4617334	0.1439125	-0.405137	-3.2641983e-05	3.5709763e-05	0.5516627	200.04036	-3539.5786	484.34793	-3538.8284	484.30746	73.0	3999.0676
74	6000000	1.5	0.014999923	-275.0862	40.70169	-3304.3586	1219.0	483.0099	3.1997185	0.0002913862	6.0	-0.027245255	108.10828	40.655437	0.016960027	0.46386293	0.1735	-2.8770647	0.008516661	4.7012694e-05	0.55393094	238.64156	-3638.5898	486.1894	-3638.428	486.19324	74.0	4045.9956
75	6080000	1.5	0.014999928	-271.71793	40.676632	-3360.2961	1219.0	484.6428	3.2220383	0.00020464367	149.0	0.014252749	109.71385	40.711803	0.00062521	0.47161153	0.00175	1.5806448	0.0005878479	2.9376632e-05	0.5409067	209.73297	-3656.569	486.38477	-3656.3618	486.36746	75.0	4125.265
76	6160000	1.5	0.014999942	-274.77185	40.71351	-3369.9495	1219.0	484.79965	3.2786694	0.00024216223	149.0	0.00085534476	111.16995	40.719776	0.0038513541	0.5164934	0.0434	0.09362556	0.0014924136	1.161607e-06	0.5224223	190.11255	-3684.3052	487.47812	-3684.3345	487.47995	76.0	4205.0635
77	6240000	1.5	0.014999954	-275.83392	40.72814	-3375.2322	1219.0	485.49728	3.2642453	0.0003344873	66.0	0.0058642696	112.6821	40.74235	0.015050137	0.5446176	0.066125	0.5249157	0.00041808854	8.576814e-05	0.5221703	191.02223	-3607.8667	484.60916	-3607.8503	484.6242	77.0	4262.3706
78	6320000	1.5	0.014999957	-275.92166	40.71032	-3320.9604	1219.0	483.05823	3.3897629	0.00031699924	13.0	-0.028376145	113.87369	40.6575	0.01876532	0.5482874	0.05075	-3.677732	-0.00033534897	0.00028443674	0.52902377	209.50955	-3526.0024	479.12775	-3526.2446	479.12	78.0	4308.961
79	6400000	1.5	0.01499997	-273.09567	40.578667	-3261.2654	1219.0	477.86874	3.2926247	0.00029831083	41.0	-0.064037666	114.77493	40.458336	0.015940782	0.54369974	0.1612875	-7.5868373	0.008098864	0.00013375998	0.6492606	236.06575	-3430.314	475.06854	-3429.8618	475.02484	79.0	4361.944
80	6480000	1.5	0.014999973	-270.57584	40.373425	-3193.6702	1219.0	473.5341	3.395441	0.0002606102	8.0	-0.05791732	115.75211	40.272526	0.02127178	0.5426884	0.0706125	-7.2760515	0.016226178	0.0003134653	0.6245102	227.05338	-3325.3591	461.2249	-3324.0513	461.09338	80.0	4413.052
81	6560000	1.5	0.014999973	-266.368	39.977158	-3109.5215	1219.0	459.82483	3.411126	0.00023795688	7.0	-0.18263309	115.74396	39.59127	0.017151723	0.54210895	0.1428	-21.80135	0.02685618	0.00030831574	2.003571	416.1588	-3284.628	440.19772	-3283.6736	440.1342	81.0	4458.4727
82	6640000	1.5	0.014999983	-263.20407	39.19812	-3072.1643	1219.0	446.29364	3.4183776	0.00027026428	3.0	-0.17084941	115.72876	38.853535	0.01889921	0.5419931	0.0794125	-19.652054	0.015428605	0.0009625185	2.0753849	528.90295	-3421.5925	453.63275	-3424.4854	454.1204	82.0	4505.7773
83	6720000	1.5	0.014999985	-264.92056	39.102676	-3148.1113	1219.0	454.27795	3.3945775	0.00026472274	2.0	0.07062867	117.8715	39.32224	0.030665152	0.5419578	0.077525	8.667591	0.027765617	0.0012704728	1.2113689	298.97827	-3553.6995	471.459	-3552.6343	471.25012	83.0	4552.561
84	6800000	1.5	0.014999987	-270.19305	39.824974	-3255.9126	1219.0	470.20154	3.4373558	0.0002886871	10.0	0.14642869	120.87548	40.14525	0.019240739	0.542245	0.051475	17.090477	0.010209307	0.00083063735	1.613061	275.43384	-3406.307	448.3829	-3406.7988	448.446	84.0	4599.2427
85	6880000	1.5	0.014999988	-270.78516	39.708977	-3146.6672	1219.0	452.5548	3.5242333	0.00024614422	3.0	-0.21479249	120.434616	39.234825	0.02203465	0.5421948	0.068675	-27.057709	0.014824942	0.00066586654	2.7215238	322.5825	-3195.4622	415.4216	-3195.6287	415.41486	85.0	4643.685
86	6960000	1.5	0.014999988	-267.07077	38.69762	-3026.4248	1219.0	434.44083	3.5053322	0.00034871855	3.0	-0.24131872	119.91609	38.116135	0.02776176	0.541616	0.0675625	-30.192047	0.00950365	0.001051854	3.5105774	607.41095	-2762.0693	357.53403	-2770.3508	358.8114	86.0	4688.2563
87	7040000	1.5	0.014999988	-258.98602	37.20435	-2877.7976	1219.0	409.78857	3.4259892	0.00035449886	7.0	-0.29095596	118.67189	36.40779	0.01668751	0.53899765	0.071175	-34.57119	0.012069406	0.0016288608	5.147945	968.4075	-2867.5962	367.50903	-2883.1519	369.69257	87.0	4733.622
88	7120000	1.5	0.014999988	-254.56075	36.666374	-2934.5132	1219.0	416.97186	3.4766483	0.00025991787	7.0	0.07605423	120.63003	36.936436	0.015333867	0.5359011	0.0701625	8.349061	0.015107147	0.0010920971	1.5527346	529.5618	-232.74666	82.8807	-235.22029	80.38414	88.0	4778.9976
89	7200000	1.5	0.014999988	-248.79565	35.552	-2721.1792	1219.0	384.1536	3.4770546	0.00033391037	2.0	-0.33622533	118.4754	34.481827	0.015531394	0.5350532	0.078125	-41.402878	0.016739063	0.001517859	7.3848414	1017.6704	-166.13136	162.83118	-166.34338	162.60896	89.0	4823.5024
90	7280000	1.5	0.014999999	-230.3239	32.637466	-2483.465	1219.0	348.67218	3.3626297	0.00053282623	2.0	-0.25620142	115.96222	31.686491	0.025705572	0.5341324	0.0926875	-31.145588	0.027052863	0.0012222218	5.488189	991.7324	-128.32756	217.78752	-126.429825	218.96869	90.0	4867.9087
91	7360000	1.5	0.014999999	-204.40031	29.095718	-2107.8296	1219.0	297.4552	3.1400886	0.0005136512	2.0	-0.37258604	111.72904	27.53191	0.038877632	0.53303474	0.115525	-43.395855	0.03251178	0.001246356	9.2968855	1049.6375	-38.413006	311.25122	-39.338795	309.5748	91.0	4912.508
92	7440000	1.5	0.014999999	-158.58838	23.00747	-1532.6317	1219.0	221.36215	2.5631993	0.005072031	2.0	-0.3702696	104.76084	21.290052	0.030936364	0.53158385	0.11815	-40.095444	0.034285523	0.0013171359	10.7956505	1005.2372	-1.5455146	332.66705	-1.6423985	332.59494	92.0	4957.3774
93	7520000	1.5	0.014999999	-105.879234	15.705081	-922.32025	1219.0	139.51697	2.048869	0.0006072206	2.0	-0.41917896	97.12162	13.792481	0.04407838	0.53011614	0.145775	-42.827496	0.03463224	0.0011586435	16.217363	1265.7831	0.0	333.04065	0.0	333.04065	93.0	5003.1147
94	7600000	1.5	0.014999999	-40.991333	5.2770753	-348.01233	1219.0	54.15111	1.3619536	0.00053283817	7.0	-0.37665746	88.83686	3.606559	0.0157659	0.5231376	0.0342	-34.358044	0.0006715031	1.0433855e-06	18.744776	1158.1328	0.0	333.04065	0.0	333.04065	94.0	5048.804
95	7680000	1.5	0.014999999	-21.723701	3.2631238	-327.0249	1219.0	53.33574	1.0069767	0.00041647963	80.0	0.116000734	88.921265	3.6487093	0.015116615	0.40577176	0.109025	10.168016	0.00049270916	2.822716e-11	3.3636343	153.96707	0.0	333.04065	0.0	333.04065	95.0	5109.722
96	7760000	1.5	0.014999999	-16.522863	2.3243215	-290.91287	1219.0	39.020153	0.67269766	0.0002038843	149.0	0.08380846	87.61313	2.6162224	0.0129002705	0.29512477	0.0989625	7.316778	-0.0006416794	1.4297816e-12	6.951086	72.33145	0.0	333.04065	0.0	333.04065	96.0	5185.0054
97	7840000	1.5	0.014999999	-17.262371	2.166783	-264.09628	1219.0	36.815334	0.4788196	0.00012224787	149.0	0.1346011	87.47801	2.6834126	0.0054869507	0.22308873	0.0506875	11.863834	-0.0027635724	4.811808e-13	5.251269	27.72484	0.0	333.04065	0.0	333.04065	97.0	5265.458
98	7920000	1.5	0.014999999	-17.918655	2.6750813	-247.37204	1219.0	39.685665	0.42333287	0.00010465532	149.0	0.13393717	87.87576	3.2193232	0.0026352738	0.17447805	0.0211875	11.885702	-0.0037650315	1.4050629e-12	4.3804326	12.715573	0.0	333.04065	0.0	333.04065	98.0	5344.719
99	8000000	1.5	0.014999999	-17.801937	3.3237078	-238.72337	1219.0	42.65008	0.38666478	9.6210584e-05	149.0	0.10916179	88.28933	3.777152	1.3689994e-07	0.17428136	0.0	9.746973	2.339554e-06	8.8771584e-13	3.7904727	8.448707	0.0	333.04065	0.0	333.04065	99.0	5425.138
100	8080000	1.5	0.014999999	-18.304916	3.8053815	-238.52808	1219.0	42.637733	0.35886446	7.264506e-05	149.0	0.066604234	88.406876	4.084584	8.04197e-05	0.18337783	0.0	5.952896	0.0011645386	5.075478e-12	2.6802697	6.0907683	0.0	333.04065	0.0	333.04065	100.0	5502.9385
101	8160000	1.5	0.014999999	-18.50487	4.023639	-240.52129	1219.0	42.02065	0.36690053	6.3580395e-05	149.0	0.06267844	88.46565	4.2978797	0.0014395858	0.22251128	0.015175	5.588226	0.0056427433	4.1481227e-10	2.2837496	5.4903326	0.0	333.04065	0.0	333.04065	101.0	5582.873
102	8240000	1.5	0.014999999	-19.024591	4.0387273	-248.73752	1219.0	39.53058	0.3788795	6.309871e-05	44.0	0.06276692	88.332825	4.311205	0.024741078	0.25168082	0.2338125	5.2250757	0.054129187	6.706602e-07	1.9922025	5.981311	-214.83145	110.18312	-214.68356	110.40152	102.0	5636.031
103	8320000	1.5	0.014999999	-21.268341	2.9699674	-313.76154	1219.0	30.516304	0.4796206	0.00015742678	3.0	0.16389436	87.54454	3.642227	0.042220324	0.25322294	0.279025	13.727226	0.0651779	2.3063005e-05	8.065462	26.802738	-321.23044	21.173231	-321.46783	21.041922	103.0	5681.1265
104	8400000	1.5	0.014999999	-29.983028	4.888749	-415.1682	1219.0	69.21375	0.603919	0.0007997098	2.0	0.2461859	91.620026	5.826525	0.024115449	0.25389	0.1514875	23.253101	0.03927625	0.00010541699	7.399551	56.074936	-395.57343	1.3122618	-396.01852	1.3456701	104.0	5727.8975
105	8480000	1.5	0.014999999	-41.13349	9.207804	-504.44016	1219.0	122.63203	0.8154448	0.0010208685	5.0	0.7322841	97.279045	12.098095	0.030983057	0.25486282	0.2037	70.1026	0.020472793	8.405371e-05	19.287062	106.570076	-341.61786	14.594006	-341.55582	14.550466	105.0	5774.3594
106	8560000	1.5	0.014999999	-34.10664	6.989998	-418.15707	1219.0	59.02059	0.6691517	0.00034572446	2.0	-0.42384154	91.10149	5.273772	0.016140811	0.25501153	0.130875	-39.71876	0.0026613395	1.7826205e-05	6.335706	50.364124	-283.32196	51.823013	-283.2539	51.769806	106.0	5819.2793
107	8640000	1.5	0.014999999	-30.275465	3.4593484	-367.2716	1219.0	28.903833	0.5250376	0.00027560708	3.0	-0.26868764	88.20194	2.3629336	0.015831701	0.25464725	0.1535875	-24.191666	0.00029333134	3.6287647e-06	2.7923286	28.680616	-206.54439	134.66359	-208.34651	133.7589	107.0	5864.2256
108	8720000	1.5	0.014999999	-26.672203	1.6484475	-317.3823	1219.0	22.249062	0.45551616	0.00013596329	17.0	0.22544213	87.60481	2.5284164	0.02063557	0.24498226	0.0814625	19.746271	0.016557675	1.1703508e-05	9.234604	24.356928	-177.18938	195.68645	-178.39806	195.38025	108.0	5911.874
109	8800000	1.5	0.014999999	-25.064775	2.4082146	-320.34195	1219.0	15.038488	0.44023353	7.1529445e-05	3.0	-0.17088956	86.92123	1.6893	0.030837746	0.24316166	0.10635	-15.335395	0.045135543	5.0881146e-05	2.4173334	53.88805	-250.10684	119.23569	-248.50577	121.05748	109.0	5956.8877
110	8880000	1.5	0.014999999	-27.040934	1.2278055	-368.0409	1219.0	3.2256334	0.52708006	0.00011801659	2.0	-0.24065776	85.764694	0.24477959	0.02897049	0.2422061	0.1225	-21.529982	0.049814627	0.00026869698	4.7574825	110.33218	-322.56906	67.79459	-322.18945	67.66907	110.0	6003.3345
111	8960000	1.5	0.014999999	-30.331312	0.30532625	-412.64996	1219.0	8.879705	0.6075417	0.00029355192	2.0	0.16737033	86.35666	0.95800596	0.018184746	0.24135996	0.119575	14.815358	0.031383	0.0004145178	2.4870923	192.03793	-376.30237	37.893085	-375.9126	37.97284	111.0	6048.0396
112	9040000	1.5	0.014999999	-34.15538	1.5130593	-451.5327	1219.0	19.604239	0.6466539	0.00055943953	7.0	0.23853843	87.46912	2.4432907	0.017859433	0.2390251	0.061475	20.58271	0.017843667	0.00033266176	4.5414176	251.22348	-350.6455	40.104156	-350.9971	39.76596	112.0	6093.8086
113	9120000	1.5	0.014999999	-37.91626	2.000652	-420.39984	1219.0	12.144546	0.604695	0.00027662236	3.0	-0.1448825	86.75327	1.3954622	0.031111151	0.23825933	0.1269	-13.315792	0.024053378	0.00018738504	1.9891138	171.7947	-288.37717	82.766716	-289.75095	81.31524	113.0	6138.7485
114	9200000	1.5	0.014999999	-35.2259	0.8391428	-375.30493	1219.0	3.149021	0.5938595	0.00015922371	12.0	-0.13925897	85.867424	0.25922525	0.02725006	0.23546743	0.1391	-12.079545	0.030702036	0.00034008423	1.2349337	136.38824	-341.4078	21.851536	-340.20944	22.361408	114.0	6185.624
115	9280000	1.5	0.014999999	-30.512884	0.70763415	-412.34933	1219.0	13.25217	0.607715	0.0003123528	10.0	0.13320246	86.90697	1.2279446	0.017943632	0.23346376	0.0862875	11.275018	0.019381028	0.00015846059	0.9965427	136.069	-298.67627	42.969322	-298.3836	43.055393	115.0	6231.9326
116	9360000	1.5	0.014999999	-34.148746	0.7530984	-378.32437	1219.0	4.909986	0.5669018	0.00020285696	4.0	-0.084792174	86.086205	0.39700478	0.026071256	0.2326169	0.1496625	-7.8087687	0.020260395	7.433637e-05	0.6085561	98.98645	-228.73611	107.65205	-228.19518	108.59008	116.0	6277.043
117	9440000	1.5	0.014999999	-29.896841	0.43783453	-331.37433	1219.0	10.86223	0.49220547	0.0001592414	14.0	0.1988436	86.70512	1.2250278	0.019504838	0.22918892	0.110425	17.327404	0.02359037	0.00014237555	3.7324917	63.350075	-289.17734	59.560947	-289.40817	59.239113	117.0	6324.3257
118	9520000	1.5	0.014999999	-27.307165	0.96555847	-367.18073	1219.0	3.6028516	0.49084798	8.036472e-05	3.0	-0.16721083	85.99194	0.29240552	0.024297556	0.22844984	0.1503	-14.868299	0.037373565	0.00024918836	2.531596	79.00025	-344.44785	13.064364	-343.89145	13.202353	118.0	6369.3267
119	9600000	1.5	0.014999999	-30.845469	0.4828814	-407.60507	1219.0	11.63321	0.52581036	0.00024830023	14.0	0.144968	86.8194	1.0569425	0.024311168	0.22573948	0.1364125	12.343536	0.023972265	0.00013346437	1.2528946	117.55829	-295.19473	50.54577	-294.6988	50.8746	119.0	6416.653
120	9680000	1.5	0.014999999	-32.581257	0.5845325	-366.65918	1219.0	3.7713103	0.5016276	0.00011986696	6.0	-0.068088725	86.04523	0.2997793	0.01621222	0.22388603	0.125675	-6.0270686	0.01135023	9.092237e-05	0.36473483	71.98157	-242.29164	102.3298	-241.87184	102.91941	120.0	6462.088
121	9760000	1.5	0.014999999	-27.76069	0.4018625	-331.0627	1219.0	10.331561	0.4611517	9.144158e-05	10.0	0.18507306	86.723114	1.1354761	0.023689317	0.22147994	0.11865	15.866901	0.028215546	0.00016522598	3.1274195	43.872482	-298.8089	60.00968	-298.9472	59.48535	121.0	6508.388
122	9840000	1.5	0.014999999	-27.268093	0.8474597	-367.28226	1219.0	2.4179168	0.49843103	7.874918e-05	3.0	-0.16318153	85.93987	0.19216864	0.01586623	0.22095132	0.1157	-14.222404	0.027250936	0.00025437796	2.156034	80.58668	-338.91397	26.058275	-337.9683	26.196024	122.0	6553.36
123	9920000	1.5	0.014999999	-30.967913	0.26237816	-398.31412	1219.0	6.2099867	0.5206221	0.00017077422	3.0	0.07304296	86.330154	0.55199474	0.01690469	0.220242	0.132375	6.478664	0.024964059	0.00035360828	0.48436612	101.217514	-374.47034	11.765682	-374.3348	11.434315	123.0	6598.2476
124	10000000	1.5	0.014999999	-34.754143	1.2117869	-430.79102	1219.0	20.757648	0.5612711	0.0005620724	10.0	0.22903834	87.83048	2.1239767	0.01624505	0.21833062	0.1228	19.726826	0.012975066	0.00023745444	2.683358	126.362976	-341.06952	22.498037	-341.26883	22.149448	124.0	6644.78
125	10080000	1.5	0.014999999	-34.577778	1.0857205	-398.94788	1219.0	6.8878207	0.5410249	0.00021404462	3.0	-0.10268675	86.46931	0.66575164	0.015764544	0.21782205	0.1195125	-9.385556	0.011523255	0.00020060157	0.83528703	97.913666	-303.94672	58.288807	-304.32593	58.130077	125.0	6689.898
126	10160000	1.5	0.014999999	-31.12801	0.39718452	-367.05554	1219.0	2.263314	0.5048711	0.00013910374	13.0	-0.05265137	86.01276	0.17673019	0.01573821	0.21495917	0.1133	-4.6015306	0.022634916	0.00027407412	0.18601564	76.560135	-342.18594	24.522068	-342.25027	24.355764	126.0	6736.889
127	10240000	1.5	0.014999999	-31.037218	0.2716249	-396.49295	1219.0	5.261996	0.55070037	0.00016348911	15.0	0.04998298	86.325455	0.46699113	0.01943505	0.21116833	0.0863	4.158104	0.018506827	0.00019572666	0.27650088	102.56585	-317.7838	15.4844265	-318.0502	15.331269	127.0	6784.498
128	10320000	1.5	0.014999999	-33.755154	0.6057866	-379.39072	1219.0	6.067001	0.52855957	0.00020043932	4.0	-0.026749063	86.414375	0.4910091	0.015269019	0.21001382	0.1147125	-2.5315392	0.0092474455	0.00010171792	0.32257104	72.83925	-278.33102	47.492634	-278.2583	47.130028	128.0	6829.5547
129	10400000	1.5	0.014999999	-27.997938	0.36390707	-344.38406	1219.0	7.296136	0.46853584	0.0001948986	16.0	0.0957536	86.551216	0.7458433	0.020800522	0.20655298	0.1414875	8.0924225	0.027448023	0.00021490293	1.3535175	38.981815	-322.75223	11.042487	-322.97083	10.803647	129.0	6877.2983
130	10480000	1.5	0.014999999	-29.71764	0.6929428	-379.97968	1219.0	5.1204653	0.5319244	0.00014057668	16.0	-0.065407895	86.36164	0.42755708	0.019780762	0.20223765	0.1504	-5.9464273	0.014246826	9.6246076e-05	0.9157978	57.21589	-277.4967	51.756096	-277.64145	51.985313	130.0	6925.046
131	10560000	1.5	0.014999999	-27.656725	0.34252137	-342.1501	1219.0	7.584944	0.4617672	0.00013800006	15.0	0.1080479	86.60974	0.7732745	0.020473476	0.19889498	0.1459875	9.235527	0.028064746	0.00021569946	1.4394219	41.579697	-321.02374	12.756894	-320.71066	12.640752	131.0	6972.8364
132	10640000	1.5	0.014999999	-29.425762	0.68532103	-376.52585	1219.0	4.4358068	0.47902292	0.00016830808	5.0	-0.080663204	86.30618	0.35758108	0.016130554	0.198205	0.1489125	-6.977679	0.026870536	0.000323021	0.945992	57.641224	-353.82227	1.4401447	-354.29608	1.448558	132.0	7018.4478
133	10720000	1.5	0.014999999	-33.612747	0.88939744	-407.51227	1219.0	18.828918	0.55640763	0.0012903749	11.0	0.18542145	87.79434	1.6294264	0.01556667	0.19694765	0.1496375	15.858413	0.011300272	0.00017063567	1.3820317	66.66065	-322.7152	13.403128	-323.02655	13.366224	133.0	7065.5356
134	10800000	1.5	0.014999999	-30.27846	0.8116959	-376.89017	1219.0	3.800435	0.4926505	0.00015947863	5.0	-0.12329003	86.30431	0.3105026	0.0179034	0.19555593	0.1574375	-10.972267	0.011092198	0.000113010145	0.63918805	57.12775	-280.56012	61.6475	-280.46103	61.957306	134.0	7111.3086
135	10880000	1.5	0.014999999	-26.456076	0.2658714	-341.07544	1219.0	6.667185	0.46312577	0.00015399221	15.0	0.104163855	86.60197	0.68153125	0.021356354	0.19192529	0.11125	8.852445	0.027386118	0.00020212539	1.2654307	54.9376	-320.23077	36.2578	-320.1052	36.215572	135.0	7159.081
136	10960000	1.5	0.014999999	-28.83512	0.52015257	-371.31943	1219.0	1.7030061	0.4662671	9.688496e-05	4.0	-0.09481649	86.11185	0.13580066	0.019192455	0.19140029	0.1532125	-8.250611	0.030768365	0.0003085288	0.8012402	78.70708	-354.42755	8.287617	-354.41516	8.460841	136.0	7204.6997
137	11040000	1.5	0.014999999	-32.68882	0.25376615	-401.36432	1219.0	7.959486	0.52377164	0.00022885171	6.0	0.11174578	86.75328	0.6995123	0.015658855	0.1901877	0.1558	9.920183	0.0233046	0.000445772	0.7778368	90.07642	-377.49768	5.6623673	-377.29495	5.5993547	137.0	7250.452
138	11120000	1.5	0.014999999	-37.777664	1.7040273	-425.9538	1219.0	27.061968	0.5562787	0.00041022385	8.0	0.22441356	88.73841	2.6011498	0.02056847	0.1886138	0.12825	19.491665	0.0131322285	0.00024255633	1.9425462	86.96506	-342.96503	1.2737393	-343.19522	1.2564859	138.0	7296.736
139	11200000	1.5	0.014999999	-32.61253	1.5653954	-393.6773	1219.0	9.418015	0.52990264	0.00040724655	5.0	-0.19093601	86.98881	0.7969265	0.02226907	0.18771657	0.1678125	-17.373777	0.013396096	0.00013424063	1.7160676	56.328926	-303.79416	25.715212	-303.8645	25.337729	139.0	7342.4097
140	11280000	1.5	0.014999999	-27.754885	0.48352137	-357.81424	1219.0	3.9697077	0.47954792	0.00021144382	17.0	-0.037552703	86.460075	0.32565826	0.019674255	0.183712	0.1391	-3.3265808	0.030592822	0.00028657177	0.17792833	58.27063	-340.84164	3.0827186	-340.80777	3.076006	140.0	7390.33
141	11360000	1.5	0.014999999	-31.756618	0.3606167	-388.55518	1219.0	5.486762	0.5064627	0.00016230138	57.0	0.025997568	86.62528	0.457723	0.0151142515	0.15942836	0.131275	2.1467977	0.00862927	0.00030548865	0.17896396	74.88847	-347.78613	18.558136	-348.20862	18.304478	141.0	7447.247
142	11440000	1.5	0.014999999	-28.464716	0.25346884	-384.40094	1219.0	2.6740627	0.5063368	0.00014206456	7.0	-0.0036940263	86.34711	0.23384714	0.020418784	0.15672122	0.1526125	-0.3412312	0.034679696	0.00050085766	0.09837619	148.1428	-374.8504	7.6632023	-374.74643	7.6738043	142.0	7494.5195
143	11520000	1.5	0.014999999	-35.044926	0.3820362	-412.10236	1219.0	9.162768	0.54142547	0.00025246973	13.0	0.13896951	87.01509	0.93306786	0.01865681	0.1533835	0.1066125	11.88936	0.0151422	0.00035026946	1.4848559	120.431786	-350.5897	3.267369	-350.7253	3.2428992	143.0	7542.562
144	11600000	1.5	0.014999999	-34.0738	0.6980988	-389.62308	1219.0	4.2284045	0.49823818	0.00018113521	104.0	-0.082797065	86.531105	0.35915267	0.015085562	0.08358288	0.1391625	-7.425185	0.0073893396	0.00029463082	0.6554167	84.91185	-341.53824	29.807623	-342.08685	29.806822	144.0	7610.385
145	11680000	1.5	0.014999999	-27.510265	0.23077835	-375.74536	1219.0	1.8120308	0.47250444	0.00011653032	7.0	-0.01668403	86.29362	0.1566297	0.024084717	0.080739856	0.1685625	-1.4911003	0.034937155	0.00058021845	0.09035205	149.17647	-369.2739	14.76852	-369.57645	14.51052	145.0	7658.5728
146	11760000	1.5	0.014999999	-34.077843	0.2522955	-401.29138	1219.0	6.530014	0.48758936	0.00016792436	4.0	0.10567918	86.77773	0.6694493	0.015195815	0.07976723	0.1549125	9.32041	0.02358584	0.00077410886	0.9881086	127.187035	-385.9545	8.37005	-385.61694	8.314054	146.0	7705.1562
147	11840000	1.5	0.014999999	-38.203903	1.4317273	-418.96225	1219.0	14.019191	0.5345786	0.00029082556	8.0	0.050563443	87.555565	1.6262914	0.01605062	0.07840431	0.10805	4.086789	0.0114914095	0.0005387987	0.5409089	117.94116	-367.16623	3.3037179	-366.6302	3.2896082	147.0	7752.0747
148	11920000	1.5	0.014999999	-36.337048	1.4440553	-403.4221	1219.0	9.343303	0.52701885	0.00028456424	4.0	-0.11405138	87.11204	0.97504485	0.018982554	0.07784939	0.14695	-10.534564	0.012535672	0.00035126053	0.9410749	80.15742	-343.18924	1.6967039	-343.12375	1.6721133	148.0	7797.7646
149	12000000	1.5	0.014999999	-30.66512	0.49745005	-378.0354	1219.0	1.6728718	0.48008698	0.00025937302	14.0	-0.086280204	86.35527	0.14079571	0.017017232	0.07605839	0.16865	-7.528538	0.029925233	0.0005601137	0.5301568	64.15898	-365.2876	3.0658696	-365.1314	3.1061902	149.0	7845.339
