Epoch	TotalEnvInteracts	worker/CostLimit	worker/noise	learner/VVals	learner/CostVVals	worker/EpRet	worker/EpLen	worker/EpCost	learner/LossQ	learner/LossQC	learner/StopIter	learner/LossPi	learner/Lagrangian	learner/QcRet	learner/KL	learner/Entropy	learner/ClipFrac	learner/LossQcPenalty	learner/LossVallina	learner/LossVC	learner/LossV	Eval/NaturalReward	Eval/NaturalCost	Eval/AdvUniformReward	Eval/AdvUniformCost	worker/Epoch	worker/Time
0	80000	1.5	0.0	0.039949615	0.042098287	-1853.5184	1219.0	466.58203	2.1645381	0.0055439253	5.0	9.3956175	48.07256	36.559658	0.016106138	0.91643137	0.2404375	460.83795	-0.0050652125	1382.5276	20441.86	-1665.4205	466.58392	-1665.4591	466.58945	0.0	43.573112
1	160000	1.5	0.0	-59.92442	39.09565	-1682.8107	1219.0	463.01694	1.0162132	0.0009013271	5.0	0.0098264385	48.620037	39.316063	0.015272322	0.9148026	0.239625	0.3381699	-0.0035193886	7.2666283	5633.367	-1483.66	462.25064	-1483.6991	462.2528	1.0	87.04701
2	240000	1.5	0.0023027735	-126.48702	39.246864	-1517.374	1219.0	458.27316	0.88772184	0.00034254414	6.0	-0.10347391	49.517967	39.151615	0.018217564	0.9134607	0.28285	-5.369617	-0.0012932774	2.9495668	400.45804	-1288.1046	455.23642	-1288.2184	455.22437	2.0	243.39757
3	320000	1.5	0.004252031	-121.14223	39.008865	-1333.0057	1219.0	449.6305	0.8016512	0.0001487837	6.0	-0.20949736	49.98931	38.605595	0.016806765	0.9119529	0.2741	-10.872685	-0.004681411	3.5901167	373.81973	-1094.7292	442.31677	-1094.697	442.32513	3.0	401.08908
4	400000	1.5	0.0059020403	-107.198685	38.356655	-1170.6317	1219.0	438.00656	0.7662897	0.00013326283	6.0	-0.28654602	50.132347	37.720524	0.017350843	0.91061777	0.2854	-14.938125	-0.008598181	5.8359423	303.17453	-895.7841	423.89682	-895.66785	423.94772	4.0	557.4612
5	480000	1.5	0.0072987443	-94.265205	37.626072	-1011.5801	1219.0	425.1373	0.72875535	0.00015806107	6.0	-0.36198178	50.11787	36.70464	0.017771304	0.90970427	0.2805625	-18.762238	-0.010464126	6.9250126	286.62164	-705.8825	392.3173	-706.1136	392.41595	5.0	714.30963
6	560000	1.5	0.008481027	-80.751976	36.12732	-867.3703	1219.0	406.44894	0.7134948	0.00018024638	6.0	-0.3679801	49.478737	35.16018	0.015405167	0.9086961	0.238725	-18.890902	-0.011979984	9.054487	223.82275	-542.99866	333.768	-543.01117	333.73734	6.0	870.7736
7	640000	1.5	0.009481809	-69.07212	34.36265	-745.23114	1219.0	381.77917	0.6408582	0.00021418152	8.0	-0.43286422	48.178703	33.10134	0.017665595	0.90651697	0.2804625	-21.716383	-0.011376128	10.991829	180.5079	-405.80765	182.0106	-405.76532	182.07187	7.0	1028.9135
8	720000	1.5	0.010328949	-58.70998	31.480425	-626.08234	1219.0	341.24536	0.559054	0.00030731718	11.0	-0.56569624	45.09273	29.659906	0.015061493	0.9008456	0.211175	-26.476381	-0.013173773	14.736525	135.7633	-291.43607	45.975952	-291.76514	46.06471	8.0	1186.0334
9	800000	1.5	0.011046043	-49.035946	26.785025	-524.24854	1219.0	272.95853	0.47109374	0.0004242502	99.0	-0.82852477	39.099037	23.797997	0.015053003	0.83210456	0.15495	-33.706852	-0.014583415	21.302729	80.57209	-53.44657	319.0838	-53.631012	319.04626	9.0	1351.7944
10	880000	1.5	0.01165305	-40.660263	16.78297	-430.02188	1219.0	145.2567	0.3666138	0.0005765443	149.0	-1.1080759	26.864172	12.528734	0.0077534546	0.74711984	0.0686875	-30.974344	-0.007848125	27.140419	46.52742	-7.839538	332.49518	-7.842924	332.49323	10.0	1520.3357
11	960000	1.5	0.012166867	-35.160275	10.76126	-395.22476	1219.0	112.59933	0.30273682	0.000623755	149.0	-0.40761602	23.939384	9.153553	0.006083308	0.66687995	0.0600125	-10.258862	-0.0076038702	8.2609005	23.770628	-6.259112	332.62976	-6.24204	332.63107	11.0	1689.102
12	1040000	1.5	0.012601807	-31.773129	7.1115093	-365.0131	1219.0	81.4246	0.27552357	0.00084238715	149.0	-0.15408507	21.104645	6.5025725	0.0060655023	0.5885591	0.058975	-3.4692543	-0.0076086014	6.2268248	15.764091	-5.3949013	332.71317	-5.408652	332.71008	12.0	1857.3363
13	1120000	1.5	0.012969971	-29.56488	5.7312617	-344.45694	1219.0	63.5963	0.24572094	0.0007124245	149.0	-0.1622326	19.51622	5.050454	0.0064956513	0.5112266	0.0572375	-3.3689535	-0.007983168	4.4171705	13.685491	-4.658764	332.7735	-4.617731	332.77652	13.0	2027.1908
14	1200000	1.5	0.0132816145	-27.68495	3.8278534	-320.6736	1219.0	49.115097	0.22733894	0.0005025916	149.0	0.024692811	18.23861	3.9065878	0.0066034715	0.434493	0.0573625	0.4453307	-0.007910865	3.2142653	11.599698	-4.452676	332.79172	-4.522362	332.78577	14.0	2195.6868
15	1280000	1.5	0.013545423	-25.669304	2.8563986	-301.15353	1219.0	39.766827	0.20292172	0.00036740035	149.0	0.09217775	17.39256	3.2197735	0.0065400223	0.35815734	0.0568125	1.6677047	-0.007886902	3.3191059	9.466702	-4.512151	332.78635	-4.5155916	332.78897	15.0	2365.8835
16	1360000	1.5	0.013768726	-24.059322	2.7008612	-280.67578	1219.0	35.778725	0.17708048	0.00019732986	149.0	0.08578069	17.099611	3.0405815	0.0030714395	0.30818412	0.022675	1.5480005	-0.006431032	4.1124268	9.113033	-1.9516356	332.99536	-1.8808042	332.99603	16.0	2534.9448
17	1440000	1.5	0.013957752	-22.692852	3.245116	-267.19623	1219.0	36.19744	0.1592685	0.0004357822	149.0	-5.6219582e-05	17.243061	3.2361689	0.001832407	0.2653332	0.0137	-0.003782605	-0.005138086	4.757893	7.675204	0.0	333.04065	0.0	333.04065	17.0	2704.997
18	1520000	1.5	0.014117749	-21.443724	3.0625641	-259.48196	1219.0	37.151093	0.14957297	0.0002659026	132.0	0.11118726	17.440838	3.5282474	0.018515972	0.24733067	0.1489875	1.9753485	0.031017661	4.3554626	5.8015656	-230.81808	118.66779	-230.7472	118.77662	18.0	2873.1436
19	1600000	1.5	0.014253196	-21.304502	3.7823071	-292.5777	1219.0	39.965103	0.18554653	0.00022125644	49.0	0.010208656	17.848396	3.8064485	0.016009549	0.23758982	0.136375	0.14378574	-0.009867527	2.701069	10.154152	-211.1029	184.2281	-210.45335	184.17403	19.0	3033.7302
20	1680000	1.5	0.014367847	-22.840456	3.5188687	-265.23935	1219.0	35.775047	0.18244292	0.00012246257	110.0	0.045987077	17.517527	3.7250383	0.01659788	0.20727515	0.0642625	0.81843126	0.011750991	4.2301207	13.271673	-249.29788	106.565216	-249.83798	105.26501	20.0	3200.0195
21	1760000	1.5	0.014464887	-21.55316	3.6115265	-271.88147	1219.0	33.91806	0.18141349	0.00020806145	2.0	0.0014395636	17.430351	3.612293	0.033112153	0.20679261	0.108675	-0.038556885	0.042149644	2.5647104	9.853965	-278.9281	50.66201	-278.92996	50.460815	21.0	3356.3542
22	1840000	1.5	0.014547037	-22.143646	3.6130352	-295.66064	1219.0	25.156765	0.2004159	0.00021146708	5.0	-0.21999374	16.637676	2.6846533	0.019965123	0.205852	0.1022375	-3.917804	0.014822769	4.398797	20.221336	-246.5736	112.46017	-245.39284	111.41472	22.0	3512.8179
23	1920000	1.5	0.014616577	-23.616163	2.80227	-271.29407	1219.0	33.71043	0.18636188	0.00012423008	30.0	0.21237612	17.583311	3.703981	0.018555311	0.20059583	0.158925	3.878022	0.027950553	6.079811	12.357294	-243.9686	56.456535	-244.06905	56.62996	23.0	3672.9863
24	2000000	1.5	0.014675439	-22.149511	3.3023453	-297.20856	1219.0	24.160664	0.21578631	0.00029301416	2.0	-0.12895182	16.701206	2.7564018	0.021315908	0.20021014	0.1537875	-2.3849614	0.0376989	3.671689	25.323889	-282.46823	24.216381	-283.8399	24.156317	24.0	3829.0845
25	2080000	1.5	0.014725265	-24.395859	2.4992254	-330.7135	1219.0	14.372767	0.23987333	0.00033855267	2.0	-0.21578261	15.776623	1.596277	0.018975265	0.19975463	0.132875	-3.5980587	0.030336164	4.9692845	48.528526	-319.49606	8.324402	-320.30676	8.295793	25.0	3985.8298
26	2160000	1.5	0.014767439	-27.805262	1.6228766	-360.66263	1219.0	13.062309	0.25881055	0.00034732785	6.0	-0.09400487	15.689183	1.2358104	0.02332376	0.19834796	0.12345	-1.6120971	0.012256389	2.1118467	65.74962	-339.23846	1.573647	-338.99377	1.609008	26.0	4142.8125
27	2240000	1.5	0.014803143	-29.593838	0.89827913	-378.77844	1219.0	4.9693613	0.26187477	0.00041246545	4.0	-0.12107096	14.894863	0.40872902	0.0150471525	0.19742861	0.0983625	-1.9415286	0.010594375	1.0181012	102.425285	-326.2682	12.631856	-326.02695	12.407094	27.0	4300.1484
28	2320000	1.5	0.014833362	-30.627457	0.1835499	-362.7479	1219.0	2.5929694	0.2572082	0.00030493626	6.0	0.009725638	14.663018	0.22839807	0.019597778	0.19631124	0.1135875	0.12812893	0.018372545	0.150117	82.11411	-338.2104	24.074757	-337.47498	24.327986	28.0	4456.902
29	2400000	1.5	0.014858946	-29.690393	0.17261884	-371.14035	1219.0	1.4921014	0.27399582	0.0002039832	149.0	-0.017488534	14.557396	0.121725634	0.00128954	0.1894853	0.0123625	-0.27220526	-0.0017969853	0.055779405	121.38826	-332.91046	38.75016	-333.24484	38.33744	29.0	4627.232
30	2480000	1.5	0.0148806	-30.418556	0.11264996	-362.8696	1219.0	1.4615196	0.2599929	5.731492e-05	149.0	0.0011956999	14.557245	0.11874209	0.0008446909	0.1743064	0.0061375	0.017878003	-0.0013365686	0.022896325	102.04934	-333.23288	45.400032	-332.6959	45.81949	30.0	4796.6445
31	2560000	1.5	0.014898927	-28.841734	0.104647756	-357.5684	1219.0	1.340895	0.26732063	9.317406e-05	149.0	0.0005096164	14.556707	0.10834769	0.0013733035	0.16383837	0.0097	0.0059892717	-0.00026749662	0.016282069	120.17227	-333.95242	55.763577	-333.34793	55.9234	31.0	4966.04
32	2640000	1.5	0.014914451	-30.137922	0.11152681	-362.3465	1219.0	1.0626031	0.26534235	0.00010387124	149.0	-0.0066782	14.555348	0.08404115	0.0005324682	0.15723324	0.004675	-0.104007676	-0.0008612991	0.01195675	118.61347	-325.77597	63.142433	-324.99527	63.87968	32.0	5135.121
33	2720000	1.5	0.01492758	-29.577303	0.08462574	-358.1259	1219.0	1.1894829	0.2724781	6.726293e-05	149.0	0.0021579824	14.554489	0.09448755	0.00030155317	0.13950288	0.002625	0.032734253	-0.00023065018	0.012161654	111.38622	-328.852	60.520424	-328.66937	60.84361	33.0	5304.5664
34	2800000	1.5	0.014938699	-27.560743	0.11261977	-354.83197	1219.0	2.3005376	0.27981657	0.00022513175	149.0	0.017366273	14.634537	0.18577224	0.0033227203	0.13565838	0.04885	0.26284552	0.0060660774	0.06041555	150.91904	-343.20062	48.870953	-342.7424	48.953747	34.0	5473.899
35	2880000	1.5	0.014948113	-30.40071	0.1476254	-368.2162	1219.0	1.2042412	0.27976382	0.00015535035	149.0	-0.012558189	14.555725	0.098315634	0.0005764807	0.122866996	0.006425	-0.19650915	0.0001818583	0.033575997	151.38788	-343.96506	47.400177	-343.6441	46.70655	35.0	5644.0137
36	2960000	1.5	0.014956073	-29.661638	0.082629636	-362.59082	1219.0	1.1462057	0.28250855	0.00014857252	149.0	0.0021807968	14.554611	0.091935694	0.00061433064	0.10425472	0.0049625	0.032581586	-0.0001960845	0.011218997	133.93584	-346.24915	47.655514	-346.23117	46.79994	36.0	5813.8574
37	3040000	1.5	0.01496282	-30.134682	0.09507574	-367.97897	1219.0	1.3090518	0.28402677	0.00014226421	149.0	0.0024562925	14.554139	0.10673062	0.0010626343	0.09568155	0.0121125	0.037858043	-0.00093672745	0.023511983	134.93887	-342.93192	49.370575	-342.97073	48.850056	37.0	5983.2065
38	3120000	1.5	0.0149685275	-30.698975	0.11979654	-363.7648	1219.0	1.118649	0.26889998	8.512485e-05	149.0	-0.007241559	14.552785	0.0916203	0.0006129665	0.08056378	0.004425	-0.11238721	-0.0008717539	0.01591964	127.10597	-339.78256	50.666702	-339.25272	50.61476	38.0	6153.1865
39	3200000	1.5	0.014973358	-29.44911	0.09433814	-360.99493	1219.0	1.0582348	0.26561505	8.7228356e-05	149.0	-0.0020328837	14.551413	0.08724419	0.0007627645	0.06253266	0.007575	-0.033223953	0.00030904156	0.008880246	116.25586	-343.01282	49.055183	-343.40216	49.024197	39.0	6322.831
40	3280000	1.5	0.014977453	-28.727932	0.08757299	-362.40326	1219.0	1.1677176	0.28158268	6.9548805e-05	149.0	0.0017127972	14.550469	0.09514635	0.0005971871	0.04551065	0.0021	0.025884619	4.5154284e-05	0.013191534	151.24115	-346.0754	47.360355	-346.17487	46.986637	40.0	6494.008
41	3360000	1.5	0.014980911	-30.0385	0.09474675	-361.55865	1219.0	1.180526	0.2776065	6.695258e-05	149.0	0.00011390612	14.549362	0.09631507	0.0010208974	0.025709746	0.004725	0.00080641813	-0.00014288892	0.012517157	143.28476	-347.51468	47.421593	-348.0595	47.480812	41.0	6664.483
42	3440000	1.5	0.014983846	-29.493584	0.09859146	-359.47128	1219.0	1.3579125	0.29950628	5.2421412e-05	149.0	0.0025897676	14.549036	0.11098956	0.0008461768	0.022768736	0.009825	0.03800307	0.0005893629	0.012189492	143.94975	-352.2784	45.97764	-351.6222	45.48285	42.0	6833.499
43	3520000	1.5	0.014986322	-29.501474	0.104944214	-363.9868	1219.0	1.2897767	0.29655266	5.2316358e-05	149.0	8.590395e-07	14.548172	0.1063765	0.000976152	-0.0009850264	0.0068	-0.00045594253	-0.0008248775	0.02066589	148.67896	-352.55368	46.815346	-352.28488	46.48319	43.0	7002.5923
44	3600000	1.5	0.0149884205	-30.483866	0.11385164	-369.59662	1219.0	1.6329951	0.30169272	8.2244005e-05	149.0	0.0045701857	14.559676	0.13498525	0.001103321	-0.011133671	0.0092375	0.070190325	-0.00028886477	0.036500257	156.27437	-348.58044	45.81047	-348.69583	45.251442	44.0	7171.845
45	3680000	1.5	0.0149901975	-29.773996	0.1288127	-360.6473	1219.0	1.1160942	0.28554565	3.800848e-05	149.0	-0.008781728	14.5472975	0.09290281	0.000593471	-0.020898461	0.004075	-0.13718918	-0.00011099577	0.015214956	147.68889	-349.88528	44.10086	-350.36282	43.73909	45.0	7340.714
46	3760000	1.5	0.0149917025	-29.80479	0.100484915	-372.4473	1219.0	1.9353871	0.26674414	6.152027e-05	149.0	0.013995023	14.589999	0.16075808	0.0002521901	-0.03381753	0.0010625	0.21789864	-0.00038960532	0.050617587	167.59213	-346.3038	39.67946	-346.7937	39.303337	46.0	7510.72
47	3840000	1.5	0.014992981	-30.525723	0.14562479	-364.61978	1219.0	1.2208242	0.25815406	3.2873242e-05	149.0	-0.010390438	14.547626	0.10225513	0.0013934155	-0.028837204	0.0177	-0.16288984	-0.00044612674	0.025180325	152.2098	-342.92746	42.708008	-343.2737	42.386555	47.0	7680.097
48	3920000	1.5	0.014994055	-30.743925	0.10907409	-369.27548	1219.0	1.6165147	0.24759106	5.3600856e-05	149.0	0.0079884995	14.557497	0.1427053	0.0020230012	-0.04818213	0.0157	0.12279103	-0.00039078647	0.033735532	154.27208	-338.4938	45.09834	-338.62592	44.99784	48.0	7849.5073
49	4000000	1.5	0.014994966	-29.500765	0.11629458	-361.0635	1219.0	1.1943496	0.26586208	4.7711328e-05	149.0	-0.0032258434	14.546936	0.101748765	0.00095743296	-0.073251724	0.0071375	-0.050996404	-0.00044959976	0.019199371	152.21312	-336.0694	45.899693	-336.01776	45.818542	49.0	8018.313
50	4080000	1.5	0.01499574	-30.22246	0.09092511	-354.03827	1219.0	1.1934968	0.2756219	3.9158207e-05	149.0	0.0017062156	14.545964	0.097831324	0.001918161	-0.10479987	0.0155625	0.025282132	-0.00042938202	0.015567503	150.124	-339.62988	45.928555	-339.01984	46.856644	50.0	8188.66
51	4160000	1.5	0.0149963945	-30.224722	0.102672376	-359.94363	1219.0	1.1324512	0.27074385	3.595955e-05	149.0	-0.0019599784	14.54481	0.094660014	0.0010318569	-0.120144606	0.005	-0.030910166	-0.00031571664	0.015473655	156.374	-337.38388	47.820076	-337.20013	48.252388	51.0	8357.433
52	4240000	1.5	0.014996949	-28.668478	0.09586737	-352.7185	1219.0	1.4874411	0.2690488	3.1804684e-05	149.0	0.006009808	14.545054	0.12297267	0.002001572	-0.14979482	0.0175625	0.09030302	0.00043182677	0.019009674	141.10083	-342.11694	44.90018	-340.90933	45.074303	52.0	8527.936
53	4320000	1.5	0.014997421	-30.58465	0.1333659	-352.95386	1219.0	1.2422386	0.25897437	2.0716881e-05	149.0	-0.0075250682	14.543876	0.10256538	0.0010044763	-0.17079496	0.0053625	-0.117712624	-0.00012949097	0.01400187	155.85596	-344.42383	46.41675	-344.3659	46.918533	53.0	8698.397
54	4400000	1.5	0.014997812	-28.864538	0.1009479	-354.29395	1219.0	1.2914741	0.2759133	1.8025155e-05	149.0	0.0011094824	14.543241	0.10667909	0.0010544107	-0.19259158	0.007525	0.015758386	-2.3072719e-06	0.008547491	158.48326	-349.03348	41.618942	-347.16278	41.374046	54.0	8868.414
55	4480000	1.5	0.014998151	-29.40834	0.10753553	-354.593	1219.0	1.1050793	0.26017863	2.1002688e-05	149.0	-0.0038661088	14.541957	0.09248017	0.0009045656	-0.18985556	0.008025	-0.06121978	8.869763e-05	0.008212748	162.4227	-349.78513	38.39522	-349.23593	37.949837	55.0	9037.432
56	4560000	1.5	0.014998434	-29.37845	0.09578276	-364.31235	1219.0	1.4322627	0.3098002	3.9978273e-05	149.0	0.0072258054	14.542011	0.12732461	0.0015362361	-0.20605376	0.0081125	0.11147075	-0.00020271559	0.034879085	191.24202	-346.93713	34.240894	-347.80566	34.287243	56.0	9208.77
57	4640000	1.5	0.0149986725	-28.018204	0.16995022	-356.57953	1219.0	0.97969216	0.29216748	4.2288008e-05	149.0	-0.019492486	14.540083	0.091953516	0.001997847	-0.24227	0.019225	-0.30430028	-0.00044792786	0.020168072	155.4124	-346.09094	35.122787	-345.69955	35.226948	57.0	9378.276
58	4720000	1.5	0.014998881	-30.782578	0.06714422	-354.43665	1219.0	0.9833523	0.31964043	2.1103759e-05	149.0	0.00404852	14.538492	0.083586335	0.002086659	-0.27416444	0.01865	0.06179189	0.000858473	0.007856721	165.91563	-344.74826	35.448997	-344.57968	35.23707	58.0	9548.584
59	4800000	1.5	0.014999048	-32.100037	0.08872011	-356.1523	1219.0	1.0609491	0.34490395	2.5642232e-05	149.0	0.0019360995	14.537199	0.09758372	0.0009008201	-0.2919183	0.0042125	0.029695962	-0.00029381944	0.016369628	174.49437	-345.0562	37.085842	-343.881	37.341087	59.0	9718.441
60	4880000	1.5	0.014999196	-27.950018	0.09097511	-351.1919	1219.0	1.232081	0.31177816	2.1343867e-05	149.0	0.004283516	14.536431	0.11078061	0.0016059912	-0.32898024	0.015375	0.06515481	-0.00043596668	0.012830032	161.3802	-346.68515	38.28329	-346.307	38.471302	60.0	9887.925
61	4960000	1.5	0.014999316	-29.655703	0.117987916	-360.88638	1219.0	1.2564298	0.28319582	2.9509107e-05	149.0	0.0049180766	14.535499	0.13988431	0.0010173662	-0.34224796	0.010025	0.07549653	-0.00028556137	0.028759342	191.43393	-346.7657	34.7568	-346.95084	34.398712	61.0	10057.927
62	5040000	1.5	0.014999421	-32.186745	0.14457193	-352.13162	1219.0	1.0284778	0.3318986	1.9047962e-05	149.0	-0.007171128	14.534015	0.11672463	0.0020648027	-0.37574863	0.0177875	-0.112730056	-0.00032305298	0.015462034	163.59563	-346.97092	33.575718	-347.3633	33.43281	62.0	10227.18
63	5120000	1.5	0.01499951	-27.012047	0.1110709	-351.67538	1219.0	1.1595864	0.312526	1.604464e-05	149.0	0.001184672	14.53307	0.11907728	0.0002396057	-0.38825032	0.0006625	0.018066516	-0.00022476027	0.012650255	177.8565	-347.44025	33.6816	-347.0128	33.029926	63.0	10397.169
64	5200000	1.5	0.014999585	-31.216572	0.14422369	-361.30222	1219.0	1.2583352	0.32437658	3.224378e-05	149.0	-1.4310803e-05	14.532255	0.14567165	0.00072653143	-0.3967678	0.0078875	-0.0011402351	0.00023007517	0.033990245	214.22765	-347.67444	31.866806	-347.46536	32.363777	64.0	10566.499
65	5280000	1.5	0.014999655	-28.420887	0.1409119	-353.02832	1219.0	1.0727913	0.35179585	2.6406526e-05	149.0	-0.0044509275	14.530828	0.12546903	0.0005813839	-0.39526752	0.0033875	-0.07009052	-0.00013828935	0.020685917	169.00826	-348.98392	30.798803	-349.8401	30.770828	65.0	10736.543
66	5360000	1.5	0.014999704	-28.029087	0.16519462	-365.83008	1219.0	1.6100875	0.39632493	3.7186946e-05	149.0	0.013058911	14.540188	0.22230573	0.002664928	-0.427908	0.0252375	0.1996138	0.00084417535	0.08339399	228.3727	-347.488	30.71121	-347.60995	30.572878	66.0	10905.442
67	5440000	1.5	0.014999748	-29.01405	0.24084112	-354.93695	1219.0	1.094282	0.3967926	4.1413e-05	149.0	-0.026383413	14.529819	0.15294956	0.0055098524	-0.4632544	0.0656125	-0.41164	0.0028181518	0.070316836	197.7114	-342.43442	33.212673	-342.18854	32.535202	67.0	11077.256
68	5520000	1.5	0.014999791	-29.29431	0.121901244	-348.14374	1219.0	1.660649	0.36096233	2.427134e-05	73.0	0.0034947735	14.544332	0.1381679	0.02129409	-0.46802616	0.1267625	0.051381115	0.020999651	0.013990113	156.72177	-350.20218	30.802294	-349.75452	30.62872	68.0	11239.402
69	5600000	1.5	0.01499982	-27.82781	0.14822823	-354.94733	1219.0	1.2498991	0.38342026	3.0597108e-05	149.0	-0.008954699	14.529418	0.110823534	0.0009124954	-0.4808573	0.008975	-0.1401245	7.651615e-05	0.017964717	185.1882	-350.61087	28.28842	-350.20618	28.283758	69.0	11409.073
70	5680000	1.5	0.014999851	-27.328709	0.13783565	-359.15497	1219.0	1.0993727	0.4767756	3.3190918e-05	149.0	-0.00046627782	14.528165	0.13718013	0.00086370466	-0.48586747	0.0103	-0.007694212	0.00015133985	0.030686902	229.41936	-349.33548	26.813648	-349.24133	26.093632	70.0	11578.492
71	5760000	1.5	0.014999868	-33.540714	0.15609771	-362.28555	1219.0	1.3096426	0.43893185	3.5734738e-05	149.0	0.010871018	14.527742	0.21060988	0.0017800621	-0.5074849	0.0073875	0.1677661	-0.00033349477	0.0715627	243.37585	-347.4669	25.814903	-345.85974	26.138622	71.0	11749.526
72	5840000	1.5	0.014999894	-29.168003	0.19302256	-351.39713	1219.0	1.1043439	0.40877038	2.4193083e-05	149.0	-0.020098424	14.526298	0.117720865	0.0011922666	-0.5327683	0.0085375	-0.3134875	-0.00027120454	0.043167066	190.15347	-346.64075	25.381723	-346.29416	24.811853	72.0	11918.5205
73	5920000	1.5	0.01499991	-29.853477	0.12343921	-352.85654	1219.0	0.9199226	0.4660739	1.768679e-05	149.0	-0.00911685	14.524516	0.084991716	0.00074287516	-0.5252246	0.007375	-0.14279367	-0.00015901375	0.010612727	183.00983	-347.39578	23.984875	-347.78293	24.010832	73.0	12089.934
74	6000000	1.5	0.014999923	-26.35921	0.07347398	-354.67847	1219.0	1.2687076	0.4928251	3.067975e-05	149.0	0.014645148	14.524108	0.13705896	0.0014509582	-0.5395927	0.0135875	0.22758095	0.00032552186	0.025714463	219.90518	-347.08563	24.120342	-347.85565	23.95563	74.0	12259.547
75	6080000	1.5	0.014999928	-30.062054	0.13178688	-356.31564	1219.0	1.2551508	0.43430924	2.2803675e-05	149.0	0.004422728	14.522974	0.15130685	0.0024902658	-0.53136355	0.0265625	0.06734769	0.00052475336	0.02014249	242.55174	-346.64066	21.847578	-347.27606	21.528992	75.0	12429.083
76	6160000	1.5	0.014999942	-27.550085	0.20277256	-352.4365	1219.0	1.2710019	0.40128112	1.9749767e-05	149.0	-0.013813025	14.522244	0.16349292	0.0029529422	-0.54449934	0.0401375	-0.21486992	0.0016085492	0.045701537	201.5665	-348.63455	23.33908	-348.3855	23.4052	76.0	12599.283
77	6240000	1.5	0.014999954	-28.878521	0.15822724	-354.8112	1219.0	1.4175041	0.4187387	2.002138e-05	149.0	-0.005004787	14.522061	0.13907318	0.0012292548	-0.53824383	0.0162125	-0.07905492	2.8239441e-05	0.019762496	207.97784	-348.0432	20.974476	-349.21	20.640427	77.0	12769.617
78	6320000	1.5	0.014999957	-29.04458	0.18659203	-355.63885	1219.0	1.3571706	0.45315766	2.7102074e-05	149.0	-0.005908342	14.521427	0.16708115	0.0020580583	-0.5597972	0.0192125	-0.09334657	9.995441e-05	0.034662087	204.13106	-347.28003	15.636127	-346.66272	15.6942425	78.0	12938.6045
79	6400000	1.5	0.01499997	-28.989338	0.15314642	-359.17737	1219.0	1.1441089	0.5362154	3.122487e-05	149.0	0.00016294685	14.520308	0.15410502	0.0030489003	-0.56892544	0.0402875	0.0016021003	0.0010863149	0.02666713	207.7485	-344.32712	14.814178	-343.8026	15.151856	79.0	13109.721
80	6480000	1.5	0.014999973	-29.66695	0.16891758	-350.26562	1219.0	1.1281713	0.4448637	3.8661274e-05	149.0	-0.016245838	14.51914	0.1151847	0.0016897989	-0.59859365	0.0118875	-0.2532106	-0.00043684387	0.026913099	186.33424	-345.72186	15.506546	-346.72183	15.513836	80.0	13280.986
81	6560000	1.5	0.014999973	-27.245546	0.10532892	-350.37698	1219.0	1.6845863	0.44430915	2.1773196e-05	149.0	0.00782044	14.536073	0.1397757	0.0029043518	-0.61473984	0.0341	0.11948123	0.0013544915	0.015405484	173.01328	-346.50775	12.223384	-346.74765	12.226453	81.0	13450.223
82	6640000	1.5	0.014999983	-29.79688	0.15456307	-353.21173	1219.0	1.2166823	0.4639082	2.4216008e-05	70.0	-0.012161539	14.518714	0.10326823	0.016068563	-0.5970687	0.1176125	-0.1927709	0.015312326	0.017681565	198.8341	-352.1239	10.054715	-353.37338	9.449344	82.0	13613.512
83	6720000	1.5	0.014999985	-27.973053	0.10662199	-362.9066	1219.0	1.318372	0.60491145	3.8429735e-05	149.0	0.010478792	14.518209	0.1519811	0.0005575946	-0.6047216	0.0007125	0.16252814	-0.00028471707	0.042383723	210.61232	-351.1668	11.031932	-351.705	10.817382	83.0	13782.272
84	6800000	1.5	0.014999987	-30.972363	0.16130832	-360.42252	1219.0	1.139934	0.66792524	2.9248447e-05	149.0	-0.0008281151	14.516976	0.15787765	0.0013552707	-0.5842443	0.0165125	-0.013326361	0.00016126772	0.032384492	192.9052	-351.73373	11.69918	-352.41187	11.4486685	84.0	13954.009
85	6880000	1.5	0.014999988	-28.730791	0.19542526	-364.30896	1219.0	1.4061571	0.64176714	3.445972e-05	149.0	0.012412697	14.516893	0.25013962	0.0019178394	-0.6021481	0.013325	0.19124867	-0.00040038914	0.10028505	189.7832	-351.04126	12.370783	-351.66718	12.583591	85.0	14123.403
86	6960000	1.5	0.014999988	-28.383825	0.20943238	-358.44925	1219.0	1.0631169	0.58619964	2.7362865e-05	10.0	-0.0076708947	14.515271	0.18004312	0.01571806	-0.6024504	0.1118875	-0.124096535	0.014425064	0.04867681	177.20844	-343.90213	14.022735	-343.5719	13.766284	86.0	14281.5625
87	7040000	1.5	0.014999988	-31.28778	0.163389	-354.69434	1219.0	1.1335592	0.61651146	2.306612e-05	149.0	0.0021668882	14.51419	0.17509909	0.003372322	-0.6019245	0.04495	0.031770132	0.0019375538	0.02076631	182.09703	-342.22678	10.989858	-343.17145	11.450792	87.0	14451.959
88	7120000	1.5	0.014999988	-28.443056	0.2434993	-348.8406	1219.0	1.2801272	0.47858435	1.9879448e-05	149.0	-0.03298428	14.513547	0.1531599	0.0014342465	-0.6185413	0.0055375	-0.5127161	-0.00075365667	0.088310815	173.03859	-344.2636	8.200919	-345.0029	8.246078	88.0	14622.586
89	7200000	1.5	0.014999988	-28.577362	0.16575958	-350.95126	1219.0	1.0084757	0.5180398	1.3906945e-05	149.0	-0.01918657	14.511882	0.08804665	0.000726134	-0.63280684	0.00585	-0.298304	-0.00031831823	0.020047098	160.5922	-344.87	9.177846	-345.10892	9.33257	89.0	14791.346
90	7280000	1.5	0.014999999	-28.84049	0.08053496	-351.8989	1219.0	0.9968546	0.5311228	1.692581e-05	149.0	0.0013606048	14.510327	0.0853198	0.0010210684	-0.63734776	0.0033875	0.020639187	-0.0003794283	0.005510182	192.77596	-343.10617	10.735117	-343.67987	10.34936	90.0	14963.091
91	7360000	1.5	0.014999999	-28.73763	0.09550719	-354.85513	1219.0	1.0812416	0.5903962	2.6531012e-05	149.0	0.0013471078	14.509106	0.10288561	0.00094236404	-0.65822273	0.004875	0.020346293	-0.00018139515	0.007943657	185.05658	-345.12323	9.349368	-345.37985	9.4908905	91.0	15131.772
92	7440000	1.5	0.014999999	-29.191063	0.11196918	-354.34235	1219.0	0.8819662	0.65296334	2.9460536e-05	149.0	-0.0066377944	14.507129	0.08674736	0.0011465077	-0.67933565	0.008125	-0.10358437	-0.0004182398	0.007285925	191.38422	-344.7481	8.920996	-344.5123	8.911317	92.0	15301.875
93	7520000	1.5	0.014999999	-28.373928	0.095697075	-365.83624	1219.0	1.5908467	0.65854836	5.4305932e-05	75.0	0.021341769	14.514703	0.18575431	0.016366152	-0.6997675	0.1319875	0.32710376	0.012728962	0.06882781	228.05623	-339.4969	9.649029	-340.59744	9.18446	93.0	15465.027
94	7600000	1.5	0.014999999	-29.155975	0.109549694	-348.59702	1219.0	1.2484465	0.7769828	4.0292223e-05	149.0	0.0019366408	14.506517	0.118655846	0.007386693	-0.6995958	0.0699125	0.028970413	0.005029452	0.022681696	194.54457	-337.7963	9.085416	-337.95804	9.257559	94.0	15635.421
95	7680000	1.5	0.014999999	-30.057112	0.13401304	-348.96106	1219.0	0.9713815	0.68789977	2.2637134e-05	149.0	-0.012137395	14.504888	0.08383923	0.0010624636	-0.7198191	0.0085375	-0.18908489	-0.00028096067	0.0072627	195.50945	-338.02682	9.793814	-338.44077	9.847965	95.0	15806.163
96	7760000	1.5	0.014999999	-26.99625	0.07090754	-344.58075	1219.0	1.8051649	0.8054808	2.2443883e-05	29.0	0.017852783	14.534334	0.14839178	0.020830698	-0.72952557	0.1325	0.26929325	0.019514255	0.029620074	188.19487	-343.885	8.926567	-343.8112	9.265786	96.0	15966.567
97	7840000	1.5	0.014999999	-30.200872	0.20660222	-363.90964	1219.0	1.3415334	0.72516596	4.6793026e-05	149.0	-0.010193206	14.505185	0.16340032	0.0013102214	-0.7175156	0.016875	-0.15917893	0.0004968752	0.04402605	225.17633	-344.29456	9.11276	-344.71097	9.103157	97.0	16138.022
98	7920000	1.5	0.014999999	-26.713463	0.19204573	-351.16827	1219.0	1.1067543	0.7817575	4.212064e-05	149.0	-0.02044497	14.503954	0.1351044	0.0035202438	-0.75648236	0.0350625	-0.3181983	4.5458983e-05	0.049247157	203.32802	-341.50546	10.064581	-342.48938	10.144496	98.0	16309.284
99	8000000	1.5	0.014999999	-29.999844	0.12574458	-357.92737	1219.0	0.9505786	0.79754496	3.603562e-05	149.0	-0.0038688022	14.502262	0.10892802	0.0026830249	-0.76530844	0.0336875	-0.062312383	0.0008796095	0.016300568	193.72917	-341.08063	8.588723	-340.73477	8.263275	99.0	16483.549
100	8080000	1.5	0.014999999	-27.63267	0.14919546	-350.49545	1219.0	1.1352043	0.68849057	2.9276678e-05	57.0	-0.007118556	14.501299	0.13530865	0.02194495	-0.7679155	0.1321375	-0.11177145	0.017878534	0.033114947	228.08195	-333.1943	11.441796	-333.22586	10.614675	100.0	16648.523
101	8160000	1.5	0.014999999	-29.824244	0.12621698	-344.67853	1219.0	2.0342896	0.77409786	2.3309956e-05	149.0	0.009404074	14.553862	0.16740893	0.0018309525	-0.7481746	0.009525	0.14480007	-0.00024910955	0.015175403	184.64604	-334.75684	10.191642	-334.57187	10.378652	101.0	16820.35
102	8240000	1.5	0.014999999	-29.07775	0.1794807	-345.27866	1219.0	2.234762	0.7514499	2.6931742e-05	149.0	0.00056455826	14.575019	0.1822635	0.009066687	-0.7298553	0.085175	0.007551574	0.0058107357	0.017248103	192.1933	-331.84225	11.095417	-331.43597	11.979105	102.0	16990.283
103	8320000	1.5	0.014999999	-27.781479	0.16753465	-339.61835	1219.0	4.3318543	0.5283544	2.994705e-05	14.0	0.043559738	14.791721	0.35309395	0.018213596	-0.7267361	0.0656	0.6683235	0.009090206	0.14644492	159.25008	-337.28873	8.79772	-337.0522	8.359067	103.0	17148.277
104	8400000	1.5	0.014999999	-26.110157	0.3365406	-346.56683	1219.0	1.7356622	0.71772826	3.2440268e-05	149.0	-0.04582435	14.534592	0.14263628	0.0008684267	-0.72438246	0.015775	-0.7154669	0.0005688324	0.12290608	190.75873	-338.51093	8.559555	-338.61996	8.428812	104.0	17319.527
105	8480000	1.5	0.014999999	-29.885994	0.15668835	-349.7563	1219.0	1.1897702	0.7880413	2.9508403e-05	149.0	-0.014145331	14.512671	0.096654624	0.00060016185	-0.73149866	0.0024125	-0.21987724	-0.0006105459	0.013184682	183.21559	-338.54926	8.754091	-338.68997	8.975694	105.0	17489.934
106	8560000	1.5	0.014999999	-27.479744	0.08194286	-349.48593	1219.0	2.0612473	0.8204668	4.7224e-05	149.0	0.020461304	14.568121	0.16925538	0.0019659558	-0.73736125	0.0221625	0.31646934	0.00071104424	0.03017182	151.8913	-339.70016	7.5033965	-339.3606	7.923131	106.0	17659.918
107	8640000	1.5	0.014999999	-30.527452	0.21436667	-354.37396	1219.0	0.84771353	0.8242111	3.2164116e-05	149.0	-0.033785164	14.512266	0.071764916	0.0021913177	-0.7285586	0.018025	-0.52442014	0.00067256106	0.039503276	201.23277	-339.70764	6.4864726	-340.25565	6.935391	107.0	17832.443
108	8720000	1.5	0.014999999	-27.385	0.06482809	-352.12717	1219.0	1.1677766	0.8373273	3.1312775e-05	149.0	0.010740455	14.511531	0.111700416	0.0024079606	-0.7407827	0.0290125	0.16625728	0.0012596506	0.020898743	185.17737	-339.70438	8.239948	-339.99564	8.55555	108.0	18004.568
109	8800000	1.5	0.014999999	-27.879377	0.1142755	-356.06097	1219.0	1.2125276	0.91328496	4.577759e-05	81.0	-0.0008688699	14.510343	0.111463316	0.019166073	-0.75713164	0.1508625	-0.013752368	0.017348068	0.0135115525	169.3326	-342.69974	6.065012	-343.5488	6.062338	109.0	18170.701
110	8880000	1.5	0.014999999	-28.031065	0.1154066	-354.39673	1219.0	0.9983565	0.8926369	3.8439113e-05	149.0	-0.0062102955	14.508749	0.09044578	0.0014827128	-0.77564514	0.00885	-0.097004786	-0.0004851406	0.0052449545	173.8656	-343.04242	6.1125655	-342.56625	6.7619	110.0	18341.795
111	8960000	1.5	0.014999999	-28.994894	0.08841245	-353.98837	1219.0	1.1177484	0.9619366	2.7605414e-05	149.0	0.003622134	14.507668	0.10435801	0.0016499417	-0.79744726	0.0094	0.055590417	-0.0004458084	0.0062947827	210.82062	-344.37833	6.3929105	-344.25488	6.4403267	111.0	18513.54
112	9040000	1.5	0.014999999	-30.961765	0.11985658	-366.93378	1219.0	1.5638176	0.97416705	6.9442955e-05	149.0	0.017681388	14.512123	0.19575754	0.0014205386	-0.7726125	0.00885	0.2738349	0.0006160693	0.0777176	224.85342	-346.44556	5.761857	-345.84454	5.8949666	112.0	18684.895
113	9120000	1.5	0.014999999	-27.281263	0.179684	-357.03275	1219.0	1.0454776	1.1457514	4.914181e-05	10.0	-0.0048488085	14.50626	0.16008218	0.016827798	-0.7730825	0.119	-0.080570735	0.015642162	0.023998883	172.78822	-341.83118	5.7543917	-341.82675	5.551184	113.0	18843.316
114	9200000	1.5	0.014999999	-29.642288	0.14501233	-353.217	1219.0	0.99877346	1.2222593	3.167598e-05	18.0	0.00046064745	14.50471	0.14832748	0.015863651	-0.7792321	0.1455375	0.0065714386	0.01536872	0.015499927	182.78745	-337.78003	8.6828575	-338.47058	8.736232	114.0	19002.523
115	9280000	1.5	0.014999999	-29.44975	0.15026166	-350.96268	1219.0	1.3788623	1.1092867	3.5690704e-05	149.0	0.0036395765	14.504662	0.1670874	0.0012676208	-0.76435083	0.01285	0.05516687	0.0005380378	0.02733623	164.42305	-336.75635	9.506376	-337.94946	9.056221	115.0	19174.64
116	9360000	1.5	0.014999999	-31.54595	0.16948923	-349.89853	1219.0	1.5141696	1.2723697	2.4541087e-05	149.0	-0.00848289	14.504393	0.13625903	0.0013402186	-0.7684259	0.01055	-0.13263662	-0.00036835685	0.011868763	171.86938	-336.80032	10.589249	-338.70773	9.990677	116.0	19345.887
117	9440000	1.5	0.014999999	-26.40877	0.13527526	-352.8639	1219.0	1.9214132	1.0067668	5.8618713e-05	112.0	0.009487911	14.545212	0.17732553	0.016296873	-0.75257975	0.1400625	0.14777367	0.015187113	0.023658117	149.2835	-333.62378	13.295393	-333.90024	13.7398205	117.0	19511.102
118	9520000	1.5	0.014999999	-28.130379	0.1760282	-346.28308	1219.0	2.82786	0.9250039	5.414035e-05	108.0	0.012777373	14.638767	0.23631631	0.015779493	-0.7544051	0.1298875	0.19235565	0.012874103	0.041066322	150.02852	-337.83923	13.078528	-338.1377	12.761051	118.0	19675.852
119	9600000	1.5	0.014999999	-31.023806	0.284856	-349.5023	1219.0	2.1169305	1.2125142	3.769499e-05	23.0	-0.02637496	14.569539	0.17266615	0.028102912	-0.74985117	0.1624625	-0.41770416	0.028412022	0.032035556	149.4847	-342.34787	10.547146	-341.90616	10.603153	119.0	19833.959
120	9680000	1.5	0.014999999	-27.630238	0.18622416	-359.76102	1219.0	1.0164787	1.2544229	5.759355e-05	11.0	-0.016040163	14.509556	0.119005054	0.01629494	-0.7514914	0.1433125	-0.2510073	0.01622783	0.033076905	195.48085	-338.7479	12.681358	-338.69788	12.640519	120.0	19989.617
121	9760000	1.5	0.014999999	-27.02771	0.16413957	-349.94095	1219.0	2.4766848	0.9300188	5.2525756e-05	149.0	0.008583476	14.60911	0.22654052	0.00090937415	-0.76481175	0.0072125	0.13374917	-0.00048250833	0.09759236	151.89964	-340.34793	12.759845	-338.83328	12.44971	121.0	20156.697
122	9840000	1.5	0.014999999	-28.056263	0.22517808	-351.16974	1219.0	1.7199736	0.935878	3.246328e-05	149.0	-0.020004854	14.532396	0.14092103	0.0069783884	-0.80153555	0.067275	-0.3123375	0.004838643	0.020647045	186.3541	-340.79303	11.78536	-339.9405	11.769695	122.0	20323.785
123	9920000	1.5	0.014999999	-30.954006	0.16515724	-360.30652	1219.0	1.5070148	0.9527976	8.176805e-05	2.0	-0.009049765	14.512948	0.12763008	0.023791257	-0.8016461	0.1499875	-0.14072432	0.020229463	0.01619207	210.17274	-336.10492	13.621971	-335.28073	13.415717	123.0	20480.635
124	10000000	1.5	0.014999999	-31.644428	0.14873715	-347.15512	1219.0	1.7420554	0.7622857	7.624404e-05	132.0	-0.0014064902	14.535393	0.15440871	0.0198292	-0.83770764	0.1438875	-0.025005942	0.015468065	0.049083598	171.3969	-339.59137	12.054669	-339.21252	11.69717	124.0	20647.938
125	10080000	1.5	0.014999999	-24.773949	0.13469443	-351.30347	1219.0	1.8698615	1.0098789	4.3879474e-05	43.0	0.005225536	14.548938	0.15511599	0.017977403	-0.82183933	0.1298	0.075549595	0.01588466	0.040591594	261.4329	-343.07147	9.781688	-342.5265	9.266234	125.0	20810.803
126	10160000	1.5	0.014999999	-28.016134	0.15483448	-354.97382	1219.0	1.5280716	1.0927446	4.4831682e-05	147.0	-0.0071486086	14.515211	0.12457549	0.018670753	-0.8010407	0.1357125	-0.11039442	0.014502437	0.0063869124	161.76407	-341.53824	8.975976	-340.8909	8.57744	126.0	20979.416
127	10240000	1.5	0.014999999	-29.257515	0.11694287	-351.26212	1219.0	2.5746198	0.71625865	4.0340376e-05	83.0	0.021938713	14.622398	0.21144035	0.01619375	-0.82304007	0.1191	0.34200415	0.011662367	0.034879692	137.03293	-338.79633	8.1044035	-338.88297	7.607386	127.0	21143.656
128	10320000	1.5	0.014999999	-29.9549	0.21580994	-349.60913	1219.0	1.7447648	1.0532084	5.2054645e-05	149.0	-0.017540168	14.540235	0.14108744	0.0027594098	-0.8244295	0.0328375	-0.27383143	0.0013232429	0.020301595	142.09102	-339.96777	8.07974	-340.25858	7.589951	128.0	21312.291
129	10400000	1.5	0.014999999	-29.802465	0.16912423	-356.916	1219.0	0.93184555	1.0964296	7.516687e-05	30.0	-0.020009378	14.516656	0.08377492	0.022300035	-0.80764586	0.158625	-0.31537968	0.022771759	0.024220513	177.5447	-343.22604	5.8222923	-342.72366	6.6520586	129.0	21472.656
130	10480000	1.5	0.014999999	-28.011944	0.08061142	-362.1045	1219.0	1.3426228	1.3344023	4.645259e-05	149.0	0.012843406	14.516527	0.13799277	0.004056529	-0.81767565	0.050175	0.19867516	0.0007722448	0.029255368	167.91702	-342.6652	7.438124	-342.3194	6.924942	130.0	21642.059
131	10560000	1.5	0.014999999	-30.139587	0.1372089	-353.24835	1219.0	1.0225122	1.2723643	4.372457e-05	2.0	-0.008164021	14.514644	0.10746909	0.027032504	-0.8172092	0.163	-0.12968679	0.022074418	0.009330629	152.10686	-346.83655	6.348254	-347.33054	6.3272324	131.0	21799.9
132	10640000	1.5	0.014999999	-24.312502	0.11361094	-361.54065	1219.0	1.6707209	1.5727019	6.222701e-05	149.0	0.012328799	14.530296	0.16840327	0.00034983276	-0.8104686	0.0015375	0.19116354	-0.00023342957	0.025385346	255.4705	-347.07632	6.4961543	-346.74182	6.153166	132.0	21971.785
133	10720000	1.5	0.014999999	-33.39203	0.18434197	-361.2241	1219.0	1.2643821	1.7999674	5.3782005e-05	149.0	-0.012166026	14.514317	0.1351392	0.0010287494	-0.8398122	0.0071125	-0.18934906	-0.00022721328	0.02178758	192.66855	-346.33322	5.803011	-345.925	5.654045	133.0	22144.375
134	10800000	1.5	0.014999999	-28.585516	0.13610774	-356.0028	1219.0	0.9194098	1.7031784	6.458188e-05	137.0	-0.008250336	14.512532	0.10487688	0.015631216	-0.8575754	0.12375	-0.12838729	0.012574759	0.011463923	168.8629	-348.93466	4.310381	-348.94943	4.234502	134.0	22314.098
135	10880000	1.5	0.014999999	-26.550095	0.13050492	-361.03784	1219.0	1.3874172	1.5236785	6.265868e-05	37.0	0.0021234124	14.512595	0.1456815	0.015709728	-0.8787508	0.1181875	0.031716064	0.010110024	0.019664569	174.857	-346.331	5.1945643	-345.91425	4.7791867	135.0	22474.426
136	10960000	1.5	0.014999999	-32.903805	0.14758664	-356.47974	1219.0	1.141744	0.97101545	3.3374712e-05	14.0	-0.009216926	14.511007	0.11225455	0.01749844	-0.8795327	0.1261	-0.14338201	0.014207378	0.010522873	194.27705	-349.1972	4.2353153	-350.24634	4.248606	136.0	22632.281
137	11040000	1.5	0.014999999	-27.041416	0.110933505	-362.3708	1219.0	1.2507658	1.7147915	6.549507e-05	149.0	0.0049394527	14.510311	0.13158005	0.0032210292	-0.88652235	0.0462625	0.07578028	0.0011098403	0.023521246	209.01746	-347.8854	5.085165	-348.83273	5.364078	137.0	22801.537
138	11120000	1.5	0.014999999	-28.550209	0.1294975	-357.6055	1219.0	1.6781069	2.150311	6.5255466e-05	59.0	0.009745724	14.526405	0.17510884	0.018071508	-0.91101444	0.1372375	0.14954236	0.015277841	0.029109757	178.8796	-349.79584	4.0298395	-350.0879	3.9997215	138.0	22963.36
139	11200000	1.5	0.014999999	-30.5834	0.2188129	-371.19742	1219.0	2.175773	1.4726856	9.790274e-05	28.0	0.0044728518	14.577361	0.23894377	0.030005682	-0.9093713	0.2039375	0.07155917	0.027565379	0.09417421	204.49342	-352.78943	2.8962348	-353.82965	2.974733	139.0	23122.111
140	11280000	1.5	0.014999999	-29.069418	0.2506211	-371.71054	1219.0	2.1453822	2.160461	7.641832e-05	149.0	0.0010202411	14.575717	0.260299	0.0035787579	-0.92961687	0.0396375	0.0133401705	0.00053980073	0.051978655	168.86227	-353.20255	2.7166214	-353.84122	2.710351	140.0	23291.566
141	11360000	1.5	0.014999999	-27.53675	0.26871356	-367.42584	1219.0	1.6597247	1.2151893	5.717307e-05	149.0	-0.015017692	14.528301	0.21665017	0.0021732566	-0.94717693	0.0309	-0.23407722	-0.00021528134	0.042488605	160.53343	-353.6092	2.581885	-353.93228	2.4429638	141.0	23461.25
142	11440000	1.5	0.014999999	-30.939844	0.2047011	-364.96463	1219.0	1.4527284	1.1135951	6.7644614e-05	25.0	-0.00464116	14.514626	0.18486762	0.020188065	-0.95596415	0.1574125	-0.06789788	0.016694833	0.025881683	172.87418	-356.2215	2.575021	-356.68198	2.509933	142.0	23619.541
143	11520000	1.5	0.014999999	-27.889765	0.22670095	-366.51352	1219.0	1.8381876	0.83318365	3.6148333e-05	25.0	-0.0006327936	14.54697	0.2406965	0.022741217	-0.96846014	0.146825	-0.014812097	0.016447883	0.02851891	164.52797	-353.89258	2.464254	-355.14062	2.4428189	143.0	23778.656
144	11600000	1.5	0.014999999	-34.01651	0.21598245	-363.73492	1219.0	1.3475027	2.0036561	5.715437e-05	14.0	-0.009330321	14.5150385	0.17578804	0.017053036	-0.9718484	0.15355	-0.14919974	0.014886435	0.032243382	186.36473	-351.51123	2.4057908	-351.7495	2.224225	144.0	23938.701
145	11680000	1.5	0.014999999	-28.004694	0.16152082	-364.17398	1219.0	1.3841606	2.4520025	5.488704e-05	1.0	0.014103202	14.514668	0.22353315	0.02383997	-0.9719257	0.1583875	0.21742412	0.019805899	0.03239511	170.42854	-348.47406	2.5210176	-350.17657	2.405255	145.0	24096.678
146	11760000	1.5	0.014999999	-32.940437	0.2840636	-359.4999	1219.0	0.99025	1.4524491	5.8311434e-05	1.0	-0.028652798	14.513057	0.18871076	0.03142423	-0.9720144	0.172975	-0.44451034	0.024560131	0.054259364	179.80844	-345.2079	2.9023676	-345.84485	2.81808	146.0	24253.148
147	11840000	1.5	0.014999999	-29.225842	0.18001059	-356.39194	1219.0	0.9117628	1.557831	5.1754563e-05	1.0	-0.017011724	14.5112505	0.12184585	0.042414546	-0.9721795	0.1954375	-0.26456833	0.02724389	0.019571897	157.2229	-341.1782	3.9338605	-341.6335	3.8445437	147.0	24410.535
148	11920000	1.5	0.014999999	-29.49115	0.09243417	-355.52332	1219.0	1.9712982	1.9213402	6.253342e-05	1.0	0.021094419	14.557823	0.18327771	0.027118552	-0.9723463	0.1619625	0.32981554	0.026027618	0.03047746	158.4752	-337.5043	5.274916	-338.12766	4.9971275	148.0	24567.768
149	12000000	1.5	0.014999999	-28.70085	0.16607061	-347.1273	1219.0	3.048084	1.1967318	3.5548186e-05	2.0	0.018958604	14.668388	0.24619277	0.02024213	-0.9725877	0.134575	0.30469084	0.01916764	0.056920465	145.22723	-334.2706	6.704627	-334.0702	6.537842	149.0	24724.594
