Epoch	TotalEnvInteracts	worker/CostLimit	worker/noise	learner/VVals	learner/CostVVals	worker/EpRet	worker/EpLen	worker/EpCost	learner/LossQ	learner/LossQC	learner/StopIter	learner/LossPi	learner/Lagrangian	learner/QcRet	learner/KL	learner/Entropy	learner/ClipFrac	learner/LossQcPenalty	learner/LossVallina	learner/LossVC	learner/LossV	Eval/NaturalReward	Eval/NaturalCost	Eval/AdvUniformReward	Eval/AdvUniformCost	worker/Epoch	worker/Time
0	80000	1.5	0.0	0.044043947	-0.025230868	-1880.5641	1219.0	467.7595	2.2547498	0.007139218	5.0	9.433151	48.189274	36.613464	0.020049023	0.9164323	0.2983625	463.8225	-0.0029413379	1391.1873	21004.785	-1673.0168	466.334	-1672.9971	466.33572	0.0	43.138103
1	160000	1.5	0.0	-60.23182	39.529705	-1683.2698	1219.0	463.13687	1.031938	0.0015298768	5.0	-0.09261167	48.64227	39.342354	0.015293657	0.91466814	0.25255	-4.7786703	-0.0025089253	8.939597	5624.822	-1486.0319	462.0002	-1485.9116	461.9933	1.0	86.827415
2	240000	1.5	0.0023027735	-126.11701	39.175644	-1508.1427	1219.0	457.45953	0.90521306	0.0008507987	6.0	-0.10350651	49.43417	39.09209	0.02127493	0.91374785	0.3297125	-5.4176354	0.0035513488	3.5677345	400.5522	-1268.3776	454.34033	-1268.6736	454.35016	2.0	130.1164
3	320000	1.5	0.004252031	-120.52571	38.990192	-1320.6978	1219.0	449.98083	0.886161	0.000565788	5.0	-0.19625562	50.028942	38.638187	0.015492232	0.9134864	0.247375	-10.155816	-0.005973669	3.6607063	385.44965	-1086.4072	442.60828	-1086.4148	442.60803	3.0	173.37794
4	400000	1.5	0.0059020403	-106.3205	38.47562	-1160.3396	1219.0	438.08862	0.8052987	0.0004546116	6.0	-0.3103233	50.146263	37.752712	0.021408185	0.91250235	0.32645	-16.123251	-0.007281781	5.8410645	294.00693	-869.936	421.81342	-869.99554	421.8375	4.0	216.73279
5	480000	1.5	0.0072987443	-93.333206	37.5413	-996.19934	1219.0	423.1994	0.75153506	0.00036364546	6.0	-0.3898097	49.92118	36.56941	0.020223899	0.9110757	0.3037875	-20.131184	-0.0107228905	9.024823	273.48514	-672.86865	385.69806	-672.9227	385.6171	5.0	260.25375
6	560000	1.5	0.008481027	-79.717316	36.218155	-845.35596	1219.0	402.82904	0.690305	0.0003055287	6.0	-0.4820231	49.10421	34.924397	0.01652117	0.9095878	0.249925	-24.440687	-0.013566734	13.510442	233.43053	-510.65164	316.0064	-511.00818	316.36563	6.0	303.66724
7	640000	1.5	0.009481809	-67.478065	34.39512	-722.92126	1219.0	377.41452	0.60950005	0.00024020599	8.0	-0.55958784	47.676216	32.793575	0.018431226	0.9066639	0.2667625	-27.51485	-0.012690495	17.827055	177.77895	-388.95212	145.24109	-388.91425	145.32964	7.0	347.24084
8	720000	1.5	0.010328949	-56.933273	31.361612	-598.18024	1219.0	326.62598	0.5514698	0.0001994051	15.0	-0.8652795	43.55411	28.543682	0.015953101	0.8978825	0.2348375	-39.090355	-0.012833471	29.42888	129.26283	-258.25067	55.335335	-258.3571	55.266632	8.0	392.17706
9	800000	1.5	0.011046043	-46.76291	25.541704	-500.12323	1219.0	242.83722	0.45430526	0.0001926788	149.0	-1.1728885	35.94228	21.351194	0.014213184	0.8033753	0.113375	-43.645058	-0.014089156	35.396347	64.10316	-41.2596	325.69012	-41.535297	325.60373	9.0	447.54965
10	880000	1.5	0.01165305	-39.091915	16.462803	-418.24844	1219.0	130.87238	0.33187923	0.00021571868	149.0	-1.3305559	25.251205	11.361343	0.006239321	0.7216515	0.062625	-35.032936	-0.007901422	35.544582	40.557583	-8.208614	332.46744	-8.263058	332.4649	10.0	502.9154
11	960000	1.5	0.012166867	-34.19896	9.97789	-388.8266	1219.0	103.355965	0.3080817	0.00032437235	149.0	-0.39156893	22.822596	8.477258	0.006887533	0.64285845	0.060025	-9.391347	-0.007711614	8.845184	19.754932	-6.8814254	332.57086	-6.8820167	332.57138	11.0	558.0909
12	1040000	1.5	0.012601807	-31.333319	6.9791126	-361.8776	1219.0	78.025116	0.2637855	0.00033647398	149.0	-0.20884709	20.513779	6.1483345	0.0068405527	0.5653333	0.05965	-4.5451336	-0.007830298	6.006181	15.994951	-6.0494814	332.6495	-6.1071486	332.6454	12.0	613.36554
13	1120000	1.5	0.012969971	-29.094156	5.020006	-337.00366	1219.0	60.3828	0.22571258	0.00022491002	149.0	-0.060737923	18.940413	4.7537017	0.006574013	0.48851255	0.0575625	-1.2533604	-0.0074389772	4.5067906	13.341341	-5.8817635	332.66687	-5.8969297	332.66745	13.0	668.62244
14	1200000	1.5	0.0132816145	-26.96735	3.786881	-314.9833	1219.0	46.34844	0.20044212	8.6123466e-05	149.0	-0.019618733	17.669617	3.6845293	0.004306875	0.42058995	0.0439875	-0.3811055	-0.00723217	3.6326013	11.001523	-5.4725475	332.70575	-5.4667683	332.70724	14.0	724.8661
15	1280000	1.5	0.013545423	-25.301529	3.217268	-297.33444	1219.0	40.066948	0.17679298	4.9282844e-05	149.0	0.022112584	17.163338	3.2903063	0.0051610027	0.35056207	0.0477625	0.38473302	-0.0067069726	3.4054577	9.633678	-35.58669	335.04282	-35.23197	334.93652	15.0	780.20935
16	1360000	1.5	0.013768726	-23.744379	2.895106	-276.2019	1219.0	36.307728	0.16062275	3.562732e-05	25.0	0.0683571	16.901056	3.1685903	0.015403623	0.3422678	0.052475	1.1864426	0.019707084	4.598882	9.248233	-271.14767	106.29509	-271.95096	106.757904	16.0	825.07416
17	1440000	1.5	0.013957752	-22.560362	3.3520777	-298.81226	1219.0	38.02742	0.19353017	3.659126e-05	3.0	0.008968458	17.185272	3.3729231	0.016559698	0.3412852	0.0605625	0.07568765	0.019753823	2.7287426	9.614136	-297.5644	57.463715	-297.57324	57.32358	17.0	868.31244
18	1520000	1.5	0.014117749	-24.094524	3.383518	-314.66895	1219.0	34.911186	0.23309056	4.602505e-05	2.0	-0.06761838	16.97471	3.0936832	0.020219577	0.34061715	0.062	-1.2420703	0.027059097	2.2760653	13.023538	-319.89236	30.6562	-319.64645	30.519808	18.0	911.3056
19	1600000	1.5	0.014253196	-25.487213	3.2008874	-332.94617	1219.0	33.136204	0.24453013	3.8819962e-05	149.0	-0.07710993	16.90422	2.872544	0.00830679	0.29509902	0.076675	-1.4095471	-0.009641196	2.3493302	19.437077	-256.43005	99.27372	-257.48724	99.26042	19.0	966.6541
20	1680000	1.5	0.014367847	-26.4787	2.043472	-306.3674	1219.0	21.749182	0.21805313	2.4741461e-05	64.0	-0.011860577	15.81777	2.0146055	0.015178183	0.28479195	0.0374625	-0.22788672	0.016079526	2.3065743	32.3499	-262.4835	115.055046	-262.3193	114.55916	20.0	1014.7719
21	1760000	1.5	0.014464887	-25.133884	1.9724758	-315.60278	1219.0	18.598862	0.23358738	1.5946998e-05	11.0	-0.057574052	15.559955	1.7371154	0.01647558	0.28359267	0.053475	-0.9923913	0.03119548	1.2496203	41.109833	-281.6484	105.538635	-281.36087	105.94772	21.0	1058.643
22	1840000	1.5	0.014547037	-25.70375	1.6414636	-328.88953	1219.0	13.5754795	0.23695607	1.6570815e-05	149.0	-0.09070987	15.098928	1.2660377	0.00065311266	0.26826236	0.005825	-1.4637129	0.0005270151	1.1102647	64.959206	-280.15082	112.25961	-279.70013	111.8132	22.0	1114.0339
23	1920000	1.5	0.014616577	-26.776674	1.2713135	-332.1166	1219.0	12.732987	0.25351918	1.8435203e-05	3.0	-0.02003229	15.048575	1.2026554	0.02317634	0.2679262	0.0650375	-0.36640522	0.038004212	0.5010396	59.984814	-306.00482	94.36478	-306.11246	94.26205	23.0	1157.2479
24	2000000	1.5	0.014675439	-27.186838	1.1080271	-351.62952	1219.0	6.539095	0.281239	2.20511e-05	2.0	-0.12541647	14.454206	0.5887716	0.01692225	0.26777864	0.0641	-1.976866	0.033577446	1.3171713	98.58994	-329.4102	78.590164	-329.4302	78.608826	24.0	1200.4309
25	2080000	1.5	0.014725265	-28.76302	0.5527607	-369.41467	1219.0	3.4795246	0.29788363	2.3341538e-05	149.0	-0.0668129	14.157532	0.28369057	0.0010623329	0.25436255	0.0131625	-1.0182973	0.0017270485	0.3953149	128.7017	-334.91977	69.10857	-335.1522	68.70155	25.0	1255.6296
26	2160000	1.5	0.014767439	-30.12012	0.2720205	-370.65833	1219.0	2.8362105	0.29994816	3.193321e-05	149.0	-0.011412699	14.100056	0.23302542	0.0009832717	0.23343848	0.006275	-0.17501171	-0.0006144322	0.060174342	119.39455	-335.9194	67.69741	-336.29025	67.476295	26.0	1310.9637
27	2240000	1.5	0.014803143	-30.3329	0.20493631	-369.19876	1219.0	2.0332983	0.2890087	2.5753903e-05	149.0	-0.01145047	14.020879	0.16580558	0.00059528206	0.22085759	0.006075	-0.17425066	0.0006720652	0.027556598	123.8865	-341.774	60.118786	-342.227	60.108833	27.0	1367.5552
28	2320000	1.5	0.014833362	-30.21668	0.17149769	-370.9411	1219.0	2.2387862	0.29509395	2.3427801e-05	149.0	0.00025412056	14.043086	0.17892565	0.0022849669	0.20776172	0.0243375	6.344567e-05	0.001341058	0.036402196	122.46151	-348.20972	45.51072	-349.82095	44.98444	28.0	1422.881
29	2400000	1.5	0.014858946	-30.32285	0.15776841	-374.27048	1219.0	1.8456653	0.31557408	3.096757e-05	149.0	-0.0033472104	14.005124	0.14903855	0.0005059624	0.20230722	0.00245	-0.050365582	-0.00043919255	0.04023842	125.07305	-347.11444	44.84039	-347.04645	44.724537	29.0	1478.3788
30	2480000	1.5	0.0148806	-30.669994	0.15431811	-372.42044	1219.0	1.6208518	0.29546666	3.2112264e-05	149.0	-0.004785337	13.991151	0.1388072	0.00084390485	0.18769479	0.00535	-0.07268485	3.916578e-05	0.036106978	116.81785	-346.9356	38.679413	-347.3307	38.201077	30.0	1533.7655
31	2560000	1.5	0.014898927	-30.433756	0.13338421	-371.59933	1219.0	1.5824094	0.29495376	2.7557258e-05	149.0	-0.0020265826	13.98012	0.12848805	0.00052924006	0.17473531	0.0013125	-0.030840231	1.6369677e-05	0.026843619	109.21956	-346.86526	35.558167	-346.90176	34.932636	31.0	1589.0795
32	2640000	1.5	0.014914451	-30.596594	0.12525988	-370.3464	1219.0	1.478813	0.2903623	2.491737e-05	149.0	-0.0022022554	13.973924	0.11903135	0.00086086214	0.15808477	0.006325	-0.033410985	-0.00087560975	0.025870914	109.01336	-346.42627	40.345615	-345.69702	40.03386	32.0	1644.2825
33	2720000	1.5	0.01492758	-30.584793	0.122995265	-368.48694	1219.0	1.4117633	0.28531855	2.570175e-05	149.0	-0.0026831666	13.973596	0.11455675	0.0007346691	0.1443609	0.00485	-0.040882483	-0.00036776837	0.0191901	103.18474	-347.94095	38.041378	-348.33057	38.453575	33.0	1700.0004
34	2800000	1.5	0.014938699	-30.341724	0.11651837	-369.7793	1219.0	1.5029175	0.3057374	2.7871825e-05	149.0	0.00075419765	13.973625	0.12273655	0.0005303639	0.12624753	0.00205	0.010254987	0.00012237253	0.02453219	103.21728	-347.8696	34.078648	-348.3038	33.95434	34.0	1755.4225
35	2880000	1.5	0.014948113	-30.316303	0.12073481	-369.00867	1219.0	1.4470116	0.26320505	2.2750333e-05	149.0	-0.0010223701	13.973311	0.11840376	0.000902378	0.109526515	0.0045625	-0.015697237	-0.0006170213	0.023786679	98.53925	-346.46048	28.061762	-348.03857	27.78977	35.0	1810.7446
36	2960000	1.5	0.014956073	-30.208838	0.11745537	-368.15677	1219.0	1.3545382	0.26464748	2.3390534e-05	149.0	-0.0018796385	13.972814	0.11135293	0.001070238	0.091376424	0.0061625	-0.02917676	-3.127861e-05	0.021675602	92.81927	-346.24277	28.613354	-347.28427	28.443977	36.0	1866.0101
37	3040000	1.5	0.01496282	-30.330107	0.109360635	-366.74664	1219.0	1.2705017	0.27585346	2.554025e-05	149.0	-0.0014978249	13.972068	0.104815625	0.0014418457	0.077768564	0.0083875	-0.02345055	0.00023042812	0.019128853	91.272385	-349.2909	19.712412	-349.19598	19.603394	37.0	1921.7296
38	3120000	1.5	0.0149685275	-29.67905	0.102266416	-367.49805	1219.0	1.2739652	0.27237505	2.2354832e-05	149.0	0.00039485208	13.971335	0.10579683	0.00066269294	0.061007027	0.0075125	0.0050078994	-0.00020852813	0.02040269	93.85568	-347.87167	18.689629	-347.43127	18.966434	38.0	1977.1414
39	3200000	1.5	0.014973358	-30.183338	0.10259972	-366.70935	1219.0	1.2514127	0.25996968	2.2208182e-05	149.0	3.9309467e-05	13.97053	0.10454175	0.0015415024	0.0400213	0.0091	-0.00031452428	-0.00042266437	0.019503655	95.57922	-347.09567	11.173512	-347.44073	10.734963	39.0	2032.7217
40	3280000	1.5	0.014977453	-30.000675	0.103674926	-365.91046	1219.0	1.2050828	0.25737715	2.4111683e-05	149.0	-0.0009744979	13.969591	0.100780584	0.0012326645	0.028067112	0.0059625	-0.014800456	-0.0005237581	0.017432464	97.92687	-347.56485	17.119898	-346.69534	17.040867	40.0	2088.0334
41	3360000	1.5	0.014980911	-31.138054	0.10119244	-364.50482	1219.0	1.1938989	0.2579084	2.0713414e-05	149.0	-0.0005802256	13.968618	0.0995888	0.0007322959	0.01330924	0.0060875	-0.009752185	0.00033676138	0.016619224	95.54238	-347.0049	13.8915615	-346.68018	13.766303	41.0	2143.6772
42	3440000	1.5	0.014983846	-29.362135	0.09867654	-365.0385	1219.0	1.1846828	0.24645706	1.7421233e-05	149.0	0.00015081766	13.967619	0.10047275	0.0015364302	-0.011363745	0.009125	0.0016149997	-0.00064356485	0.017383331	100.53824	-345.31512	19.067043	-345.69473	18.263216	42.0	2199.0444
43	3520000	1.5	0.014986322	-30.60261	0.09871207	-363.94876	1219.0	1.1678089	0.23585162	1.952207e-05	149.0	-0.0001384554	13.966571	0.09874724	0.0013658729	-0.036357284	0.0128375	-0.002658188	-0.00016194668	0.016015504	105.61285	-346.19382	22.26452	-346.4123	21.736696	43.0	2254.3215
44	3600000	1.5	0.0149884205	-30.426847	0.09666009	-363.56085	1219.0	1.1877474	0.23766491	1.8780953e-05	149.0	0.0010725905	13.9656	0.10205011	0.0009391342	-0.056674242	0.006225	0.015517694	-0.00018674726	0.016567297	110.23635	-345.57	19.335075	-345.73807	18.782495	44.0	2310.1023
45	3680000	1.5	0.0149901975	-30.546768	0.09907756	-362.3813	1219.0	1.1604267	0.22969294	2.0366982e-05	149.0	0.00019415711	13.964509	0.100552864	0.0006983073	-0.075130105	0.00245	0.002758991	-0.00034996806	0.014918648	110.67865	-345.86636	21.697342	-347.37186	21.538555	45.0	2365.567
46	3760000	1.5	0.0149917025	-30.648687	0.09857801	-361.52637	1219.0	1.1507354	0.23251648	1.840646e-05	149.0	0.00033177182	13.963409	0.10047287	0.0012998177	-0.08370376	0.0079125	0.0043160566	-0.0001952448	0.014835219	107.03507	-343.8757	17.59625	-344.33237	16.434935	46.0	2421.0244
47	3840000	1.5	0.014992981	-29.880219	0.09918765	-361.10703	1219.0	1.1081578	0.21901426	1.9327816e-05	149.0	-0.00048465407	13.962183	0.09766889	0.0015950154	-0.1019007	0.0166875	-0.007980134	-0.0007724329	0.013	106.8518	-343.90863	12.6585045	-343.75903	12.689739	47.0	2476.569
48	3920000	1.5	0.014994055	-29.650656	0.094462015	-359.75073	1219.0	1.0690393	0.20591179	1.763845e-05	149.0	-0.00021539693	13.960841	0.09382456	0.0005041152	-0.12368119	0.002675	-0.0034877793	-0.00036977846	0.0104273185	111.231575	-342.61716	15.0007715	-343.27295	14.399269	48.0	2532.0732
49	4000000	1.5	0.014994966	-29.777184	0.09174498	-360.11755	1219.0	1.0838243	0.22982936	2.04267e-05	149.0	0.0009072932	13.95956	0.095822446	0.0014388089	-0.15332961	0.0135625	0.01287587	-0.0006668357	0.011381768	119.353035	-343.15536	8.906029	-343.64832	8.422569	49.0	2587.4143
50	4080000	1.5	0.01499574	-29.529463	0.09420998	-359.05557	1219.0	1.0661508	0.21619943	1.5974716e-05	149.0	7.1348484e-05	13.958195	0.0949228	0.0016422186	-0.17457105	0.009025	0.000864704	-0.00055633165	0.01020375	127.259766	-342.96625	13.671571	-343.80115	13.69222	50.0	2643.8687
51	4160000	1.5	0.0149963945	-30.06385	0.09236087	-359.61978	1219.0	1.0750914	0.22775617	1.4788859e-05	149.0	0.0009864466	13.956879	0.0968734	0.0005695357	-0.18481216	0.00235	0.014437804	-0.00011620893	0.010896034	137.69853	-342.91443	10.7963915	-342.9571	10.590596	51.0	2699.4465
52	4240000	1.5	0.014996949	-29.62892	0.09517432	-360.11154	1219.0	1.0812789	0.21702388	1.6352133e-05	149.0	0.0011338192	13.955571	0.10057183	0.0014975559	-0.22044472	0.010675	0.016474823	-0.00045809173	0.011543279	140.26282	-342.39316	11.034066	-343.79327	10.2840605	52.0	2754.861
53	4320000	1.5	0.014997421	-30.794624	0.09015523	-359.18463	1219.0	1.0862321	0.20244542	1.4329637e-05	149.0	0.0032026763	13.954279	0.104327895	0.0014877677	-0.24372412	0.01035	0.047278926	-0.00017620475	0.01164375	146.09856	-342.1574	10.518056	-341.85617	10.90849	53.0	2810.321
54	4400000	1.5	0.014997812	-30.434553	0.09700599	-358.72253	1219.0	1.0532793	0.21342556	1.1523998e-05	149.0	0.0015678541	13.952886	0.10478411	0.001522312	-0.2650764	0.009175	0.022568768	6.4416025e-05	0.010797252	146.05734	-342.02237	13.239805	-341.95612	12.429259	54.0	2867.6094
55	4480000	1.5	0.014998151	-31.024343	0.09719149	-358.2806	1219.0	1.0535574	0.19916002	1.21650455e-05	149.0	0.0019368421	13.951499	0.1068293	0.0007916996	-0.27698848	0.006775	0.02858714	-7.33116e-05	0.011167469	147.01094	-342.93076	13.525652	-341.61343	13.276131	55.0	2923.434
56	4560000	1.5	0.014998434	-29.71408	0.10720128	-358.78577	1219.0	1.0967301	0.20101419	1.47382e-05	149.0	0.0016030541	13.950282	0.11577057	0.0011213582	-0.29823682	0.0066875	0.023290353	0.00015980707	0.0129112685	148.98065	-338.8531	17.102266	-338.4885	17.021742	56.0	2979.4111
57	4640000	1.5	0.0149986725	-30.824488	0.10744532	-356.93402	1219.0	1.051697	0.1904265	1.2053351e-05	149.0	9.802774e-05	13.948846	0.11003756	0.0020886264	-0.3179388	0.019925	0.00022029267	0.0001427865	0.010350344	148.48373	-342.03336	15.47122	-341.01025	15.964825	57.0	3034.858
58	4720000	1.5	0.014998881	-30.286053	0.11009935	-357.62	1219.0	1.0743377	0.19053426	1.2216525e-05	149.0	0.00069661665	13.947543	0.11499255	0.0019579006	-0.32299808	0.0182375	0.009718745	0.00025999182	0.011421646	146.88177	-341.90134	16.506046	-340.63278	16.987677	58.0	3090.388
59	4800000	1.5	0.014999048	-29.247543	0.11612757	-358.6605	1219.0	1.1002388	0.20480652	1.20071e-05	149.0	0.00089200115	13.946297	0.12211867	0.0025163456	-0.35522938	0.0181875	0.012301727	-2.1532058e-05	0.012960014	136.84164	-341.73788	16.694109	-341.08792	16.569252	59.0	3145.8083
60	4880000	1.5	0.014999196	-31.04899	0.11388338	-356.8684	1219.0	1.0959382	0.20190167	1.25411925e-05	149.0	0.00064657803	13.945008	0.119001634	0.001525348	-0.3870916	0.0102125	0.009027364	-0.00012333527	0.010745024	141.84094	-342.00552	15.526924	-341.7513	16.529238	60.0	3201.2295
61	4960000	1.5	0.014999316	-29.956312	0.11969668	-357.65683	1219.0	1.0872557	0.2005322	1.3536379e-05	149.0	-8.164234e-06	13.94372	0.12197652	0.0018909002	-0.41442636	0.014675	-0.0011600136	-0.00032772313	0.010871614	146.32512	-339.5996	19.90955	-340.09308	19.501333	61.0	3256.7979
62	5040000	1.5	0.014999421	-30.585104	0.12011386	-357.3617	1219.0	1.1222234	0.20253906	1.3979431e-05	149.0	0.00092571275	13.94257	0.12664907	0.0022570346	-0.44775674	0.0149625	0.013076088	-0.00018768522	0.011603999	149.10536	-341.36743	18.358442	-340.38986	18.221903	62.0	3312.3264
63	5120000	1.5	0.01499951	-30.18775	0.12663218	-358.16794	1219.0	1.1550298	0.19755201	1.3847219e-05	149.0	0.00085890474	13.941481	0.13296305	0.0010842073	-0.44493583	0.013275	0.0124075785	-0.00018568573	0.0121101765	149.48074	-342.55145	16.615559	-341.67908	16.654917	63.0	3367.7915
64	5200000	1.5	0.014999585	-28.0988	0.13494377	-358.7398	1219.0	1.1382977	0.19740078	1.3260275e-05	149.0	-0.0009931757	13.940311	0.13418421	0.0004567915	-0.44609404	0.0024375	-0.015044879	-0.000106417276	0.012775174	142.87822	-339.05884	19.096926	-340.0149	18.32129	64.0	3423.187
65	5280000	1.5	0.014999655	-29.322306	0.13169383	-358.07248	1219.0	1.1189648	0.19812378	1.9237643e-05	149.0	-0.0010696991	13.939117	0.13032907	0.0014540149	-0.47354552	0.0081875	-0.016465694	-0.0002253993	0.0110235335	143.01242	-338.69516	18.402288	-339.2605	17.62869	65.0	3478.7214
66	5360000	1.5	0.014999704	-29.153791	0.13207401	-358.2356	1219.0	1.1045085	0.19243684	1.5227191e-05	149.0	-0.0013457292	13.937881	0.12960866	0.001393039	-0.50239044	0.010325	-0.02069542	-0.00040689364	0.010622148	146.82828	-339.3923	16.970955	-340.33676	17.07355	66.0	3534.2734
67	5440000	1.5	0.014999748	-29.876198	0.1258159	-357.9998	1219.0	1.1464386	0.2032409	1.3659749e-05	149.0	0.001010327	13.93681	0.13292287	0.0025028186	-0.52732176	0.0231875	0.014318146	8.27549e-05	0.010536345	147.25655	-339.48273	17.46853	-339.3354	16.4653	67.0	3590.1846
68	5520000	1.5	0.014999791	-30.353643	0.13035022	-357.90417	1219.0	1.2259045	0.18479016	2.0562376e-05	149.0	0.0016417119	13.935969	0.14009047	0.0012117974	-0.545044	0.0092125	0.024172664	-0.00042637187	0.010813541	150.51582	-340.0936	16.645468	-339.3078	17.01935	68.0	3645.7192
69	5600000	1.5	0.01499982	-28.387478	0.14371364	-358.22336	1219.0	1.1441482	0.19391988	1.0844921e-05	149.0	-0.002598391	13.934772	0.13560477	0.0010135305	-0.5636883	0.0049625	-0.03944918	-0.00013524151	0.010065486	154.82982	-340.57623	16.492908	-340.5264	16.670464	69.0	3701.2473
70	5680000	1.5	0.014999851	-29.993769	0.13394858	-358.4123	1219.0	1.1998923	0.19807313	1.19955e-05	149.0	0.0009237816	13.933872	0.14109124	0.00062955014	-0.5754033	0.0026125	0.013490851	-0.0002686755	0.010353492	154.38239	-338.97617	17.417284	-338.46722	17.427551	70.0	3756.7393
71	5760000	1.5	0.014999868	-29.094597	0.14160706	-357.87943	1219.0	1.1806986	0.20460232	1.2312559e-05	149.0	-0.0012425474	13.932804	0.13948089	0.0002664022	-0.5722403	0.001025	-0.018656092	-0.00032037965	0.0095029175	151.23888	-341.3913	15.069578	-340.83716	15.225855	71.0	3812.215
72	5840000	1.5	0.014999894	-29.093832	0.14027296	-358.1619	1219.0	1.1837053	0.20993534	1.1058611e-05	149.0	-0.0004985078	13.931804	0.1413417	0.0007334108	-0.5882345	0.0012375	-0.007624073	-0.0003248496	0.009949602	149.02402	-343.8643	12.910382	-344.1357	13.312237	72.0	3867.8596
73	5920000	1.5	0.01499991	-28.041313	0.1528152	-361.27893	1219.0	1.2118961	0.20041582	1.2752064e-05	149.0	-0.0003148506	13.930908	0.15446253	0.0014041839	-0.60274595	0.0080875	-0.0056008734	-0.00064931373	0.01324276	162.2921	-343.58466	14.493366	-342.44574	14.327056	73.0	3924.1707
74	6000000	1.5	0.014999923	-29.636509	0.15805684	-361.6045	1219.0	1.2730916	0.20807894	1.556044e-05	149.0	0.0010600905	13.9302025	0.16621435	0.00077680737	-0.60292375	0.00755	0.015549109	-0.0005035311	0.014837555	160.75227	-341.65198	16.108652	-341.8528	15.487816	74.0	3979.7207
75	6080000	1.5	0.014999928	-29.39788	0.1654973	-360.90164	1219.0	1.2381579	0.19769385	1.1495281e-05	149.0	-0.0013646173	13.9293	0.16353604	0.0012601118	-0.6188492	0.0077	-0.020986006	-0.00019394245	0.013474947	157.78682	-341.84064	14.46339	-341.07504	14.429501	75.0	4035.197
76	6160000	1.5	0.014999942	-29.573757	0.15556304	-359.92902	1219.0	1.1917187	0.20640378	1.1356231e-05	149.0	-0.00077232183	13.928322	0.15569688	0.0006530221	-0.6276888	0.0044	-0.012194345	-0.00011540828	0.011151924	152.51054	-343.2432	11.704012	-343.04376	11.381788	76.0	4090.7397
77	6240000	1.5	0.014999954	-29.3966	0.1524389	-359.38675	1219.0	1.1770458	0.19732729	1.3996965e-05	149.0	-0.00016377056	13.9272995	0.1549107	0.0020703082	-0.64811516	0.0211375	-0.0032207188	-0.0002066967	0.011137625	148.53073	-342.78665	12.811548	-344.3214	12.6186075	77.0	4146.348
78	6320000	1.5	0.014999957	-29.412424	0.15563859	-360.1689	1219.0	1.1976349	0.20795015	1.3048981e-05	149.0	0.00037670322	13.926358	0.16020043	0.002319118	-0.6559458	0.0352125	0.0042910287	0.0010817272	0.011003429	147.3673	-340.38004	12.910188	-341.72803	12.410549	78.0	4201.7524
79	6400000	1.5	0.01499997	-30.061481	0.15378433	-358.92307	1219.0	1.2196145	0.21641842	1.1300581e-05	149.0	0.00040579747	13.925464	0.15870479	0.0011165084	-0.6681601	0.0109875	0.0054561226	-0.00042256564	0.010152106	147.54158	-341.7771	12.410465	-341.8783	12.61546	79.0	4257.894
80	6480000	1.5	0.014999973	-29.32996	0.1560379	-359.0567	1219.0	1.2707591	0.22033921	1.1560223e-05	149.0	0.00091660715	13.9247465	0.1632062	0.0005946945	-0.67945516	0.0045875	0.013456232	-2.300926e-05	0.01070491	140.49063	-340.82584	11.811136	-341.26855	11.276316	80.0	4313.538
81	6560000	1.5	0.014999973	-28.831327	0.16787499	-359.38907	1219.0	1.2276567	0.21562338	9.643173e-06	149.0	-0.0022606717	13.923823	0.16134663	0.0012378778	-0.6876093	0.0058625	-0.03423913	-0.0002496167	0.009904396	143.3971	-340.2678	13.660011	-340.49954	13.533618	81.0	4369.2837
82	6640000	1.5	0.014999983	-29.949003	0.1604506	-358.82794	1219.0	1.3783007	0.2315387	2.1115464e-05	149.0	0.0026457056	13.923544	0.17460895	0.0022372592	-0.7176968	0.0201875	0.038613934	-0.00019426574	0.011110718	142.5955	-339.4659	13.627395	-339.07892	13.236303	82.0	4424.756
83	6720000	1.5	0.014999985	-29.59886	0.17200693	-357.89343	1219.0	1.4457588	0.20737949	1.540501e-05	149.0	0.00040859508	13.923234	0.17644918	0.0014457433	-0.72812074	0.0111375	0.0052774223	-0.0003787735	0.010115039	140.98	-339.5404	13.414556	-339.8605	12.845843	83.0	4480.182
84	6800000	1.5	0.014999987	-28.911354	0.1810944	-358.2575	1219.0	1.3834127	0.20312159	1.4195815e-05	149.0	-0.0021861244	13.922754	0.17441699	0.00092227047	-0.7107658	0.004925	-0.033017628	-0.0002109169	0.0093220845	143.35413	-339.03375	12.59072	-340.3398	12.291902	84.0	4535.625
85	6880000	1.5	0.014999988	-28.413763	0.16869627	-357.85138	1219.0	1.3217692	0.20522454	1.8153782e-05	149.0	-0.00077422376	13.922159	0.16834368	0.0005712679	-0.6907863	0.003825	-0.012143567	-0.00023969488	0.009638256	136.93398	-338.64276	11.877567	-338.58102	11.702143	85.0	4591.2886
86	6960000	1.5	0.014999988	-28.547243	0.16535772	-357.46484	1219.0	1.2892591	0.20104818	1.5138576e-05	149.0	-0.001102771	13.921468	0.1634754	0.0003581159	-0.6983427	0.0033125	-0.016882319	-0.00042659492	0.009590499	133.0768	-338.71356	10.729851	-338.11465	10.5368805	86.0	4646.753
87	7040000	1.5	0.014999988	-28.603485	0.165736	-357.86935	1219.0	1.2037264	0.2096643	1.6532746e-05	78.0	-0.0024123725	13.920525	0.158057	0.020253262	-0.7097407	0.1475125	-0.041029666	0.014775056	0.009087354	132.1172	-334.433	13.50692	-334.34702	13.367289	87.0	4696.2935
88	7120000	1.5	0.014999988	-30.949821	0.1353016	-353.58502	1219.0	1.7869736	0.24248862	1.3945455e-05	149.0	0.010740404	13.947867	0.1834244	0.0026463221	-0.7291841	0.0251125	0.15892261	-0.0002684334	0.024876349	137.34203	-335.76236	11.7553625	-336.20276	11.9615345	88.0	4751.791
89	7200000	1.5	0.014999988	-29.003431	0.18994662	-354.28394	1219.0	1.759269	0.23666199	1.334188e-05	28.0	-0.002122166	13.945262	0.18201514	0.02725256	-0.73926646	0.1645625	-0.034395393	0.022806821	0.01351326	125.72385	-340.03113	10.117485	-340.45685	9.853413	89.0	4797.0737
90	7280000	1.5	0.014999999	-26.478888	0.19988112	-358.4782	1219.0	1.2634913	0.23786183	1.574379e-05	149.0	-0.009165871	13.921233	0.16266745	0.00021760917	-0.7277782	0.0015	-0.13702074	-0.00012390327	0.014102406	156.6158	-340.24808	10.557542	-341.26663	10.196616	90.0	4852.6255
91	7360000	1.5	0.014999999	-28.2752	0.1649364	-358.881	1219.0	1.2419523	0.27107182	1.5555e-05	149.0	-6.70267e-05	13.920403	0.16733247	0.0015962016	-0.7474544	0.016575	-0.0016923536	-0.00021641016	0.009118808	134.52989	-341.52634	8.730602	-342.1412	9.154968	91.0	4908.4683
92	7440000	1.5	0.014999999	-29.008562	0.16453642	-358.25226	1219.0	1.1916865	0.23554996	1.654577e-05	149.0	-0.001232318	13.919424	0.16218767	0.0057208473	-0.74917024	0.075475	-0.019349372	0.0040491517	0.008106554	134.00143	-338.24554	10.75029	-339.5011	10.302999	92.0	4964.152
93	7520000	1.5	0.014999999	-29.517109	0.15944405	-356.61737	1219.0	1.2931254	0.23340526	1.405848e-05	149.0	0.0010221148	13.918845	0.1666888	0.0009393732	-0.75616574	0.0052875	0.014531552	-0.00031632395	0.008391144	133.54231	-340.90714	9.03235	-340.09357	9.083161	93.0	5019.7324
94	7600000	1.5	0.014999999	-28.610434	0.16295475	-357.06512	1219.0	1.2469082	0.2469842	1.2694922e-05	149.0	-0.0009241069	13.917929	0.16151942	0.00017531088	-0.74658	0.0003875	-0.013883834	-0.00037567443	0.007575688	129.62224	-340.69748	9.00655	-340.85178	9.2183	94.0	5075.221
95	7680000	1.5	0.014999999	-28.869621	0.16004543	-357.08432	1219.0	1.2792674	0.27053055	1.8891586e-05	149.0	0.0010037242	13.917239	0.16633423	0.001030597	-0.7234716	0.0059	0.014399106	-0.00037393704	0.007949308	127.89012	-339.54205	8.680939	-339.58954	8.152506	95.0	5130.766
96	7760000	1.5	0.014999999	-28.158003	0.16262625	-357.01218	1219.0	1.2860018	0.25197113	1.5576243e-05	149.0	0.00088241254	13.916514	0.16860132	0.001959527	-0.7548616	0.0120875	0.012078747	-0.00044557886	0.009101545	123.42839	-339.3864	6.5663	-340.0079	6.4570656	96.0	5186.555
97	7840000	1.5	0.014999999	-29.287424	0.17174585	-356.93814	1219.0	1.248967	0.2552791	1.4987146e-05	149.0	-0.0019334747	13.915698	0.16560294	0.0011294084	-0.77295566	0.010975	-0.029298404	-0.00038725196	0.007991832	129.69635	-340.14142	5.417192	-341.1852	5.0484962	97.0	5242.295
98	7920000	1.5	0.014999999	-28.83735	0.16479655	-356.97668	1219.0	1.2255709	0.2673155	2.8324841e-05	149.0	-0.0002903243	13.914819	0.16589068	0.0010646054	-0.78738236	0.0063125	-0.0048343595	-0.00044590913	0.007601721	127.45824	-339.95016	4.8239646	-339.91348	4.9522805	98.0	5297.716
99	8000000	1.5	0.014999999	-28.518934	0.1584746	-356.481	1219.0	1.2287493	0.27351028	1.9174619e-05	149.0	0.00019470749	13.913952	0.16184498	0.0006603212	-0.7969962	0.0036375	0.002408465	-0.00036384354	0.007789923	123.06671	-339.54208	4.506495	-339.6076	4.195286	99.0	5353.3037
100	8080000	1.5	0.014999999	-29.138063	0.15778732	-356.1289	1219.0	1.3256986	0.25308958	1.527716e-05	9.0	0.0014564705	13.913462	0.16634858	0.015178004	-0.79771394	0.1454125	0.01992248	0.011949259	0.00895914	121.30007	-342.31006	2.795373	-341.92383	2.6752756	100.0	5397.054
101	8160000	1.5	0.014999999	-26.807037	0.1784775	-359.1955	1219.0	1.0891374	0.25052077	9.262769e-06	149.0	-0.0035063778	13.912085	0.16562979	0.0011871632	-0.8059607	0.0087375	-0.052879475	-0.0003437253	0.0097767	136.0474	-341.71646	2.7321799	-341.5911	2.793259	101.0	5452.6113
102	8240000	1.5	0.014999999	-29.356585	0.16357075	-358.47574	1219.0	1.134445	0.26216513	1.01704745e-05	149.0	0.00078224996	13.91098	0.16986093	0.001248046	-0.80876344	0.0110375	0.01140206	-2.148323e-05	0.008653946	123.705635	-342.40396	2.9388423	-341.61646	2.6202557	102.0	5508.489
103	8320000	1.5	0.014999999	-28.920462	0.17411338	-359.01474	1219.0	1.1546655	0.3027843	1.7451586e-05	129.0	0.0002648635	13.909867	0.17815447	0.017208062	-0.81922716	0.1335875	0.003234506	0.013667331	0.0086407205	124.98615	-339.5135	3.5586224	-338.39243	3.2775853	103.0	5562.391
104	8400000	1.5	0.014999999	-29.951452	0.15684506	-356.20508	1219.0	1.32228	0.29954308	1.3983701e-05	149.0	0.0029466993	13.909419	0.17232038	0.00033956303	-0.80863947	0.0013625	0.0436909	-0.00035908443	0.011619866	126.941185	-338.78186	3.9944127	-338.19528	3.654409	104.0	5617.994
105	8480000	1.5	0.014999999	-29.345024	0.16913983	-355.53326	1219.0	1.4650005	0.31478602	1.8212706e-05	10.0	0.0017716412	13.909223	0.17882958	0.01991966	-0.80842215	0.133475	0.024898112	0.014015765	0.011572954	119.06158	-342.42218	2.8228602	-342.2037	2.8033948	105.0	5661.84
106	8560000	1.5	0.014999999	-26.660122	0.19592679	-359.28363	1219.0	1.2071726	0.28536052	1.5095189e-05	149.0	-0.0028470068	13.90815	0.18559949	0.00108833	-0.83880705	0.0078	-0.0430846	-0.00016033559	0.012283201	134.50667	-342.3364	2.4883664	-341.95795	2.387726	106.0	5717.283
107	8640000	1.5	0.014999999	-29.01841	0.18743753	-359.3773	1219.0	1.1687564	0.28204975	1.1219953e-05	149.0	-0.001266621	13.907103	0.18479878	0.00047727046	-0.83424276	0.003275	-0.019005977	-0.0001189909	0.009011786	122.349464	-343.07828	2.164219	-342.73322	2.2903	107.0	5772.852
108	8720000	1.5	0.014999999	-28.318247	0.18790391	-359.93396	1219.0	1.1255285	0.33015916	1.1664901e-05	149.0	-0.00043011067	13.905928	0.18901753	0.0023688916	-0.83978564	0.025425	-0.0068523283	0.00041513014	0.009078726	122.824066	-342.82297	2.7383876	-341.3555	2.4028106	108.0	5828.7036
109	8800000	1.5	0.014999999	-29.32325	0.18751994	-359.6829	1219.0	1.1929595	0.3342468	1.4605144e-05	149.0	0.001485132	13.905019	0.19699475	0.0013982399	-0.8476477	0.009525	0.021483628	1.8865205e-05	0.009764375	120.683426	-343.0978	2.295611	-343.46814	2.40179	109.0	5884.2744
110	8880000	1.5	0.014999999	-28.497715	0.19416277	-359.93604	1219.0	1.1669079	0.30973157	3.197511e-05	149.0	0.0006641535	13.9039	0.19989888	0.009277027	-0.8668614	0.083175	0.008743385	0.0059809675	0.009569877	120.363434	-341.28445	2.498829	-340.43887	2.463681	110.0	5939.627
111	8960000	1.5	0.014999999	-29.697027	0.1862701	-357.7427	1219.0	1.2342906	0.29762235	1.1772971e-05	70.0	0.00046048922	13.903114	0.19123258	0.01809394	-0.8689309	0.13185	0.005107134	0.013765973	0.009875721	119.69077	-337.75616	3.2968318	-337.19202	3.137269	111.0	5988.4717
112	9040000	1.5	0.014999999	-30.318941	0.1683334	-354.30826	1219.0	1.6143576	0.35394818	1.5221599e-05	149.0	0.004623063	13.912682	0.19043775	0.0010545946	-0.8963938	0.0058125	0.068298794	-0.00016167994	0.016774127	122.54488	-337.67712	3.315433	-338.33737	3.2411997	112.0	6044.125
113	9120000	1.5	0.014999999	-28.730581	0.19126159	-354.07425	1219.0	1.5841819	0.33278313	3.3863456e-05	149.0	-0.0013935606	13.909514	0.1871815	0.005108768	-0.92866904	0.040075	-0.022662926	0.0010109994	0.0118844705	110.51269	-338.1571	3.7121665	-338.8962	3.6675088	113.0	6099.7324
114	9200000	1.5	0.014999999	-29.223665	0.18803255	-355.49512	1219.0	1.7654109	0.32347745	2.7200445e-05	11.0	0.0042904234	13.928259	0.20749931	0.016445009	-0.93289006	0.1154625	0.06188047	0.0134184295	0.014567749	110.9722	-340.58606	2.8804538	-340.89578	2.7600558	114.0	6143.5854
115	9280000	1.5	0.014999999	-27.512526	0.22070964	-358.72632	1219.0	1.4092942	0.3374637	1.734324e-05	70.0	-0.0039332192	13.903878	0.20543909	0.015754277	-0.94303125	0.1564	-0.05919133	0.013769071	0.01240072	123.26443	-342.4884	1.9102397	-343.3571	1.8009092	115.0	6192.6206
116	9360000	1.5	0.014999999	-27.175365	0.21569678	-360.2096	1219.0	1.1485584	0.32322508	2.0108466e-05	149.0	-0.0031684234	13.902772	0.20434777	0.0011741421	-0.95065314	0.00505	-0.047518816	-0.0006939352	0.011182036	128.6525	-342.08768	2.2371786	-342.60422	2.0914526	116.0	6248.132
117	9440000	1.5	0.014999999	-29.420671	0.20211783	-360.37997	1219.0	1.2197961	0.34965128	1.0630641e-05	149.0	0.0022221103	13.901946	0.21413074	0.0017032794	-0.96103966	0.013075	0.032700334	1.035757e-05	0.009031636	117.289185	-341.73956	1.9974265	-341.65994	1.9176885	117.0	6303.5474
118	9520000	1.5	0.014999999	-28.77377	0.21220516	-360.24152	1219.0	1.1685808	0.38986728	1.0513848e-05	34.0	-0.00027450494	13.900828	0.21361624	0.023373444	-0.9690027	0.1463625	-0.0071852584	0.01687081	0.00833348	115.03849	-338.71036	2.7540169	-340.0964	2.680825	118.0	6349.314
119	9600000	1.5	0.014999999	-30.673506	0.19331013	-356.5095	1219.0	1.4440033	0.3704923	1.53364e-05	145.0	0.0020654555	13.9008665	0.2046653	0.016881103	-0.96301556	0.1178375	0.029658008	0.012360883	0.012840613	123.83118	-335.65857	3.6975632	-337.25406	3.7232196	119.0	6404.3643
120	9680000	1.5	0.014999999	-29.267818	0.18349698	-353.93335	1219.0	1.8467264	0.33687958	1.2769537e-05	62.0	0.0053622224	13.933824	0.20840044	0.017441103	-0.990696	0.1176	0.07828773	0.010943444	0.01929097	110.881676	-333.30057	4.802519	-333.25882	4.537216	120.0	6452.535
121	9760000	1.5	0.014999999	-29.984219	0.19973245	-351.65787	1219.0	2.5797577	0.37672463	2.1394033e-05	149.0	0.009557438	14.009462	0.24194385	0.0016473377	-1.0012378	0.011225	0.14226654	-0.0003425419	0.04062398	107.518875	-333.04025	4.444473	-333.74817	4.707202	121.0	6508.2847
122	9840000	1.5	0.014999999	-28.630716	0.23790088	-351.44733	1219.0	2.5897083	0.41492653	2.1546488e-05	60.0	-0.0004430137	14.012881	0.23688275	0.020604819	-0.9892188	0.133875	-0.011221284	0.015478208	0.031095276	100.57493	-336.5967	3.1336882	-337.32892	3.2157516	122.0	6556.4824
123	9920000	1.5	0.014999999	-26.590446	0.23909885	-355.41534	1219.0	1.8590076	0.3571714	1.46187285e-05	149.0	-0.0059831277	13.941901	0.21452107	0.0024741297	-0.99831975	0.024875	-0.09100631	0.00013826096	0.019849004	114.730316	-336.1281	2.9410298	-336.21255	2.9098177	123.0	6612.312
124	10000000	1.5	0.014999999	-28.602543	0.21100679	-354.81223	1219.0	1.8528731	0.37407413	2.7888562e-05	108.0	0.0003157961	13.942272	0.2136738	0.016927367	-1.0135955	0.1576375	-0.00018288581	0.012766223	0.0149126705	101.8705	-338.50687	2.0282092	-338.41376	1.8873985	124.0	6664.299
125	10080000	1.5	0.014999999	-27.63405	0.22560845	-357.05762	1219.0	1.415034	0.36447424	1.4303898e-05	149.0	-0.0043585408	13.909472	0.20846763	0.0015958722	-1.0289983	0.0093625	-0.06559657	-0.0005411711	0.013755896	117.35227	-339.87442	2.1137214	-340.2031	2.0196986	125.0	6719.858
126	10160000	1.5	0.014999999	-28.855112	0.21665066	-358.59003	1219.0	1.3967272	0.37364754	2.0918626e-05	79.0	0.001661566	13.909099	0.2258736	0.018589167	-1.0329629	0.119275	0.022360444	0.014460384	0.010981735	107.80357	-342.4705	1.8266152	-342.37466	1.847784	126.0	6769.606
127	10240000	1.5	0.014999999	-28.127995	0.24605516	-361.1446	1219.0	1.2150605	0.3838295	5.2984564e-05	10.0	-0.00072560325	13.908189	0.24528098	0.017736362	-1.0378484	0.118775	-0.012857975	0.013773103	0.013338954	119.767975	-339.58105	2.1965444	-339.39835	2.120953	127.0	6813.671
128	10320000	1.5	0.014999999	-30.175259	0.22366221	-358.25565	1219.0	1.3523121	0.47250137	5.1395524e-05	44.0	0.00039769395	13.907821	0.22777295	0.015408552	-1.0593406	0.12635	0.0035138542	0.010278047	0.010768467	115.1256	-337.12677	2.845947	-337.3509	2.8395197	128.0	6860.3506
129	10400000	1.5	0.014999999	-30.001888	0.21096845	-355.89468	1219.0	1.6604049	0.41196316	2.3785988e-05	149.0	0.002725729	13.921919	0.22466712	0.0016876766	-1.0834988	0.0092125	0.040296987	-0.00040532555	0.014299885	111.308075	-337.12753	2.984686	-337.40408	2.8961046	129.0	6915.9644
130	10480000	1.5	0.014999999	-29.49579	0.22799051	-355.41043	1219.0	1.7127863	0.42895135	1.8665949e-05	149.0	-0.00020544016	13.927387	0.22851776	0.001236196	-1.1063489	0.006775	-0.0035396363	-0.0002208684	0.011086119	107.21474	-336.90222	3.1507623	-337.86505	3.1678467	130.0	6971.523
131	10560000	1.5	0.014999999	-29.24035	0.23090886	-355.03644	1219.0	1.7858272	0.40073156	1.4493201e-05	149.0	1.4882895e-05	13.935377	0.23246895	0.0022892994	-1.0972148	0.0322375	-0.00057795335	0.0009630203	0.010841613	105.2565	-335.83212	3.2337565	-336.98508	3.0975688	131.0	7027.106
132	10640000	1.5	0.014999999	-28.675346	0.21992624	-354.24426	1219.0	1.9222298	0.45446602	1.3185719e-05	149.0	0.0025622754	13.950052	0.23212686	0.0022863038	-1.1186277	0.0136125	0.03703814	-0.00041861774	0.014348288	102.55665	-336.41083	2.7163506	-337.289	2.659948	132.0	7082.5806
133	10720000	1.5	0.014999999	-28.663694	0.236852	-354.94986	1219.0	1.6994194	0.4571244	1.3242176e-05	11.0	-0.004201629	13.928496	0.22021194	0.020097079	-1.1199771	0.145025	-0.06406958	0.015368234	0.011605957	107.64389	-339.1771	2.0264728	-339.94193	1.8981471	133.0	7127.2705
134	10800000	1.5	0.014999999	-27.35155	0.23187049	-357.79166	1219.0	1.3596584	0.45708504	1.4039566e-05	73.0	0.0001765578	13.9106455	0.23402165	0.020227699	-1.1347038	0.1488375	0.0018502856	0.016870461	0.013011987	117.883835	-341.58783	1.5931419	-341.76154	1.5343039	134.0	7176.3833
135	10880000	1.5	0.014999999	-27.952206	0.25213325	-360.34546	1219.0	1.1803278	0.5198665	3.7576385e-05	149.0	0.0011544264	13.909634	0.25893092	0.0016973423	-1.1442884	0.0120375	0.016500968	0.0002859499	0.013054172	115.97411	-340.56183	1.7146242	-340.72113	1.6332798	135.0	7232.0625
136	10960000	1.5	0.014999999	-29.75516	0.253033	-359.44302	1219.0	1.2073785	0.47659215	2.2691396e-05	2.0	0.00026701778	13.908727	0.25599545	0.02670378	-1.1441994	0.1549125	0.0017350704	0.018580727	0.008262436	107.44441	-337.40475	2.2979276	-337.15472	2.3505626	136.0	7275.267
137	11040000	1.5	0.014999999	-30.314209	0.22792	-355.8068	1219.0	1.5048045	0.44828445	1.540664e-05	62.0	0.00086052	13.908939	0.23336114	0.016730279	-1.1751539	0.128475	0.013156399	0.011620569	0.013139151	112.28725	-339.8191	1.8345865	-339.55493	1.9389839	137.0	7323.6084
138	11120000	1.5	0.014999999	-28.138624	0.24939986	-358.39084	1219.0	1.2729673	0.47018307	1.3774571e-05	15.0	0.0008866347	13.9079075	0.25452107	0.021481106	-1.1805001	0.1267375	0.010350152	0.016682616	0.012171393	108.99507	-336.93936	2.2642157	-338.28564	2.421665	138.0	7367.8755
139	11200000	1.5	0.014999999	-29.944294	0.2298951	-355.84433	1219.0	1.5728167	0.47842702	1.6287438e-05	76.0	0.001759843	13.913249	0.2389809	0.016340286	-1.1861418	0.1617875	0.02416331	0.01375173	0.013265338	105.884384	-338.5527	1.6283172	-338.56323	1.5666955	139.0	7417.4375
140	11280000	1.5	0.014999999	-27.767244	0.25251505	-357.49008	1219.0	1.253123	0.47036982	5.0211453e-05	2.0	-0.0012983738	13.907257	0.24822906	0.021344671	-1.1861249	0.1465125	-0.01873467	0.017184699	0.0121028805	111.83874	-341.2239	1.3570805	-341.52988	1.4147713	140.0	7460.8057
141	11360000	1.5	0.014999999	-27.939734	0.2736678	-360.111	1219.0	1.097719	0.43564576	1.6123866e-05	39.0	0.0027585262	13.906	0.28690177	0.015556945	-1.1969672	0.1182125	0.038842604	0.011668799	0.014558673	113.92119	-339.23932	1.5655491	-340.41354	1.6180062	141.0	7507.386
142	11440000	1.5	0.014999999	-30.057272	0.2644007	-358.48907	1219.0	1.2371839	0.4761517	1.1908924e-05	8.0	0.0017131955	13.9052925	0.27274308	0.015759816	-1.1995353	0.1397	0.024105636	0.01189597	0.010817501	107.067986	-337.34244	2.0166504	-337.45078	1.976676	142.0	7551.1143
143	11520000	1.5	0.014999999	-30.160666	0.24962905	-356.2538	1219.0	1.4707955	0.48608893	1.5294594e-05	14.0	0.00089466653	13.905231	0.25459635	0.015104241	-1.2020277	0.1379625	0.011655876	0.011715529	0.013074855	106.239975	-335.2869	2.6504173	-336.11185	2.5211687	143.0	7595.847
144	11600000	1.5	0.014999999	-29.847485	0.2358423	-354.22552	1219.0	1.8478805	0.4991687	1.8037364e-05	1.0	0.0020692188	13.93832	0.24565789	0.01684027	-1.2020658	0.134675	0.029333511	0.013437441	0.017459074	103.31925	-332.86417	3.5992563	-333.15182	3.76868	144.0	7639.008
145	11680000	1.5	0.014999999	-29.790834	0.22953334	-351.64185	1219.0	2.4627357	0.5431909	3.6653124e-05	1.0	0.0046539563	14.001884	0.2502937	0.01918438	-1.2021173	0.1433125	0.07047842	0.015526613	0.03149795	101.869385	-330.21542	5.023781	-330.7862	4.66731	145.0	7682.1157
146	11760000	1.5	0.014999999	-29.899	0.24337435	-348.6809	1219.0	3.4672618	0.5953118	2.8788316e-05	6.0	0.009734361	14.106947	0.28591052	0.021451363	-1.2025641	0.1186	0.14131613	0.015669199	0.059289284	102.98407	-333.3824	3.853599	-334.02914	3.5507271	146.0	7725.7383
147	11840000	1.5	0.014999999	-27.388546	0.28577664	-351.9297	1219.0	2.526555	0.7222493	2.3438935e-05	26.0	-0.014831386	14.016273	0.2234052	0.0150541	-1.2059797	0.146175	-0.22882448	0.013568056	0.034211807	103.5659	-335.5079	2.891882	-336.16037	2.7525282	147.0	7771.4736
148	11920000	1.5	0.014999999	-27.906305	0.22727783	-354.0915	1219.0	1.9884869	0.5775553	2.1263078e-05	149.0	-0.0013386345	13.964657	0.22213794	0.00088249176	-1.2245318	0.003625	-0.020951519	-0.00018858814	0.018068992	104.7611	-336.2436	2.4852755	-336.87164	2.5603547	148.0	7827.0967
149	12000000	1.5	0.014999999	-28.478012	0.22511467	-355.2167	1219.0	1.7232094	0.5962569	2.1458007e-05	50.0	0.0006846216	13.939122	0.22857277	0.021892285	-1.2195112	0.1514625	0.009539384	0.017441735	0.0127250515	97.7427	-333.6813	3.3805318	-335.1096	3.1285212	149.0	7874.4673
