Epoch	TotalEnvInteracts	worker/CostLimit	worker/noise	learner/VVals	learner/CostVVals	worker/EpRet	worker/EpLen	worker/EpCost	learner/LossQ	learner/LossQC	learner/StopIter	learner/LossPi	learner/Lagrangian	learner/QcRet	learner/KL	learner/Entropy	learner/ClipFrac	learner/LossQcPenalty	learner/LossVallina	learner/LossKLAdv	learner/LossVC	learner/LossV	Eval/NaturalReward	Eval/NaturalCost	Eval/AdvUniformReward	Eval/AdvUniformCost	worker/Epoch	worker/Time
0	80000	1.5	0.0	0.08373152	0.047062233	-1819.8579	1219.0	466.03638	2.1176486	0.006087734	4.0	9.382365	48.01288	36.526356	0.016088296	0.9209232	0.243375	459.4817	0.023886459	2.9280483e-07	1380.089	19699.197	-2001.274	471.72156	-2001.2899	471.72092	0.0	45.040863
1	160000	1.5	0.0	-57.077793	38.78613	-1990.0305	1219.0	469.56067	1.241079	0.0009397479	14.0	0.21636294	49.299206	39.69489	0.015559154	0.92805666	0.2583375	10.77515	-0.0018342049	2.7347994e-08	6.7584724	10285.072	-1808.333	468.835	-1808.343	468.83548	1.0	92.37438
2	240000	1.5	0.0023027735	-148.6748	39.59882	-1810.9794	1219.0	466.2629	1.1838238	0.00037344304	8.0	-0.027368797	50.348648	39.6864	0.015049504	0.93102175	0.24145	-1.426075	-0.0007796429	2.1017759e-06	1.7658197	497.40134	-1621.499	465.26678	-1621.4735	465.2588	2.0	138.02528
3	320000	1.5	0.004252031	-145.3557	39.619167	-1640.4248	1219.0	462.1177	1.1466122	0.00026015268	8.0	-0.104431726	51.315403	39.496193	0.016564254	0.93180174	0.25925	-5.56662	-0.0038613197	8.2669485e-06	1.6952676	432.97205	-1427.1731	460.31918	-1427.3785	460.3248	3.0	184.62062
4	400000	1.5	0.0059020403	-132.94829	39.423176	-1468.3402	1219.0	456.3017	1.1116288	0.00022489604	7.0	-0.16728552	52.08752	39.133957	0.019991048	0.9329539	0.2985625	-9.039019	-0.005104585	1.4431894e-05	2.451414	352.9356	-1221.2382	451.95993	-1221.2172	451.94427	4.0	230.05518
5	480000	1.5	0.0072987443	-119.24881	39.00995	-1281.8097	1219.0	446.87988	1.0187442	0.00021917112	6.0	-0.25472888	52.47901	38.445286	0.019140791	0.9337025	0.3014625	-13.793691	-0.008680848	1.9518116e-05	4.0561914	351.11154	-1013.0228	436.4403	-1013.1791	436.45883	5.0	275.2441
6	560000	1.5	0.008481027	-104.03476	38.23966	-1104.8812	1219.0	434.3105	0.96883565	0.00018000088	6.0	-0.31881943	52.52608	37.458786	0.02113563	0.93230146	0.3243125	-17.323895	-0.010512688	4.219812e-05	5.9277906	332.7592	-792.74976	411.94638	-792.88086	411.91275	6.0	321.97934
7	640000	1.5	0.009481809	-89.13732	37.040462	-935.4722	1219.0	417.08542	0.8995063	0.00016695063	6.0	-0.35976002	52.04532	36.06679	0.019325243	0.93011767	0.3067	-19.410023	-0.0117410505	4.2495158e-05	6.834353	298.68057	-595.0222	360.31705	-594.97174	360.19818	7.0	367.23627
8	720000	1.5	0.010328949	-74.986694	35.299232	-792.0076	1219.0	393.2178	0.7676077	0.00016328995	6.0	-0.40680826	50.8403	34.065845	0.015169036	0.9269467	0.2327875	-21.496162	-0.014047075	3.4866625e-05	8.077695	222.30914	-454.79828	253.12941	-454.76492	253.08951	8.0	412.5211
9	800000	1.5	0.011046043	-62.915287	32.665226	-672.0605	1219.0	359.67593	0.6804929	0.0001582338	9.0	-0.44373494	48.521286	31.212982	0.0156769	0.92044735	0.25195	-22.526335	-0.013415103	1.8229392e-05	9.67318	151.42899	-337.9207	71.27749	-338.00812	71.12352	9.0	458.2746
10	880000	1.5	0.01165305	-52.893444	28.492054	-565.2275	1219.0	304.29993	0.608599	0.00021350678	28.0	-0.5655089	43.930313	26.460178	0.015236879	0.8956738	0.1840875	-25.959272	-0.01562103	7.9717466e-07	12.938755	98.92123	-188.64485	169.05351	-188.32437	169.4163	10.0	508.1759
11	960000	1.5	0.012166867	-43.677776	20.219254	-461.67526	1219.0	190.2906	0.48302108	0.000269774	149.0	-0.974311	33.156273	16.452242	0.011109401	0.7950755	0.089675	-33.50282	-0.009796482	6.3823027e-09	22.42701	55.851364	-32.800537	333.53812	-33.065746	333.58914	11.0	582.3903
12	1040000	1.5	0.012601807	-37.056305	12.880943	-414.81888	1219.0	128.09389	0.37133718	0.00031178351	149.0	-0.5388731	27.398506	10.736089	0.00752695	0.7107095	0.0674875	-15.386195	-0.008693071	4.1219322e-10	10.4184	25.924738	-7.293863	332.53653	-7.331372	332.53296	12.0	656.63727
13	1120000	1.5	0.012969971	-33.523026	8.653396	-379.895	1219.0	95.43975	0.33389184	0.00045681442	149.0	-0.21236116	24.420164	7.798507	0.0060604387	0.6302617	0.0605625	-5.4949584	-0.0077987853	6.5783684e-11	4.897739	20.769388	-5.9460096	332.66013	-5.922173	332.6618	13.0	731.1069
14	1200000	1.5	0.0132816145	-30.567308	6.2011824	-351.31555	1219.0	71.721146	0.28830257	0.0004232091	149.0	-0.07597682	22.30257	5.9143515	0.006326245	0.5515867	0.0582875	-1.8352783	-0.00755793	9.786164e-12	4.221247	15.219058	-4.626649	332.77618	-4.58061	332.7832	14.0	805.48083
15	1280000	1.5	0.013545423	-28.28476	4.7756324	-329.73645	1219.0	54.44318	0.25030664	0.00014627582	149.0	-0.07380283	20.710718	4.476913	0.006234244	0.47450688	0.0565875	-1.632277	-0.007438106	1.1991163e-12	3.006404	11.430353	-3.6759677	332.8953	-3.6737096	332.8943	15.0	879.81885
16	1360000	1.5	0.013768726	-26.534426	3.8706403	-312.90222	1219.0	46.16461	0.22833872	8.581276e-05	149.0	-0.013529537	20.01052	3.8091345	0.0061102924	0.3985775	0.05545	-0.31087032	-0.007795508	1.123463e-12	2.6313157	9.991105	-3.3301373	332.92697	-3.3067155	332.92792	16.0	954.5125
17	1440000	1.5	0.013957752	-24.982782	3.0210822	-287.824	1219.0	36.823643	0.18781583	7.136884e-05	149.0	0.028212648	19.204456	3.1459243	0.0015898885	0.35318756	0.0163875	0.5657799	-0.0056694616	1.3432067e-10	4.3310213	10.513702	-5.5532856	332.69778	-5.6402116	332.6889	17.0	1029.1918
18	1520000	1.5	0.014117749	-23.257029	3.006048	-278.52344	1219.0	36.07842	0.18272008	5.029825e-05	61.0	0.036037892	19.214058	3.1579723	0.02083132	0.33233026	0.044075	0.6856542	0.0162494	7.3200616e-05	3.4887052	7.3876452	-251.5217	130.95193	-251.17993	130.9745	18.0	1085.652
19	1600000	1.5	0.014253196	-22.62815	3.351412	-297.4112	1219.0	38.61083	0.20666401	4.4576744e-05	24.0	0.017840432	19.583197	3.4216938	0.015095758	0.3242943	0.0369	0.32124078	0.0031265677	3.9308087e-08	2.7755399	10.343375	-96.4633	307.01657	-96.356415	306.87363	19.0	1134.5585
20	1680000	1.5	0.014367847	-23.584583	3.182362	-271.94534	1219.0	35.156338	0.19276501	4.5176967e-05	149.0	0.041535184	19.341745	3.3723664	0.0018359402	0.27943566	0.016725	0.84062195	-0.005155655	1.745889e-09	4.3689947	9.223331	-68.12168	327.58237	-68.40716	327.64984	20.0	1209.0293
21	1760000	1.5	0.014464887	-21.96903	3.3620179	-262.02505	1219.0	36.44641	0.16971597	5.561097e-05	149.0	0.08007072	19.564085	3.6982355	0.0013456485	0.24217798	0.0093	1.6455988	-0.0049980194	4.2453893e-10	4.821018	6.5906773	-59.284595	334.27423	-59.04314	334.26852	21.0	1283.6394
22	1840000	1.5	0.014547037	-21.14034	3.7793698	-250.6354	1219.0	39.283813	0.1690149	2.3801424e-05	133.0	0.095300406	19.957212	4.1769967	0.02185687	0.21987769	0.0308875	1.9377625	0.007822235	0.00010231352	5.5766296	6.235673	-247.43738	195.1507	-246.1728	194.3602	22.0	1354.8466
23	1920000	1.5	0.014616577	-20.27519	4.1529803	-259.86224	1219.0	38.81775	0.17171349	1.9073295e-05	2.0	0.00859441	20.019104	4.189076	0.018793903	0.21954201	0.0359125	0.18096969	0.031775538	0.00022968423	4.4672656	7.9977283	-289.1491	126.77375	-284.54517	125.504585	23.0	1399.3359
24	2000000	1.5	0.014675439	-20.989206	4.1715875	-274.58875	1219.0	37.488514	0.1999124	1.8861892e-05	2.0	-0.042876977	19.997158	3.9906473	0.046642654	0.21917915	0.1001625	-0.9161493	0.05501482	0.00036999868	3.5648148	11.359074	-312.5819	68.91327	-310.7354	68.13842	24.0	1443.7418
25	2080000	1.5	0.014725265	-22.122206	3.9926953	-302.26724	1219.0	37.272022	0.24444291	4.9771865e-05	1.0	-0.06479846	20.084932	3.7086198	0.02450453	0.21897128	0.1174375	-1.3710815	0.049718738	0.00043784527	3.2632353	18.939943	-324.7737	46.4862	-324.75226	46.483196	25.0	1487.9602
26	2160000	1.5	0.014767439	-24.020388	4.079847	-326.23688	1219.0	46.093575	0.25964102	0.00012430853	1.0	0.025257707	21.105288	4.139126	0.034118805	0.21872947	0.2125125	0.62380546	0.05651391	0.0005538874	3.5281856	17.70639	-345.5952	34.663204	-346.34805	34.686268	26.0	1532.2994
27	2240000	1.5	0.014803143	-25.402685	5.2939396	-352.43942	1219.0	74.29856	0.2906633	0.00018733216	2.0	0.21830128	24.15794	6.0585494	0.04142875	0.21826148	0.2482875	5.5415516	0.067944996	0.00069594086	6.4225407	21.178234	-368.8297	57.888042	-368.9527	57.825397	27.0	1576.8855
28	2320000	1.5	0.014833362	-26.864237	7.6854835	-375.45456	1219.0	109.951256	0.30927864	0.00013726208	4.0	0.33361086	28.056622	8.883893	0.025408337	0.2172961	0.228325	9.535271	0.017773654	0.00028698568	5.841802	24.364744	-347.84882	30.27682	-348.51556	30.221804	28.0	1621.7876
29	2400000	1.5	0.014858946	-31.008932	6.482715	-348.65704	1219.0	60.524788	0.27644795	5.6343328e-05	3.0	-0.34797287	23.256855	5.12226	0.018360673	0.21637824	0.1492125	-8.534886	0.008803863	0.00038401657	8.538414	30.183426	-335.0683	39.877342	-335.3951	39.980137	29.0	1666.4742
30	2480000	1.5	0.0148806	-30.35721	3.9611878	-327.6236	1219.0	36.898247	0.2519048	5.6922494e-05	3.0	-0.14171427	21.01438	3.4117856	0.025901865	0.21549849	0.06245	-3.1197095	0.02998311	0.00072627777	3.9198477	26.424229	-339.5534	29.885363	-340.45236	29.859085	30.0	1711.1746
31	2560000	1.5	0.014898927	-27.30248	3.458789	-334.7248	1219.0	34.412964	0.26249164	2.497407e-05	2.0	-0.089197144	20.876648	3.0633895	0.045166187	0.21497442	0.1003375	-2.0213773	0.058285553	0.0009131177	1.8261484	16.989866	-353.05838	19.763071	-353.81177	19.676235	31.0	1755.6255
32	2640000	1.5	0.014914451	-27.0159	3.3666222	-347.9298	1219.0	38.11826	0.28325823	4.949438e-05	1.0	-0.023479378	21.363897	3.2140286	0.02689357	0.2147408	0.10005	-0.60219425	0.04395165	0.0010039725	2.3514252	21.150576	-365.4231	14.115236	-365.66592	14.098419	32.0	1799.8755
33	2720000	1.5	0.01492758	-27.564613	3.6909866	-358.4993	1219.0	46.01263	0.28848785	0.00019458197	1.0	0.04032467	22.271671	3.8079765	0.040792357	0.21451592	0.1473	0.87990135	0.05412085	0.0011161953	2.0080848	23.498423	-381.1507	12.749013	-381.27664	12.843992	33.0	1844.22
34	2800000	1.5	0.014938699	-27.73476	4.6345577	-372.45746	1219.0	63.011497	0.30076632	0.00013225313	1.0	0.13901031	24.156538	5.1321115	0.03766536	0.21425626	0.1402875	3.5412805	0.05209533	0.0011230082	3.1036642	27.570885	-394.73495	22.965193	-394.5269	23.311905	34.0	1888.4443
35	2880000	1.5	0.014948113	-28.742207	5.8334646	-386.78845	1219.0	78.33162	0.3052773	8.000685e-05	1.0	0.14383128	25.915907	6.328322	0.02149317	0.2139873	0.0851875	3.9318914	0.033024088	0.0010300118	2.888194	32.554897	-404.8075	31.76214	-405.23782	31.47881	35.0	1932.7645
36	2960000	1.5	0.014956073	-29.949509	6.799525	-397.10703	1219.0	88.87129	0.3195322	8.470515e-05	2.0	0.13457519	27.22687	7.2780204	0.027152676	0.21346192	0.074075	3.7648811	0.0326951	0.0009476818	2.4136825	37.256676	-414.58328	30.118721	-415.24463	30.330572	36.0	1977.2639
37	3040000	1.5	0.01496282	-31.399185	7.1086564	-405.58878	1219.0	86.18005	0.3196064	0.00017349535	3.0	0.023114173	27.200222	7.19806	0.02082912	0.21267888	0.1725125	0.52657855	0.0077976477	0.00067010766	2.1150143	50.31351	-413.8849	3.9973621	-414.39014	3.9424565	37.0	2022.1602
38	3120000	1.5	0.0149685275	-34.075115	5.616417	-403.39417	1219.0	46.69254	0.31737575	0.0001226964	2.0	-0.38866875	23.416952	4.126981	0.022888489	0.21213913	0.0800375	-9.517566	0.02502636	0.0018641064	4.2921968	81.54257	-424.77386	5.6435223	-424.92676	5.7803555	38.0	2069.0996
39	3200000	1.5	0.014973358	-33.2227	3.709896	-412.42865	1219.0	38.039	0.30944365	0.00015066222	1.0	-0.082203075	22.643456	3.39109	0.01886637	0.21188018	0.0811625	-1.9562364	0.02679746	0.0023579444	1.483898	99.88248	-432.0653	8.523077	-431.36093	8.403045	39.0	2113.414
40	3280000	1.5	0.014977453	-33.252518	3.4432964	-421.62216	1219.0	41.99983	0.32280734	0.0003006877	1.0	0.082289696	23.159954	3.7821453	0.03374087	0.21163413	0.12115	1.990742	0.038305793	0.0029104233	1.4704593	111.098526	-444.2521	13.958165	-444.35388	14.103025	40.0	2157.6982
41	3360000	1.5	0.014980911	-33.641174	4.089009	-433.83517	1219.0	53.540325	0.33873016	0.00020210483	1.0	0.192445	24.469372	4.8699603	0.052707057	0.21140142	0.1676875	4.923419	0.051198848	0.0034988385	2.134279	126.167015	-457.91794	25.430155	-457.76224	25.680696	41.0	2202.0269
42	3440000	1.5	0.014983846	-34.47925	5.3696733	-448.5653	1219.0	70.088295	0.35572815	0.00027445387	1.0	0.2609143	26.316853	6.4081244	0.07197443	0.21116681	0.211875	7.249668	0.06796731	0.0042201937	2.9782934	144.23164	-472.35657	48.303875	-472.67395	49.419937	42.0	2246.3823
43	3520000	1.5	0.014986322	-35.310867	7.3060517	-464.5568	1219.0	93.95868	0.35530236	0.00028269534	1.0	0.32673344	28.967981	8.596	0.09954339	0.21093655	0.258675	9.952587	0.08085707	0.0050234506	3.2991133	158.31317	-488.79684	79.94322	-487.4642	79.866516	43.0	2290.8071
44	3600000	1.5	0.0149884205	-36.35819	9.915523	-483.07764	1219.0	124.652466	0.4046256	0.00020743313	1.0	0.38322616	32.397545	11.39755	0.135575	0.21072148	0.309125	12.987708	0.09862637	0.005983365	3.775456	177.439	-504.60266	118.008766	-503.64206	118.08708	44.0	2335.1375
45	3680000	1.5	0.0149901975	-37.420647	13.119497	-505.68478	1219.0	161.25104	0.43872666	0.00056180725	1.0	0.43019244	36.49344	14.75443	0.16350478	0.21050525	0.3418875	16.713215	0.11490802	0.006927781	4.5495443	201.2155	-519.2195	159.75053	-522.23505	160.33614	45.0	2379.533
46	3760000	1.5	0.0149917025	-38.593098	17.027102	-530.5736	1219.0	203.14297	0.48487902	0.00024894206	1.0	0.40239263	41.257374	18.548002	0.2025438	0.21028782	0.37775	17.672039	0.12676512	0.00800161	4.0652876	228.44243	-546.5033	207.42166	-545.557	207.61514	46.0	2423.9756
47	3840000	1.5	0.014992981	-39.9416	21.037022	-561.5543	1219.0	247.80113	0.5054554	0.00021266697	1.0	0.4112487	46.431774	22.560518	0.24203399	0.21006036	0.40815	20.737595	0.14682202	0.009163576	4.3431683	265.90723	-576.72327	257.86096	-575.6933	257.53238	47.0	2468.3325
48	3920000	1.5	0.014994055	-41.413532	25.402714	-596.49	1219.0	296.44922	0.5527333	0.0003756907	1.0	0.32102665	52.13896	26.533335	0.3038327	0.20984983	0.4429125	17.910044	0.15701656	0.010274873	3.4871023	308.88834	-628.88544	311.05966	-630.7376	312.28223	48.0	2512.741
49	4000000	1.5	0.014994966	-42.794273	29.648026	-651.12	1219.0	349.02704	0.6518451	0.0006243625	1.0	0.31434032	58.41614	30.72585	0.35240573	0.20965669	0.4730125	18.847425	0.18091573	0.01089755	3.383655	404.39346	-725.00916	366.51443	-729.52295	366.7188	49.0	2557.0608
50	4080000	1.5	0.01499574	-45.7786	33.931793	-752.24005	1219.0	401.23837	0.7562438	0.00054355845	1.0	0.27598643	64.7967	34.836945	0.37565172	0.20947842	0.4970125	18.134378	0.18382992	0.010960118	2.559554	742.8472	-899.5408	417.34802	-900.6732	417.33545	50.0	2601.4438
51	4160000	1.5	0.0149963945	-53.763226	36.956394	-945.5367	1219.0	438.76132	1.1365151	0.00045921776	1.0	0.26502207	69.833916	37.79023	0.44691035	0.2093172	0.5241625	19.413515	0.19700283	0.0111511275	2.2715476	1523.0062	-1146.9719	457.78918	-1146.7716	457.8556	51.0	2645.6648
52	4240000	1.5	0.014996949	-69.26296	38.828945	-1205.1156	1219.0	460.29562	1.3646816	0.00041853194	1.0	0.17609753	73.33492	39.321095	0.497533	0.20917177	0.5578	13.093092	0.21725222	0.011201969	2.0843804	2508.9353	-1507.2015	471.41104	-1508.2548	471.59384	52.0	2689.8154
53	4320000	1.5	0.014997421	-89.94053	39.656094	-1517.569	1219.0	470.7933	1.5742033	0.0005511237	1.0	0.12667008	75.77274	39.968452	0.5486157	0.20904087	0.627	9.407521	0.2022305	0.010745658	1.1837426	3266.3042	-1887.2557	479.02356	-1887.6979	479.10196	53.0	2733.8987
54	4400000	1.5	0.014997812	-115.35746	40.1614	-1872.1595	1219.0	478.23108	2.0959015	0.0004733596	1.0	0.097506	77.93474	40.38529	0.5216888	0.20892291	0.659225	7.761649	0.1778681	0.009172422	1.125841	3502.9312	-2281.4595	482.91858	-2282.0486	482.96683	54.0	2777.814
55	4480000	1.5	0.014998151	-144.51123	40.449326	-2232.7864	1219.0	481.84973	2.5138307	0.0005780272	1.0	0.059510484	79.72544	40.567535	0.4816458	0.20881699	0.628525	4.170683	0.14518946	0.00846142	0.8328591	3101.3616	-2682.7183	485.3089	-2682.7034	485.3352	55.0	2822.6204
56	4560000	1.5	0.014998434	-174.25746	40.594814	-2586.5898	1219.0	484.12048	2.988988	0.00041598355	1.0	0.04075866	81.39044	40.673676	0.5324178	0.20872168	0.5268125	2.7163122	0.12588581	0.008265533	0.68443185	2467.0396	-3069.587	486.6869	-3068.8958	486.67517	56.0	2866.7102
57	4640000	1.5	0.0149986725	-203.91151	40.68392	-2944.2947	1219.0	485.34277	3.4218318	0.0004466298	1.0	0.024822772	82.95451	40.730614	0.4000369	0.20863625	0.3994	1.452759	0.07173856	0.004500333	0.6205078	1900.7588	-3383.003	487.30823	-3383.4058	487.30154	57.0	2910.56
58	4720000	1.5	0.014998881	-234.45563	40.732647	-3233.4282	1219.0	485.76736	3.5724437	0.0005284703	1.0	0.008155969	84.44041	40.751183	0.13499321	0.20855927	0.2904375	0.32137716	0.028267423	0.0010135233	0.5816858	1170.461	-3568.606	487.5453	-3567.3086	487.54962	58.0	2954.533
59	4800000	1.5	0.014999048	-260.12646	40.751846	-3383.6965	1219.0	485.98483	3.482364	0.00032813684	1.0	0.00042576564	85.90622	40.759895	0.02341779	0.20849136	0.174325	-0.045291144	0.00727939	0.00013408675	0.5556178	487.92874	-3644.9353	487.6333	-3644.8198	487.63318	59.0	2998.3726
60	4880000	1.5	0.014999196	-274.40558	40.75987	-3430.4	1219.0	486.02698	3.3797812	0.00027705272	149.0	-0.0026555662	87.355484	40.761456	0.0071823266	0.22189572	0.08715	-0.2363934	0.0024397573	2.2495072e-14	0.53338253	247.9983	-3689.0298	487.68777	-3689.03	487.68777	60.0	3072.3013
61	4960000	1.5	0.014999316	-279.627	40.760616	-3450.7039	1219.0	486.01926	3.245833	0.0003038792	149.0	-0.0029206194	88.79994	40.76062	0.0021221219	0.26433945	0.0183625	-0.2898583	5.2664755e-06	5.852811e-14	0.5171681	202.3601	-3689.03	487.68777	-3689.03	487.68777	61.0	3146.271
62	5040000	1.5	0.014999421	-281.76666	40.760548	-3441.533	1219.0	485.9448	3.2434578	0.000260222	149.0	-0.0035990658	90.23678	40.75747	0.00039445487	0.28374627	0.000875	-0.33263612	-0.00034003615	2.2236434e-14	0.5046323	193.9325	-3689.0298	487.68777	-3689.0298	487.68777	62.0	3220.2012
63	5120000	1.5	0.01499951	-281.29626	40.75782	-3436.9766	1219.0	485.96494	3.2041504	0.00026781167	149.0	-0.0019903583	91.68392	40.757328	7.5055745e-05	0.29028702	0.0	-0.18484075	-0.00011413965	1.8804514e-14	0.49543828	190.32104	-3689.0298	487.68777	-3689.0298	487.68777	63.0	3294.4495
64	5200000	1.5	0.014999585	-280.8693	40.761982	-3435.4727	1219.0	485.94568	3.0737078	0.00026023615	149.0	-0.0032532893	93.12622	40.756138	0.0014684836	0.3236408	0.0089375	-0.3199051	-0.0006685234	1.8950885e-14	0.48874614	190.66681	-3689.0298	487.68777	-3689.0298	487.68777	64.0	3368.6924
65	5280000	1.5	0.014999655	-280.73416	40.747833	-3426.0386	1219.0	485.83978	3.0869176	0.00041579438	149.0	-0.0011683279	94.559425	40.75079	0.00034165382	0.3432388	0.0010625	-0.11528635	-0.0004943434	1.9024072e-14	0.48205665	190.39551	-3689.0298	487.68777	-3689.0298	487.68777	65.0	3443.0176
66	5360000	1.5	0.014999704	-280.0796	40.757465	-3420.3586	1219.0	485.8214	3.1414006	0.0002486029	149.0	-0.002917146	96.002304	40.75083	-3.9951877e-07	0.34517306	0.0	-0.28294373	-4.12241e-05	1.9196733e-14	0.47900626	188.71147	-3689.0298	487.68777	-3689.0298	487.68777	66.0	3517.7297
67	5440000	1.5	0.014999748	-279.55487	40.763046	-3419.9626	1219.0	485.85052	3.067926	0.00019011248	149.0	-0.003723361	97.450226	40.75189	0.00040312205	0.372334	0.005225	-0.3740369	-0.00058354187	1.9421976e-14	0.47601846	190.28238	-3689.0298	487.68777	-3689.0298	487.68777	67.0	3593.7498
68	5520000	1.5	0.014999791	-279.5068	40.74725	-3412.8901	1219.0	485.7546	3.1006303	0.00021532425	149.0	-0.0015704652	98.883606	40.746918	0.0008116517	0.34730628	0.002025	-0.1642894	0.00035246488	1.9517187e-14	0.47171026	189.3201	-3689.0298	487.68777	-3689.0298	487.68777	68.0	3670.317
69	5600000	1.5	0.01499982	-278.98404	40.73476	-3419.3232	1219.0	485.79855	2.9658577	0.00030225958	149.0	0.002776876	100.33341	40.747322	0.0009004264	0.3749277	0.00535	0.2739906	-0.00072892883	2.0421709e-14	0.4689026	189.91988	-3689.0298	487.68777	-3689.0298	487.68777	69.0	3746.2073
70	5680000	1.5	0.014999851	-279.41016	40.744534	-3410.964	1219.0	485.80707	3.1157634	0.00031945272	149.0	3.0560423e-05	101.77744	40.74791	6.6925386e-06	0.37686557	0.0	0.0031884674	-4.500346e-05	2.0554581e-14	0.46717745	191.76991	-3689.0298	487.68777	-3689.0298	487.68777	70.0	3821.5764
71	5760000	1.5	0.014999868	-278.7877	40.75847	-3409.3042	1219.0	485.78513	3.0418918	0.00022509701	149.0	-0.0031474396	103.21994	40.74853	4.4572278e-07	0.3779798	0.0	-0.32801044	-2.6681233e-05	2.110454e-14	0.46663004	190.7968	-3689.0298	487.68777	-3689.0298	487.68777	71.0	3896.9966
72	5840000	1.5	0.014999894	-278.62366	40.767113	-3412.185	1219.0	485.72287	3.1805992	0.00024951476	149.0	-0.0060149576	104.6568	40.746807	3.4107812e-05	0.38369033	0.0	-0.63567626	-0.00010796308	2.23082e-14	0.46538788	187.83322	-3689.0298	487.68777	-3689.0298	487.68777	72.0	3972.8657
73	5920000	1.5	0.01499991	-278.86862	40.728493	-3411.0237	1219.0	485.73868	2.9279559	0.00044321213	149.0	0.0036045664	106.10259	40.743683	0.00066835305	0.41179374	0.0055	0.3809178	-0.0008627711	2.2723156e-14	0.46116236	189.15324	-3689.0298	487.68777	-3689.0298	487.68777	73.0	4048.2102
74	6000000	1.5	0.014999923	-278.79047	40.729404	-3400.0886	1219.0	485.69064	3.0593636	0.00030701	149.0	0.0027203984	107.541824	40.74218	0.0048324214	0.47980216	0.04555	0.26069343	0.0004937874	5.908092e-14	0.45936173	186.32079	-3689.0298	487.68777	-3689.0298	487.68777	74.0	4123.694
75	6080000	1.5	0.014999928	-277.98798	40.730362	-3384.4722	1219.0	485.68457	3.1046865	0.0001775609	149.0	0.0025986515	108.98541	40.741756	-4.3658315e-06	0.47615626	0.0	0.28547993	8.4822466e-05	5.9179685e-14	0.45809492	186.48393	-3689.0298	487.68777	-3689.0298	487.68777	75.0	4199.433
76	6160000	1.5	0.014999942	-276.67352	40.71923	-3382.501	1219.0	485.612	3.1321063	0.00021561142	149.0	0.004215624	110.420975	40.73782	0.00012752198	0.46818545	0.0	0.46913028	0.00017548284	5.878462e-14	0.45565268	179.53046	-3689.0298	487.68777	-3689.0295	487.68777	76.0	4275.2637
77	6240000	1.5	0.014999954	-276.4272	40.749863	-3386.5269	1219.0	485.6403	3.075913	0.0003325071	149.0	-0.0019497484	111.86831	40.74191	0.00011951032	0.47780225	0.0	-0.22045454	-0.00025818023	2.2362202e-14	0.4575275	186.28317	-3689.0295	487.68777	-3689.0295	487.68777	77.0	4351.37
78	6320000	1.5	0.014999957	-276.74	40.71905	-3385.2769	1219.0	485.6573	3.2731233	0.00021657844	149.0	0.005188358	113.313385	40.739338	0.002024645	0.5218076	0.019725	0.5822771	-0.00087203045	2.2789237e-14	0.4544585	188.73978	-3689.0295	487.68777	-3689.0295	487.68777	78.0	4427.232
79	6400000	1.5	0.01499997	-276.63235	40.766464	-3374.3525	1219.0	485.5817	3.1144397	0.00026514588	149.0	-0.007113172	114.749084	40.74075	0.0018615385	0.47814414	0.01565	-0.83682764	0.0014565531	2.31978e-14	0.4575528	188.16751	-3689.0295	487.68777	-3689.0295	487.68777	79.0	4503.4907
80	6480000	1.5	0.014999973	-275.83054	40.75525	-3382.819	1219.0	485.61057	3.2837632	0.00023636718	149.0	-0.0031247465	116.19636	40.741398	0.0014113327	0.51855284	0.0175125	-0.37583712	-0.0005300084	2.1545787e-14	0.45615712	186.47304	-3689.0295	487.68777	-3689.0295	487.68777	80.0	4579.4707
81	6560000	1.5	0.014999973	-276.3687	40.79312	-3374.167	1219.0	485.5719	3.348137	0.00023990303	149.0	-0.013030412	117.63569	40.7432	0.0042071273	0.45280558	0.0421875	-1.5746037	0.0028669618	5.84258e-14	0.46035844	185.21834	-3689.0295	487.68777	-3689.0295	487.68777	81.0	4655.206
82	6640000	1.5	0.014999983	-275.84106	40.75629	-3390.5518	1219.0	485.63187	3.1584606	0.00028329273	149.0	-0.003472775	119.08569	40.741604	0.0005584855	0.4745207	0.0021375	-0.4197673	-0.00051610556	5.839027e-14	0.45471123	185.55103	-3689.0295	487.68777	-3689.0293	487.68777	82.0	4730.988
83	6720000	1.5	0.014999985	-277.03406	40.719696	-3383.0828	1219.0	485.6654	3.1659753	0.0003297823	149.0	0.0052053197	120.5317	40.738983	0.0015770583	0.43399	0.0128875	0.62279	0.00070767745	2.4249403e-14	0.451194	182.01369	-3689.0293	487.68777	-3689.0293	487.68777	83.0	4806.4155
84	6800000	1.5	0.014999987	-276.51294	40.727814	-3395.7644	1219.0	485.68234	3.2177532	0.00024842675	149.0	0.0038009312	121.979	40.741314	0.00061816926	0.46170333	0.005725	0.4637524	-0.00076111534	6.1314154e-14	0.45212084	189.2093	-3689.0293	487.68777	-3689.0293	487.68777	84.0	4881.5654
85	6880000	1.5	0.014999988	-277.4413	40.732674	-3388.3313	1219.0	485.63275	3.2180145	0.00027997812	149.0	0.0017109044	123.417274	40.739803	0.0034457967	0.5215439	0.038725	0.19579801	1.8037987e-05	6.166658e-14	0.45136392	189.53253	-3689.0293	487.68777	-3689.029	487.68777	85.0	4957.363
86	6960000	1.5	0.014999988	-276.9657	40.765945	-3369.356	1219.0	485.649	3.1882968	0.00023660457	149.0	-0.0057076616	124.86258	40.74295	0.0052257683	0.45339492	0.0461375	-0.7455415	0.002779384	6.1275786e-14	0.4540487	187.05437	-3689.0293	487.68777	-3689.029	487.68777	86.0	5033.1523
87	7040000	1.5	0.014999988	-275.40634	40.737312	-3390.4944	1219.0	485.64255	3.2325187	0.00032489342	149.0	0.0008888034	126.30473	40.74006	3.2142347e-05	0.45900348	0.0	0.11301529	-0.00014381562	2.5434588e-14	0.45065314	187.07927	-3689.029	487.68777	-3689.029	487.68777	87.0	5108.8843
88	7120000	1.5	0.014999988	-276.96008	40.694458	-3392.186	1219.0	485.63666	3.2893696	0.0003315481	149.0	0.011001978	127.74866	40.7364	0.0018331173	0.5048589	0.0226	1.4071625	-0.00026075248	6.2009066e-14	0.4490898	187.49652	-3689.029	487.68774	-3689.029	487.68774	88.0	5184.2476
89	7200000	1.5	0.014999988	-277.22656	40.777016	-3374.645	1219.0	485.54007	3.3877914	0.00036704447	149.0	-0.010156702	129.18187	40.739506	0.00201507	0.54785734	0.0192125	-1.3295435	-0.00042589917	2.856879e-14	0.45331964	190.85834	-3689.0288	487.68774	-3689.0288	487.68774	89.0	5259.947
90	7280000	1.5	0.014999999	-276.00296	40.774986	-3360.1765	1219.0	485.44772	3.412096	0.00026492547	149.0	-0.01043573	130.61635	40.736233	0.003482043	0.609265	0.0401375	-1.3897022	0.0004830452	6.564349e-14	0.45168564	184.87428	-3689.0288	487.68774	-3689.0286	487.68774	90.0	5337.7354
91	7360000	1.5	0.014999999	-274.75464	40.70015	-3343.336	1219.0	485.3569	3.3102539	0.00021065232	149.0	0.0065432107	132.05055	40.72644	0.0031464729	0.66755164	0.0357	0.8568199	-0.00030770112	6.674625e-14	0.44430885	185.10738	-3689.0286	487.68774	-3689.0286	487.68774	91.0	5414.735
92	7440000	1.5	0.014999999	-273.37888	40.705048	-3327.3884	1219.0	485.3307	3.3125045	0.00027503647	149.0	0.0056852987	133.49016	40.726604	0.0037715705	0.7285556	0.0387	0.7496958	-9.785423e-05	6.824479e-14	0.44413033	183.56165	-3689.0283	487.68774	-3689.0283	487.68774	92.0	5490.103
93	7520000	1.5	0.014999999	-272.0313	40.794098	-3298.6528	1219.0	485.1658	3.4947472	0.0004102635	149.0	-0.01771643	134.91618	40.728096	0.014665295	0.8559399	0.0972625	-2.4869637	0.005790372	7.3217874e-14	0.45322418	180.64735	-3689.028	487.68774	-3689.028	487.68774	93.0	5565.3594
94	7600000	1.5	0.014999999	-269.78195	40.732136	-3254.8022	1219.0	484.81168	3.475325	0.00033497496	149.0	-0.0079663815	136.32188	40.709305	0.000964556	0.82320684	0.0067375	-1.1019843	0.0015966955	1.3491359e-13	0.44116014	195.13542	-3689.0278	487.6877	-3689.0278	487.6877	94.0	5641.045
95	7680000	1.5	0.014999999	-266.34708	40.7331	-3267.4963	1219.0	484.89725	3.5012035	0.00027556036	149.0	-0.0042929556	137.77264	40.713352	0.012628359	0.94153225	0.09215	-0.6769866	0.004130419	1.4685142e-13	0.44130537	185.69075	-3689.0273	487.6877	-3689.0273	487.6877	95.0	5716.7896
96	7760000	1.5	0.014999999	-266.94382	40.73219	-3213.1797	1219.0	484.45477	3.7002494	0.00033603626	149.0	-0.012329502	139.16632	40.695477	0.0022884374	0.9892625	0.0235	-1.7374258	-0.0008768185	1.458993e-13	0.43933702	193.30992	-3689.0269	487.6877	-3689.0269	487.6877	96.0	5792.526
97	7840000	1.5	0.014999999	-263.04016	40.708214	-3199.501	1219.0	484.39395	3.764843	0.00040915166	149.0	-0.0033959628	140.60101	40.6936	-2.1777373e-06	0.99009705	0.0	-0.4808459	-2.3041915e-05	1.5843398e-13	0.4358668	182.5181	-3689.0261	487.68768	-3689.0261	487.68768	97.0	5868.4346
98	7920000	1.5	0.014999999	-261.56537	40.74962	-3199.3064	1219.0	484.34763	3.7242558	0.00036635733	149.0	-0.014548429	142.03671	40.694748	0.0048119887	1.0582713	0.046125	-2.104254	-0.0007874195	2.515307e-13	0.4407459	178.51483	-3689.0254	487.68768	-3689.0254	487.68768	98.0	5944.391
99	8000000	1.5	0.014999999	-261.4868	40.663822	-3160.6116	1219.0	484.12396	4.0547805	0.00033731008	149.0	0.002880023	143.45238	40.67866	0.0004525564	1.0784913	0.001125	0.41541415	-0.0008870743	3.9064504e-13	0.42978278	186.6632	-3689.0242	487.68762	-3689.0242	487.68762	99.0	6020.159
100	8080000	1.5	0.014999999	-258.55353	40.68507	-3149.2158	1219.0	483.96973	3.8758209	0.00054708694	149.0	-0.003730715	144.87465	40.674393	9.7146796e-05	1.087494	0.0	-0.54410285	-0.00045074095	7.436576e-13	0.42894596	183.5882	-3689.022	487.6876	-3689.022	487.6876	100.0	6096.5205
101	8160000	1.5	0.014999999	-257.54156	40.65844	-3145.998	1219.0	483.93848	3.746489	0.0002779653	149.0	0.004093029	146.31378	40.67313	0.00021683784	1.0719079	6.25e-05	0.60116404	0.00068732357	1.2350099e-12	0.42679423	183.7639	-3689.0188	487.68753	-3689.0188	487.68753	101.0	6172.425
102	8240000	1.5	0.014999999	-257.19934	40.696243	-3153.3704	1219.0	484.12332	3.7752624	0.00021197926	129.0	-0.0034509075	147.76802	40.68043	0.015182227	1.2008115	0.098175	-0.6171906	0.0044330023	2.2047253e-12	0.42909038	183.47557	-3689.0144	487.6874	-3689.0142	487.6874	102.0	6243.3354
103	8320000	1.5	0.014999999	-257.6633	40.638287	-3083.8618	1219.0	483.42633	4.139544	0.00027364757	149.0	-0.0009405309	149.13608	40.649517	0.0007301762	1.2311248	0.0072875	-0.14303559	-0.0013185398	5.639368e-12	0.42521688	199.75629	-3689.0024	487.68716	-3689.0024	487.68716	103.0	6319.1343
104	8400000	1.5	0.014999999	-252.46843	40.61393	-3071.976	1219.0	483.24753	3.9743018	0.00048544462	149.0	0.0067295013	150.55743	40.64276	0.0012503432	1.2687615	0.0139125	1.0141938	-0.0012872398	7.713376e-11	0.41962364	169.48785	-3688.9287	487.68582	-3688.9285	487.68582	104.0	6395.1177
105	8480000	1.5	0.014999999	-251.18207	40.6751	-3055.6602	1219.0	483.2647	4.193767	0.00034905833	136.0	-0.0066303997	151.99527	40.648514	0.016193766	1.3229427	0.1599625	-1.2168865	-0.004525841	6.8490513e-06	0.42370397	174.73187	-3459.257	483.8612	-3459.2734	483.88654	105.0	6472.6523
106	8560000	1.5	0.014999999	-249.83682	40.60722	-2909.6833	1219.0	479.5597	4.273156	0.0004899481	29.0	-0.049322203	153.04868	40.499577	0.015653701	1.3423501	0.11745	-8.052852	0.009218631	0.00024992132	0.5134203	330.1346	-3542.2734	473.55243	-3541.7456	473.5198	106.0	6526.152
107	8640000	1.5	0.014999999	-239.9036	40.308483	-2920.6655	1219.0	470.69455	4.123576	0.00064221816	49.0	-0.08987541	153.56987	40.134853	0.015271295	1.4265678	0.1031	-14.530594	0.011138925	0.00044325637	0.8320718	251.52562	-3391.2651	442.5558	-3406.4783	445.2767	107.0	6580.2476
108	8720000	1.5	0.014999999	-243.0098	40.04227	-2876.507	1219.0	468.33765	4.6074367	0.000579031	4.0	-0.005905118	154.7242	40.04614	0.018569466	1.4339868	0.034225	-0.009144336	0.019960307	0.0059664194	0.58545226	202.04724	-3667.9248	485.0485	-3668.571	485.15448	108.0	6625.8677
109	8800000	1.5	0.014999999	-240.90472	40.361286	-2927.7568	1219.0	479.8678	4.450906	0.00046303868	148.0	0.0855502	157.3091	40.519688	0.015013254	1.5418032	0.090225	13.16826	0.0047731055	3.0510705e-15	0.75155014	184.28375	-3689.032	487.68784	-3689.032	487.68784	109.0	6699.7695
110	8880000	1.5	0.014999999	-240.37088	40.56403	-2890.1077	1219.0	481.52484	4.7410355	0.00058966444	149.0	0.0066049024	158.89536	40.573566	0.002410415	1.59151	0.0272125	1.0379544	-0.001881032	1.9134917e-15	0.4203418	192.9403	-3689.032	487.68784	-3689.032	487.68784	110.0	6774.197
111	8960000	1.5	0.014999999	-236.64882	40.568577	-2853.1055	1219.0	481.15067	4.784529	0.00058559683	149.0	-0.0032727374	160.28807	40.556736	0.0050921794	1.6628969	0.050425	-0.57139194	-0.0009329255	1.9198866e-15	0.41865718	189.26353	-3689.032	487.68784	-3689.032	487.68784	111.0	6848.353
112	9040000	1.5	0.014999999	-233.55313	40.554176	-2791.5715	1219.0	480.64307	4.849375	0.0006407738	149.0	-0.0065597226	161.66873	40.533817	0.004055314	1.7316552	0.0477625	-1.1049051	-0.0015995469	1.934808e-15	0.4138879	205.33815	-3689.032	487.68784	-3689.032	487.68784	112.0	6922.6094
113	9120000	1.5	0.014999999	-228.57588	40.521793	-2747.8115	1219.0	480.05252	5.0024176	0.00077997905	149.0	-0.0061751157	163.0314	40.505238	0.005986697	1.8094425	0.0571125	-1.0647159	-0.0011625286	1.9753088e-15	0.40586442	188.76697	-3689.032	487.68784	-3689.032	487.68784	113.0	6996.688
114	9200000	1.5	0.014999999	-224.87837	40.54799	-2712.8005	1219.0	479.67813	5.3240595	0.0011670664	149.0	-0.014926587	164.42067	40.492332	0.008031316	1.9028816	0.0720625	-2.5485961	-0.00014258728	2.0797585e-15	0.4160795	185.66174	-3689.032	487.68784	-3689.032	487.68784	114.0	7071.1787
115	9280000	1.5	0.014999999	-221.9585	40.550995	-2650.705	1219.0	478.53427	5.4371667	0.0012625701	149.0	-0.032834318	165.73091	40.444187	0.0030908051	1.9586562	0.0329	-5.499193	-0.0018177794	2.1188385e-15	0.42875528	203.01683	-3689.032	487.68784	-3689.032	487.68784	115.0	7145.5103
116	9360000	1.5	0.014999999	-217.26593	40.440304	-2610.7053	1219.0	478.2119	5.5950265	0.00053469586	149.0	-0.006889511	167.1229	40.419624	0.006889465	2.0439985	0.0657125	-1.2248913	-0.00058027916	2.027889e-15	0.39902812	192.42276	-3689.032	487.68784	-3689.032	487.68784	116.0	7219.7803
117	9440000	1.5	0.014999999	-213.81027	40.401646	-2569.343	1219.0	477.65494	5.6115255	0.0017151022	149.0	-0.003723673	168.4836	40.393536	0.0064707305	2.1255877	0.0596375	-0.69230604	-0.0005545845	2.1870505e-15	0.3951614	192.70525	-3689.032	487.68784	-3689.032	487.68784	117.0	7294.0513
118	9520000	1.5	0.014999999	-210.3921	40.31605	-2527.82	1219.0	476.73935	5.7281356	0.0029511391	149.0	0.0016039711	169.80888	40.341408	0.009780894	2.2232115	0.074475	0.17814888	0.0015959709	2.2865265e-15	0.39960906	185.4445	-3689.032	487.68784	-3689.032	487.68784	118.0	7368.5483
119	9600000	1.5	0.014999999	-207.0795	40.334522	-2464.9214	1219.0	476.2277	5.8688507	0.0012341315	149.0	-0.0061194054	171.17416	40.31976	0.008253441	2.3175275	0.0722375	-1.1460996	0.0013385259	2.1870505e-15	0.38520232	203.54266	-3689.032	487.68784	-3689.032	487.68784	119.0	7442.88
120	9680000	1.5	0.014999999	-201.78682	40.28081	-2412.8857	1219.0	474.6096	6.171453	0.0018763288	149.0	-0.017117908	172.4169	40.242542	0.01007344	2.4216807	0.081225	-3.090821	0.0021956593	2.601297e-15	0.40931338	197.54732	-3689.032	487.68784	-3689.032	487.68784	120.0	7518.8887
121	9760000	1.5	0.014999999	-197.63754	40.244007	-2361.0027	1219.0	473.71973	6.2585707	0.00228354	149.0	-0.020167323	173.73883	40.181274	0.0040335804	2.4858325	0.04325	-3.567668	-0.0011539707	2.3092638e-15	0.41202396	196.1435	-3689.032	487.68784	-3689.032	487.68784	121.0	7594.4263
122	9840000	1.5	0.014999999	-193.28798	40.163647	-2324.8743	1219.0	472.5962	6.4342012	0.0034346767	149.0	-0.012512921	175.03934	40.13169	0.0041622682	2.546101	0.03665	-2.2423217	-0.0006276024	2.4684255e-15	0.4131488	194.67621	-3689.032	487.68784	-3689.032	487.68784	122.0	7669.5137
123	9920000	1.5	0.014999999	-190.3384	40.137264	-2296.305	1219.0	473.0423	6.372966	0.0047242763	149.0	0.004763576	176.48071	40.1425	0.003705782	2.611149	0.044	0.7994612	-0.0002675852	2.4328984e-15	0.3928622	193.71327	-3689.032	487.68784	-3689.032	487.68784	123.0	7744.708
124	10000000	1.5	0.014999999	-187.73294	40.25533	-2275.8833	1219.0	472.20422	6.590471	0.0022963292	149.0	-0.044601597	177.78775	40.099026	0.007816824	2.7028058	0.069825	-8.072116	0.001981875	2.5892177e-15	0.42706797	189.34554	-3689.032	487.68784	-3689.032	487.68784	124.0	7819.912
125	10080000	1.5	0.014999999	-186.10373	40.08382	-2245.5647	1219.0	471.1173	6.5488687	0.0030449512	149.0	-0.015855782	179.09428	40.038055	0.010539133	2.8049314	0.0772375	-2.9828167	0.0023450074	2.427214e-15	0.4209459	185.2833	-3689.032	487.68784	-3689.032	487.68784	125.0	7895.543
126	10160000	1.5	0.014999999	-183.653	40.044655	-2208.6348	1219.0	471.03265	6.6727495	0.0035439432	149.0	-0.0025627457	180.4861	40.025143	0.0036893256	2.8647828	0.0364625	-0.50641704	0.00037022075	2.520295e-15	0.38818252	184.27492	-3689.032	487.68784	-3689.032	487.68784	126.0	7971.9497
127	10240000	1.5	0.014999999	-180.56259	39.98931	-2175.8665	1219.0	469.34235	6.7108164	0.0065855915	149.0	-0.01913144	181.71927	39.943054	0.0035613335	2.9265823	0.0390625	-3.5411582	-0.00026943898	2.6503244e-15	0.40738943	179.54587	-3689.032	487.68784	-3689.032	487.68784	127.0	8048.145
128	10320000	1.5	0.014999999	-178.10979	39.9447	-2156.0261	1219.0	469.3978	6.7282	0.0032552287	149.0	-0.0014927124	183.1107	39.9413	0.008406701	3.0251696	0.0775375	-0.4011761	0.0026913919	2.6446401e-15	0.38956764	192.7379	-3689.032	487.68784	-3689.032	487.68784	128.0	8123.6987
129	10400000	1.5	0.014999999	-176.29692	39.927074	-2137.3213	1219.0	468.4762	6.9984026	0.007406112	149.0	-0.012345455	184.41765	39.887245	0.010425142	3.1336095	0.0838875	-2.4518259	0.0043285075	2.759748e-15	0.40014657	187.97807	-3689.032	487.68784	-3689.032	487.68784	129.0	8199.199
130	10480000	1.5	0.014999999	-174.69719	39.86544	-2103.3118	1219.0	467.42892	7.1096087	0.007897554	149.0	-0.013706856	185.70209	39.82915	0.0029217636	3.1880496	0.031725	-2.5952058	-0.00041584452	2.803091e-15	0.38901317	189.51257	-3689.032	487.68784	-3689.032	487.68784	130.0	8274.442
131	10560000	1.5	0.014999999	-172.2071	39.807064	-2107.165	1219.0	466.78635	6.990522	0.009860978	149.0	-0.0033978273	187.02873	39.799088	0.0015417192	3.2295992	0.0177125	-0.6608881	-0.0002872757	2.8677505e-15	0.43130258	183.41882	-3689.032	487.68784	-3689.032	487.68784	131.0	8349.826
132	10640000	1.5	0.014999999	-172.3637	39.69054	-2076.0442	1219.0	466.6182	7.585013	0.008736314	149.0	0.021551909	188.39084	39.774925	0.0029856276	3.2873113	0.0357875	4.038211	0.00028492292	2.8094859e-15	0.3951405	178.5915	-3689.032	487.68784	-3689.032	487.68784	132.0	8425.353
133	10720000	1.5	0.014999999	-170.00737	39.803024	-2069.5928	1219.0	467.19028	7.130718	0.003930935	149.0	0.00535381	189.84325	39.803654	0.0022432283	3.330566	0.0189375	0.99935997	-4.053116e-05	2.6375346e-15	0.37460676	178.63599	-3689.032	487.68784	-3689.032	487.68784	133.0	8501.176
134	10800000	1.5	0.014999999	-168.97713	39.699173	-2055.7114	1219.0	465.77023	6.8333344	0.0040912298	149.0	0.0002537724	191.08295	39.72113	0.000118741715	3.3202016	0.0	0.046903174	0.00017638016	2.6787461e-15	0.436933	173.69983	-3689.032	487.68784	-3689.032	487.68784	134.0	8576.665
135	10880000	1.5	0.014999999	-168.13034	39.709724	-2048.3464	1219.0	465.43488	6.955101	0.0029181768	149.0	0.001584284	192.43057	39.720497	0.0030370806	3.3759997	0.0330625	0.2683385	0.0004731163	2.9466207e-15	0.42331842	185.43416	-3689.032	487.68784	-3689.032	487.68784	135.0	8651.457
136	10960000	1.5	0.014999999	-167.6214	39.730118	-2047.1049	1219.0	465.77905	6.7981825	0.0025175095	149.0	0.0038759173	193.84654	39.734085	0.0042716768	3.442696	0.0440375	0.70460457	0.0010183647	2.8322234e-15	0.38680303	171.1934	-3689.032	487.68784	-3689.032	487.68784	136.0	8725.742
137	11040000	1.5	0.014999999	-167.39757	39.62406	-2045.7781	1219.0	465.17163	7.0441675	0.010464958	149.0	0.016463982	195.17456	39.695118	0.0006880717	3.4729688	0.0073125	3.221164	-0.00029340514	3.166889e-15	0.4287708	193.65933	-3689.032	487.68784	-3689.032	487.68784	137.0	8799.902
138	11120000	1.5	0.014999999	-167.3767	39.697193	-2035.129	1219.0	465.12762	6.895835	0.0040771095	149.0	-0.0028157851	196.5383	39.69256	0.0012853944	3.5092008	0.0118125	-0.569318	-0.00046469842	2.8371972e-15	0.40321437	188.78513	-3689.032	487.68784	-3689.032	487.68784	138.0	8873.97
139	11200000	1.5	0.014999999	-166.38654	39.673958	-2020.5262	1219.0	464.99005	7.0636864	0.0048643174	149.0	0.0057197106	197.92851	39.679543	0.0056776754	3.585793	0.0561	1.074904	0.0020990467	2.8151703e-15	0.42938805	166.97302	-3689.032	487.68784	-3689.032	487.68784	139.0	8948.085
140	11280000	1.5	0.014999999	-165.11	39.67916	-2009.879	1219.0	464.8807	7.391524	0.008694065	149.0	0.00033314386	199.29955	39.680668	0.004485682	3.654278	0.0477	0.01920996	0.0012237278	2.860645e-15	0.39040992	183.28629	-3689.032	487.68784	-3689.032	487.68784	140.0	9022.167
141	11360000	1.5	0.014999999	-164.34721	39.629955	-1991.5151	1219.0	463.35394	7.205947	0.0054115015	114.0	-0.016835358	200.51396	39.5891	0.015010083	3.7818227	0.0962625	-3.665273	0.008019415	2.857803e-15	0.45499057	187.52744	-3689.032	487.68784	-3689.032	487.68784	141.0	9088.781
142	11440000	1.5	0.014999999	-163.0071	39.57549	-1980.8376	1219.0	463.0011	7.4935045	0.037199095	149.0	-0.0021975206	201.84976	39.5688	0.0017971171	3.8230512	0.01665	-0.46385527	0.0003025791	3.0603076e-15	0.39945287	177.97955	-3689.032	487.68784	-3689.032	487.68784	142.0	9162.579
143	11520000	1.5	0.014999999	-162.23537	39.586567	-1972.2477	1219.0	463.56363	7.294492	0.00994592	149.0	0.0034380464	203.27925	39.59382	0.00039496162	3.8424945	0.001125	0.6982254	-0.00024293394	2.935252e-15	0.43691772	174.0181	-3689.032	487.68784	-3689.032	487.68784	143.0	9236.666
144	11600000	1.5	0.014999999	-161.30028	39.597103	-1967.6135	1219.0	463.14963	7.960879	0.005051542	149.0	-0.0073377783	204.61517	39.570595	2.322353e-05	3.847469	0.0	-1.5088834	-9.7933196e-05	3.1050718e-15	0.38566434	188.56897	-3689.032	487.68784	-3689.032	487.68784	144.0	9310.853
145	11680000	1.5	0.014999999	-160.92241	39.58178	-1978.3944	1219.0	463.73334	7.7369776	0.003690182	149.0	0.008628119	206.0481	39.593258	0.0038750314	3.9090078	0.039625	1.7420707	0.00070981676	3.0041747e-15	0.41883302	184.69832	-3689.032	487.68784	-3689.032	487.68784	145.0	9384.648
146	11760000	1.5	0.014999999	-161.3345	39.593502	-1963.3821	1219.0	463.53833	7.623201	0.0031839393	149.0	-0.0028310881	207.41339	39.592533	4.04817e-05	3.9020689	0.0	-0.59091693	3.950014e-05	2.8755665e-15	0.38633412	185.33812	-3689.032	487.68784	-3689.032	487.68784	146.0	9458.655
147	11840000	1.5	0.014999999	-160.52933	39.582493	-1955.2596	1219.0	462.75488	7.2036986	0.0061276904	149.0	-0.010812999	208.70905	39.54909	0.00087409257	3.9333189	0.007725	-2.2777436	-0.00029244996	3.0958347e-15	0.45950547	191.60588	-3689.032	487.68784	-3689.032	487.68784	147.0	9532.603
148	11920000	1.5	0.014999999	-159.99751	39.552593	-1967.3047	1219.0	462.68033	7.112193	0.017415375	149.0	-0.0005298466	210.08887	39.54022	0.00036305076	3.9514508	0.00065	-0.11451367	-0.00019221497	2.9530156e-15	0.45861387	191.78409	-3689.032	487.68784	-3689.032	487.68784	148.0	9606.373
149	12000000	1.5	0.014999999	-160.90436	39.543274	-1958.5319	1219.0	462.81952	7.035907	0.003252151	149.0	0.00504089	211.48506	39.56736	0.005293946	4.028892	0.058025	1.0105426	0.0031691978	2.8336443e-15	0.43407744	177.76973	-3689.032	487.68784	-3689.032	487.68784	149.0	9680.242
