Epoch	TotalEnvInteracts	worker/CostLimit	worker/noise	learner/VVals	learner/CostVVals	worker/EpRet	worker/EpLen	worker/EpCost	learner/LossQ	learner/LossQC	learner/StopIter	learner/LossPi	learner/Lagrangian	learner/QcRet	learner/KL	learner/Entropy	learner/ClipFrac	learner/LossQcPenalty	learner/LossVallina	learner/LossVC	learner/LossV	Eval/NaturalReward	Eval/NaturalCost	Eval/AdvUniformReward	Eval/AdvUniformCost	worker/Epoch	worker/Time
0	80000	1.5	0.0	0.039949615	0.042098287	-1853.5184	1219.0	466.58203	2.1645381	0.0055439253	5.0	9.3956175	48.07256	36.559658	0.016106138	0.91643137	0.2404375	460.83795	-0.0050652125	1382.5276	20441.86	-1665.4205	466.58392	-1665.4591	466.58945	0.0	43.49105
1	160000	1.5	0.0	-59.92442	39.09565	-1682.8107	1219.0	463.01694	1.0162132	0.0009013271	5.0	0.0098264385	48.620037	39.316063	0.015272322	0.9148026	0.239625	0.3381699	-0.0035193886	7.2666283	5633.367	-1483.66	462.25064	-1483.6991	462.2528	1.0	87.78782
2	240000	1.5	0.0023027735	-126.33844	39.201786	-1513.9192	1219.0	458.36935	0.879516	0.0003426549	6.0	-0.0915862	49.51478	39.154037	0.017612698	0.9134369	0.2813625	-4.7687116	-0.00093812105	2.9340267	393.8189	-1287.829	455.21622	-1287.9141	455.2149	2.0	134.16806
3	320000	1.5	0.004252031	-120.92256	39.03043	-1343.4509	1219.0	450.08466	0.851559	0.00015225819	6.0	-0.20834267	50.02276	38.624733	0.018435128	0.9130707	0.2775875	-10.8402605	-0.0045633563	3.5985804	361.59525	-1093.5752	442.18283	-1093.7689	442.21024	3.0	180.10548
4	400000	1.5	0.0059020403	-108.1082	38.47599	-1166.8165	1219.0	438.59882	0.78941137	0.00013737202	6.0	-0.30051857	50.204647	37.778187	0.01759628	0.9131594	0.2950375	-15.582728	-0.00837951	5.4753685	332.90588	-890.53925	423.26843	-890.5961	423.28052	4.0	226.12585
5	480000	1.5	0.0072987443	-93.7257	37.52022	-1009.0278	1219.0	424.87894	0.717587	0.00014387009	6.0	-0.34910184	50.090275	36.650063	0.018385492	0.9129495	0.2887	-18.109743	-0.011304	7.380169	280.23804	-695.7071	389.88177	-695.6936	389.80997	5.0	272.14978
6	560000	1.5	0.008481027	-80.424484	36.219826	-860.01996	1219.0	405.19464	0.70405245	0.000160107	6.0	-0.42281282	49.35253	35.060646	0.016313713	0.91225624	0.2472625	-21.627438	-0.012637788	9.972818	230.99872	-531.44635	327.42282	-531.51434	327.53415	6.0	318.26917
7	640000	1.5	0.009481809	-68.42809	34.33401	-734.473	1219.0	380.23825	0.6552071	0.00020863558	8.0	-0.4692786	47.98557	32.92918	0.017294897	0.9103719	0.27905	-23.431576	-0.011706001	11.788214	185.18126	-396.90485	169.74306	-396.94836	169.90596	7.0	364.4869
8	720000	1.5	0.010328949	-57.657143	31.186796	-612.715	1219.0	335.1034	0.546438	0.00031238404	13.0	-0.6213649	44.475945	29.123737	0.016230056	0.9042349	0.23725	-28.788353	-0.011861003	16.581993	135.40125	-268.61478	51.122456	-268.70602	51.163143	8.0	411.64413
9	800000	1.5	0.011046043	-47.745724	25.35315	-509.5547	1219.0	254.26141	0.45405784	0.00043917503	137.0	-0.8584969	37.169994	22.23644	0.015119571	0.8126746	0.1348375	-33.19019	-0.014310598	21.847563	69.64602	-23.645227	335.20975	-24.332369	336.17798	9.0	468.90225
10	880000	1.5	0.01165305	-39.814342	15.9518	-420.45053	1219.0	136.73462	0.3389193	0.00040882407	149.0	-1.1008706	25.90989	11.646165	0.006894555	0.7298634	0.0653125	-29.729807	-0.008109143	26.503332	45.660774	-7.544329	332.51788	-7.5094476	332.51907	10.0	527.03577
11	960000	1.5	0.012166867	-34.12366	9.541188	-390.44656	1219.0	102.36915	0.29046893	0.0005092959	149.0	-0.30192548	22.832458	8.329086	0.0074995384	0.65029615	0.0621375	-7.267114	-0.007801682	7.0544124	18.158012	-6.050454	332.64987	-6.134442	332.6399	11.0	585.17596
12	1040000	1.5	0.012601807	-31.5439	6.8280234	-362.18848	1219.0	79.43353	0.26496792	0.0006055814	149.0	-0.1129431	20.765617	6.3714943	0.0059568933	0.5722993	0.0566375	-2.5024066	-0.0069973688	4.526463	15.153629	-5.550252	332.6992	-5.5290213	332.70215	12.0	643.1778
13	1120000	1.5	0.012969971	-29.154291	5.0240393	-336.86728	1219.0	59.37668	0.23459616	0.00047145417	149.0	-0.06662168	18.932465	4.730094	0.0064588003	0.49515536	0.0575	-1.3657477	-0.0074477973	3.7587125	12.673736	-4.2799807	332.8076	-4.3514657	332.802	13.0	701.16956
14	1200000	1.5	0.0132816145	-27.101982	3.8387117	-314.01285	1219.0	46.262516	0.20668983	0.00029548313	149.0	-0.028983554	17.758152	3.6800056	0.0047610854	0.42768475	0.0447125	-0.5582689	-0.007089096	3.4917023	10.727666	-3.6750364	332.8956	-3.698341	332.89017	14.0	760.0516
15	1280000	1.5	0.013545423	-25.22857	3.170417	-297.94263	1219.0	39.256626	0.18742259	0.00024179133	149.0	0.019005185	17.184872	3.2136765	0.002949424	0.3717661	0.0296375	0.3382688	-0.0066533037	3.2624738	9.118653	-2.050423	332.99173	-2.048488	332.99173	15.0	818.1913
16	1360000	1.5	0.013768726	-23.972443	2.9269798	-283.23163	1219.0	36.297787	0.17773837	0.00020002094	149.0	0.0492088	16.98307	3.102836	0.0033240851	0.31195116	0.0337375	0.87607527	-0.006505323	3.4588296	8.200933	0.0	333.04065	0.0	333.04065	16.0	876.34406
17	1440000	1.5	0.013957752	-22.791296	2.992051	-268.96838	1219.0	35.875435	0.15843785	0.00017834867	149.0	0.06754432	17.04427	3.246417	0.0026042927	0.26503798	0.0193375	1.2158247	-0.005812374	3.8984032	7.646149	0.0	333.04065	0.0	333.04065	17.0	934.53815
18	1520000	1.5	0.014117749	-21.704054	3.2492251	-257.05093	1219.0	37.215576	0.15186286	0.00015525342	149.0	0.08450084	17.28136	3.5799747	-4.744832e-06	0.2542782	0.0	1.5459452	-0.0015027267	4.031156	6.733578	-2.5242312	332.97345	-2.4975107	332.97357	18.0	992.6674
19	1600000	1.5	0.014253196	-20.848774	3.6100497	-255.45078	1219.0	38.159763	0.15716277	0.00014530218	149.0	0.069103815	17.483734	3.884525	0.0014366722	0.21579309	0.0101625	1.277134	-0.0052716765	3.4336224	5.2779098	-2.9588287	332.95462	-2.9609034	332.95456	19.0	1050.8881
20	1680000	1.5	0.014367847	-20.648909	3.9259243	-250.06293	1219.0	39.343727	0.15541601	0.00013490832	125.0	0.0792521	17.710981	4.2501335	0.015068854	0.20368437	0.059375	1.4375514	0.021753147	3.7303586	5.306417	-218.69096	139.27296	-218.828	139.1903	20.0	1107.2545
21	1760000	1.5	0.014464887	-20.366072	4.051447	-271.39252	1219.0	37.50095	0.17834166	0.00016351402	35.0	0.041105635	17.634676	4.217854	0.015856944	0.18926501	0.070275	0.73171985	0.010698503	2.705288	7.5288033	-260.4863	95.65525	-260.27603	95.37703	21.0	1155.761
22	1840000	1.5	0.014547037	-21.751059	4.2889743	-273.99094	1219.0	33.33199	0.18509963	0.00014320372	3.0	-0.07494052	17.317873	3.973975	0.020254418	0.18793488	0.09665	-1.405698	0.030490268	2.5553524	13.123953	-294.20404	53.723156	-293.77682	53.87742	22.0	1201.8597
23	1920000	1.5	0.014616577	-22.436453	3.6429741	-299.44116	1219.0	25.348701	0.20909949	0.00014802832	2.0	-0.13764122	16.601988	3.0690243	0.08020936	0.18725061	0.2059625	-2.5099015	0.08944714	4.112347	20.873556	-349.70502	12.321744	-349.11548	12.298229	23.0	1247.5602
24	2000000	1.5	0.014675439	-24.62036	2.6202326	-344.45642	1219.0	15.19424	0.24677762	0.00020551457	4.0	-0.28426352	15.656275	1.4212148	0.022363143	0.1863021	0.1467125	-4.791783	0.01806098	11.841375	59.581764	-308.65277	39.809692	-308.2477	39.812283	24.0	1293.5331
25	2080000	1.5	0.014725265	-27.693	1.2769974	-311.89447	1219.0	19.214954	0.22358584	0.00016875254	4.0	0.12746312	16.09516	1.8295494	0.04250715	0.18575087	0.0838375	2.053909	0.036041185	3.8177917	27.25401	-336.00153	19.212265	-336.7358	19.009867	25.0	1339.4006
26	2160000	1.5	0.014767439	-25.7618	1.7001072	-336.79144	1219.0	9.884932	0.24016802	0.00015403828	1.0	-0.19984725	15.196784	0.85205	0.037796803	0.18564853	0.1182125	-3.3577745	0.052310914	3.3777468	57.427937	-373.25647	2.7530663	-373.52002	2.6516504	26.0	1385.7013
27	2240000	1.5	0.014803143	-27.858791	0.8346432	-365.8563	1219.0	3.2754693	0.2595058	0.00014568461	1.0	-0.13486093	14.55115	0.26751858	0.031725593	0.18551445	0.1198875	-2.076022	0.045638587	1.5422541	91.85327	-398.46155	2.257625	-398.49197	2.2765615	27.0	1431.3
28	2320000	1.5	0.014833362	-30.212431	0.3557262	-391.91397	1219.0	7.365011	0.28991628	0.00023884702	4.0	0.064624235	14.98188	0.6305736	0.018557452	0.18504485	0.1443875	1.0271188	0.020966178	0.41636997	118.0576	-365.18228	3.540353	-364.97495	3.603376	28.0	1477.5074
29	2400000	1.5	0.014858946	-31.749556	0.43437055	-371.72137	1219.0	2.1634598	0.29145172	0.00018310397	2.0	-0.06062676	14.461598	0.17701131	0.0164329	0.18483281	0.0984125	-0.9402369	0.020416452	0.18193242	108.37222	-340.16028	25.008936	-340.56534	25.067154	29.0	1523.2976
30	2480000	1.5	0.0148806	-30.18422	0.16690966	-353.52795	1219.0	3.7762017	0.26595548	0.00012339717	149.0	0.034064475	14.629116	0.3124734	0.0030676816	0.16558027	0.0266	0.5278041	-0.00013900308	0.20094123	83.83815	-328.01956	48.82905	-328.3968	48.542786	30.0	1581.4114
31	2560000	1.5	0.014898927	-29.034779	0.31687596	-351.8178	1219.0	3.8687694	0.25767702	9.401847e-05	149.0	7.397584e-05	14.64272	0.31896192	0.0014353497	0.1568879	0.012075	-0.00247233	0.001235469	0.09800986	103.113335	-330.82147	45.940945	-330.83084	45.555466	31.0	1639.5826
32	2640000	1.5	0.014914451	-28.864962	0.3152227	-355.8391	1219.0	3.0705557	0.2706475	8.121138e-05	149.0	-0.015943471	14.568419	0.24913938	0.0019297459	0.13719094	0.020775	-0.25435558	0.0013495247	0.08335382	104.59277	-335.4468	39.75512	-336.2042	39.82456	32.0	1698.228
33	2720000	1.5	0.01492758	-29.269968	0.24565469	-359.9791	1219.0	2.0348172	0.26664653	7.244219e-05	149.0	-0.019932678	14.467932	0.16256675	0.0011172531	0.1359148	0.010175	-0.31032488	0.0004407289	0.050884392	111.50064	-338.43826	45.28805	-338.3368	45.394203	33.0	1756.6527
34	2800000	1.5	0.014938699	-29.486118	0.16993137	-361.00098	1219.0	2.2980518	0.2713782	6.8741945e-05	149.0	0.0032184077	14.496433	0.18416043	0.001572916	0.13181031	0.0168375	0.045481835	0.0014717901	0.02449775	116.55715	-342.80325	36.084404	-342.56012	35.92777	34.0	1814.8048
35	2880000	1.5	0.014948113	-29.62	0.1798438	-365.22784	1219.0	1.7903326	0.26639882	6.9529815e-05	149.0	-0.008668191	14.446985	0.14521669	0.00088850124	0.12957394	0.016375	-0.13781208	0.0012892578	0.025732376	120.55896	-346.511	35.357582	-346.34253	35.404167	35.0	1872.8707
36	2960000	1.5	0.014956073	-29.95264	0.1453945	-366.72644	1219.0	1.6323097	0.27354616	6.622885e-05	149.0	-0.0031117152	14.431713	0.13398384	0.001767592	0.118091464	0.0231625	-0.05201266	0.0013786773	0.020548834	121.58488	-348.6431	23.933868	-349.00464	23.839903	36.0	1931.1538
37	3040000	1.5	0.01496282	-30.201288	0.13361661	-367.1244	1219.0	1.4117047	0.2793128	6.738158e-05	149.0	-0.0044835443	14.420612	0.11609263	0.0008355236	0.109353416	0.005175	-0.06958671	-0.00045499805	0.02408668	124.83695	-350.277	26.054226	-350.39322	25.731316	37.0	1989.3394
38	3120000	1.5	0.0149685275	-30.187138	0.119618654	-368.0945	1219.0	1.4844955	0.2811995	6.04264e-05	149.0	0.0004210198	14.4205675	0.12254102	0.0011597219	0.09335017	0.0141375	0.0046458794	0.00025659308	0.026920855	125.14385	-351.8674	18.906015	-352.24222	18.312634	38.0	2048.3572
39	3200000	1.5	0.014973358	-30.012415	0.11654133	-369.44656	1219.0	1.4681373	0.26281518	6.4757405e-05	149.0	0.0010732498	14.420338	0.12194408	0.00060525874	0.07816625	0.0078625	0.015799282	-0.00021515715	0.031722005	121.86075	-350.92902	19.999182	-350.82318	19.49164	39.0	2106.6487
40	3280000	1.5	0.014977453	-30.341896	0.12243845	-369.6178	1219.0	1.4327157	0.27467978	6.325982e-05	149.0	-0.00085190375	14.420073	0.11918904	0.0007166768	0.072909	0.0066625	-0.013462351	-0.00039767838	0.029362744	118.5534	-349.466	20.793304	-349.82425	20.68587	40.0	2164.894
41	3360000	1.5	0.014980911	-30.38576	0.118630566	-368.4104	1219.0	1.3876092	0.2619512	5.8339727e-05	149.0	-0.00071955874	14.419676	0.1153844	0.0004023428	0.065885186	0.0026625	-0.010930211	-0.0007011492	0.025554895	116.22067	-350.23962	20.057667	-351.7226	20.33773	41.0	2223.04
42	3440000	1.5	0.014983846	-30.444456	0.11829321	-367.63235	1219.0	1.3100623	0.276186	5.064275e-05	149.0	-0.0020774852	14.419047	0.109450586	0.0007460721	0.0587467	0.0043	-0.032709204	-0.00010866084	0.02295179	112.6445	-348.27908	13.429921	-348.3954	13.122712	42.0	2281.4062
43	3520000	1.5	0.014986322	-30.148335	0.10708804	-365.8194	1219.0	1.2469065	0.26304084	4.4086883e-05	149.0	-0.0007496309	14.418233	0.10342139	0.0012769233	0.038128495	0.0107875	-0.012490136	-6.387315e-05	0.018214362	109.59882	-349.5983	11.483159	-350.34705	11.813347	43.0	2340.0723
44	3600000	1.5	0.0149884205	-29.844013	0.10248358	-367.29987	1219.0	1.2902249	0.2542336	4.608734e-05	149.0	0.0012843156	14.417588	0.107449755	0.0017194437	0.018495679	0.0110125	0.018654637	-0.0001691721	0.021005692	112.364876	-348.07385	16.181952	-347.9289	16.360416	44.0	2398.3604
45	3680000	1.5	0.0149901975	-30.503897	0.10612903	-365.20685	1219.0	1.2120821	0.2612163	4.1665415e-05	149.0	-0.0010887237	14.416628	0.10146915	0.00091558817	-0.0012544394	0.0037	-0.01732144	-0.0007522684	0.018185165	117.23149	-345.31064	11.826824	-345.22757	11.644381	45.0	2456.6099
46	3760000	1.5	0.0149917025	-30.368956	0.097433224	-361.5827	1219.0	1.1063485	0.25727874	3.625892e-05	149.0	-0.0011046351	14.415396	0.09286867	0.00048453317	-0.011956812	0.0043125	-0.017406402	-0.00023580327	0.012168229	117.826775	-344.54715	17.101456	-344.43063	17.59872	46.0	2514.8596
47	3840000	1.5	0.014992981	-29.938503	0.09382421	-361.39627	1219.0	1.0802499	0.24768229	3.4707664e-05	149.0	-0.0007737162	14.414087	0.090652406	0.0009381237	-0.029113889	0.0046375	-0.012022252	-0.0009122389	0.01140204	120.60759	-343.59454	24.396757	-343.18298	24.388046	47.0	2573.1797
48	3920000	1.5	0.014994055	-30.265244	0.0898306	-361.29587	1219.0	1.0971782	0.23677388	3.0434143e-05	149.0	0.0005688546	14.412846	0.09244445	0.00082708074	-0.041901823	0.0041	0.008864413	-0.0007275878	0.012505923	120.02866	-342.95596	28.222412	-342.78543	27.913492	48.0	2631.386
49	4000000	1.5	0.014994966	-30.588013	0.09166368	-359.84985	1219.0	1.1000521	0.24043456	2.7851613e-05	149.0	0.00018654515	14.411583	0.092861965	0.00069371186	-0.057150245	0.007225	0.002228705	-0.00017544012	0.010993667	122.22388	-344.7377	28.42985	-343.41263	28.27749	49.0	2689.829
50	4080000	1.5	0.01499574	-29.385246	0.0931503	-360.81686	1219.0	1.1259987	0.24662924	2.7836708e-05	149.0	0.0005203553	14.410432	0.09583212	0.0006078116	-0.081128955	0.002675	0.0077553955	-0.00034828225	0.013475494	122.68895	-344.18622	32.69086	-344.6356	32.265175	50.0	2748.0994
51	4160000	1.5	0.0149963945	-30.155321	0.09663492	-360.999	1219.0	1.1182948	0.24366567	3.0041188e-05	149.0	-0.00037791868	14.409211	0.09550164	0.0006260467	-0.09491098	0.003075	-0.0060469355	-0.00036107883	0.014177147	123.62861	-344.1596	32.798508	-344.4551	32.66056	51.0	2806.2756
52	4240000	1.5	0.014996949	-30.396935	0.09391037	-360.16043	1219.0	1.0967383	0.23847881	2.4721066e-05	149.0	-0.00011652156	14.407951	0.09399579	0.000831342	-0.11836111	0.00595	-0.0022669465	-0.00025511513	0.012755107	129.46332	-343.461	32.165527	-343.40555	31.835304	52.0	2864.5002
53	4320000	1.5	0.014997421	-30.10447	0.09200089	-359.6205	1219.0	1.1076202	0.23626272	2.3513494e-05	149.0	0.00063440687	14.406734	0.09543885	0.001217845	-0.14243901	0.0061125	0.009311142	-0.00025264148	0.012566519	127.65202	-345.16843	31.32933	-345.59552	31.010109	53.0	2922.6953
54	4400000	1.5	0.014997812	-29.493025	0.096700236	-360.61636	1219.0	1.133146	0.22829533	2.5528914e-05	149.0	0.00017980179	14.405598	0.09837333	0.0002542268	-0.1469208	0.0016125	0.0025388103	-0.00015898752	0.014755015	132.824	-345.50107	28.538727	-345.3868	27.82402	54.0	2981.2996
55	4480000	1.5	0.014998151	-29.763832	0.09692268	-359.99698	1219.0	1.1112632	0.22042902	2.4941965e-05	149.0	-0.00023698063	14.404355	0.09689514	0.0011089798	-0.17431545	0.006525	-0.0043369867	-9.0110705e-05	0.013750441	137.99083	-346.55396	27.634298	-345.76572	26.59609	55.0	3039.7502
56	4560000	1.5	0.014998434	-30.777235	0.094612226	-360.18503	1219.0	1.1200093	0.23143573	2.7211703e-05	149.0	0.00061436376	14.4031725	0.09832488	0.0010150291	-0.20007849	0.0062625	0.008975504	-0.000324572	0.014311674	147.73994	-346.6955	25.895523	-346.32672	25.707256	56.0	3098.2961
57	4640000	1.5	0.0149986725	-30.133543	0.095848806	-359.75827	1219.0	1.1179743	0.20871106	2.5452498e-05	149.0	0.00041526838	14.401967	0.09900636	0.001243852	-0.23277783	0.0074875	0.006188357	-0.00048861484	0.014063035	149.19254	-345.9612	24.650497	-344.7307	23.861467	57.0	3156.3271
58	4720000	1.5	0.014998881	-30.193544	0.09578855	-359.00775	1219.0	1.099883	0.22578947	2.349114e-05	149.0	0.00020765599	14.400718	0.098345555	0.0007080621	-0.24860169	0.0023875	0.0028513428	-0.00028611798	0.012608828	150.0766	-346.7967	22.34277	-347.6311	21.558332	58.0	3214.5354
59	4800000	1.5	0.014999048	-29.217232	0.09998324	-361.24637	1219.0	1.1949024	0.2178944	2.310822e-05	149.0	0.0015311376	14.399841	0.10828788	0.0013032369	-0.27520797	0.006125	0.023295702	-0.00050122035	0.017155569	159.46788	-346.3571	22.499857	-346.67337	22.369188	59.0	3272.8306
60	4880000	1.5	0.014999196	-30.36702	0.10528065	-360.05402	1219.0	1.1414534	0.21458869	2.3840072e-05	149.0	-0.0006318928	14.398621	0.10477295	0.0008385195	-0.29216194	0.00305	-0.01016176	3.84243e-05	0.015074808	162.91278	-346.82397	24.880487	-346.27277	24.203348	60.0	3332.1636
61	4960000	1.5	0.014999316	-30.623165	0.10008177	-360.1198	1219.0	1.1491237	0.21994953	2.5750993e-05	149.0	0.00090724474	14.397523	0.1062313	0.0005650543	-0.28541228	0.005975	0.013457254	1.1447811e-05	0.015251723	164.54634	-345.04236	23.566393	-345.63986	23.218506	61.0	3390.4622
62	5040000	1.5	0.014999421	-28.730982	0.10781532	-359.4618	1219.0	1.1132493	0.23367563	2.0647854e-05	149.0	-0.0015497146	14.396304	0.10372292	0.0006954666	-0.2738967	0.0030625	-0.02422303	-3.364067e-05	0.013903902	156.82382	-345.22275	25.482418	-345.61447	25.858564	62.0	3448.6475
63	5120000	1.5	0.01499951	-29.856487	0.10080546	-358.5493	1219.0	1.0768625	0.24711494	2.1461276e-05	149.0	-0.0007418351	14.394986	0.09989484	0.0014563794	-0.31417605	0.015925	-0.01219064	-0.00059374276	0.011925724	156.18504	-344.86096	22.983372	-345.7171	22.402966	63.0	3506.8645
64	5200000	1.5	0.014999585	-29.865778	0.098717645	-358.18918	1219.0	1.0818809	0.24707465	2.1806298e-05	149.0	-7.088827e-05	14.393687	0.10047031	0.0008418579	-0.3327692	0.0053375	-0.0013281582	-0.00036464309	0.011423912	163.6621	-345.766	23.820597	-345.11768	23.3059	64.0	3565.2314
65	5280000	1.5	0.014999655	-30.006437	0.09932011	-358.24005	1219.0	1.0704798	0.23350973	2.1048405e-05	149.0	-0.0002650889	14.392344	0.1004631	0.00064558635	-0.35070327	0.006125	-0.0046026576	-0.00022568855	0.011803717	164.369	-345.2792	27.682589	-345.03278	27.685303	65.0	3623.704
66	5360000	1.5	0.014999704	-29.737244	0.09844037	-358.13525	1219.0	1.0687045	0.23054118	1.9885114e-05	149.0	-7.073248e-05	14.391003	0.100678526	0.001142395	-0.37711543	0.0054125	-0.0012797808	-0.00026706213	0.011147744	160.44318	-344.63092	25.662418	-344.93552	25.818699	66.0	3681.9592
67	5440000	1.5	0.014999748	-29.805525	0.09946927	-358.18137	1219.0	1.0634649	0.2411798	1.9285817e-05	149.0	-0.00038395083	14.389646	0.10039917	0.0007885579	-0.3993109	0.00365	-0.0062397947	-0.00040325508	0.010887292	163.16507	-343.41272	27.028404	-343.38715	26.660278	67.0	3740.2292
68	5520000	1.5	0.014999791	-30.077194	0.09767405	-356.50134	1219.0	1.0593969	0.24001975	2.0066656e-05	149.0	-0.00017250553	14.388275	0.0994594	0.0012555034	-0.42671156	0.009175	-0.0032049916	-0.00023294613	0.009110401	163.14005	-341.6173	27.992067	-342.73737	28.340849	68.0	3798.5667
69	5600000	1.5	0.01499982	-30.560081	0.098062634	-356.50067	1219.0	1.1080912	0.2342536	2.0642603e-05	149.0	0.00065044453	14.387097	0.10342986	0.00096001365	-0.4392285	0.007225	0.009314033	-2.9913712e-05	0.008985998	170.53654	-342.4439	29.9554	-342.61453	29.176214	69.0	3856.7073
70	5680000	1.5	0.014999851	-29.537119	0.103626266	-357.27908	1219.0	1.2012945	0.25229734	2.0069154e-05	149.0	0.001376428	14.38619	0.11222593	0.0009615653	-0.45214462	0.0054875	0.02072615	-0.00022229271	0.010633509	165.17067	-342.8462	30.891474	-342.3725	30.482632	70.0	3915.0803
71	5760000	1.5	0.014999868	-29.984552	0.11239137	-356.9212	1219.0	1.2712872	0.251743	2.0569723e-05	149.0	0.0007895155	14.385424	0.118734464	0.0012221874	-0.4765816	0.00845	0.01165963	-0.0003320541	0.0109551	166.05357	-342.16354	32.67059	-341.20074	32.025997	71.0	3973.3274
72	5840000	1.5	0.014999894	-29.985441	0.11989433	-357.32013	1219.0	1.4228406	0.2568907	2.4136283e-05	149.0	0.0019924238	14.385207	0.13142055	0.0009869464	-0.4981999	0.0062125	0.03014646	-0.00019785653	0.012361547	164.55438	-343.9886	31.506392	-342.13846	31.120577	72.0	4031.6904
73	5920000	1.5	0.01499991	-29.101294	0.13640064	-358.8846	1219.0	1.4906659	0.265284	2.4156438e-05	149.0	-9.0434325e-05	14.38503	0.1390811	0.0006804936	-0.51107126	0.0035375	-0.0017587234	-0.0002534603	0.01486674	172.24948	-343.07513	30.163052	-342.4694	29.644041	73.0	4089.8445
74	6000000	1.5	0.014999923	-29.257792	0.13556205	-357.86002	1219.0	1.4455401	0.26456618	3.4238838e-05	149.0	-0.00085743965	14.384735	0.13533752	0.0009199599	-0.52839994	0.00515	-0.014036423	-0.00027317792	0.013043253	164.30959	-343.03555	28.135626	-342.72855	27.79812	74.0	4148.1333
75	6080000	1.5	0.014999928	-29.4586	0.14107135	-358.50974	1219.0	1.53227	0.26370877	2.8331464e-05	149.0	-0.00024138518	14.385756	0.14327216	0.0009040534	-0.5429292	0.005525	-0.004801672	-7.662659e-05	0.014619328	170.87447	-344.6489	24.116875	-344.65463	24.940624	75.0	4206.2954
76	6160000	1.5	0.014999942	-29.2369	0.1419081	-357.8809	1219.0	1.4879704	0.2582898	2.3352632e-05	149.0	-0.0014050673	14.384659	0.13904142	0.0006901516	-0.5405827	0.0048875	-0.022308497	-0.00028270512	0.012783581	169.72058	-343.67	22.312286	-344.3208	21.972069	76.0	4264.586
77	6240000	1.5	0.014999954	-28.3093	0.13523652	-356.96997	1219.0	1.3289698	0.27346134	2.5211735e-05	149.0	-0.003023195	14.384086	0.12512068	0.0012695511	-0.559946	0.006975	-0.047409624	-0.0001822506	0.010641708	166.82602	-341.90442	20.775358	-342.35117	20.135212	77.0	4324.043
78	6320000	1.5	0.014999957	-29.68351	0.1259258	-356.3658	1219.0	1.3554878	0.28130305	2.1241282e-05	149.0	-0.00044761001	14.383616	0.12638198	0.00084072875	-0.57268906	0.0033875	-0.0072381464	-0.0003078926	0.009485442	166.77133	-343.28314	22.28643	-343.25333	22.371883	78.0	4382.296
79	6400000	1.5	0.01499997	-29.229307	0.1293246	-357.52505	1219.0	1.4444247	0.2923134	2.232337e-05	149.0	0.00078637653	14.383446	0.13525192	0.00045878295	-0.5822554	0.002225	0.011492478	-5.7216643e-05	0.011469809	166.66245	-342.63077	20.564823	-342.77594	19.70069	79.0	4440.7476
80	6480000	1.5	0.014999973	-29.369772	0.13546412	-357.56998	1219.0	1.4252626	0.3067611	2.4686142e-05	149.0	-0.0008298993	14.383069	0.13465606	0.0035276455	-0.5973726	0.0498125	-0.013243188	0.0015772292	0.0110194795	165.5091	-340.244	19.778276	-340.9939	19.372316	80.0	4498.9956
81	6560000	1.5	0.014999973	-29.790838	0.13256615	-355.6669	1219.0	1.5466793	0.30634403	2.1574655e-05	149.0	0.0016918043	14.385583	0.1425796	0.0014654058	-0.620284	0.0095125	0.025113855	-0.00040073175	0.010907482	162.28615	-342.02362	17.061562	-343.05383	16.876968	81.0	4557.282
82	6640000	1.5	0.014999983	-28.587107	0.14484793	-357.54596	1219.0	1.3986667	0.2944537	2.3458211e-05	149.0	-0.0033948652	14.382772	0.13281156	0.00012522994	-0.6277155	0.0026625	-0.052705407	-7.337363e-05	0.010709169	165.45049	-342.71326	15.485865	-344.50238	15.701827	82.0	4615.678
83	6720000	1.5	0.014999985	-29.012009	0.13302703	-357.9612	1219.0	1.3745849	0.3031978	2.3348566e-05	149.0	-0.00080348353	14.382333	0.1325157	0.0011974691	-0.64539677	0.013725	-0.013414284	-0.0001882063	0.0109659955	165.89406	-343.74435	12.820708	-344.0318	12.766134	83.0	4674.1426
84	6800000	1.5	0.014999987	-29.13171	0.13249412	-357.8654	1219.0	1.3396792	0.3045649	2.2672219e-05	149.0	-0.0012588756	14.381791	0.13027154	0.00067615794	-0.6267032	0.0044125	-0.019739877	-9.490471e-05	0.010699444	164.13338	-343.11847	13.415727	-343.7581	13.519778	84.0	4732.4277
85	6880000	1.5	0.014999988	-29.101618	0.12941912	-357.6609	1219.0	1.3139181	0.31146803	2.5053814e-05	149.0	-0.0010004512	14.381172	0.12835582	0.0012673737	-0.6510468	0.0078125	-0.01594841	-0.0003669772	0.0101534575	162.16498	-343.17102	12.419647	-343.50824	12.665842	85.0	4790.591
86	6960000	1.5	0.014999988	-29.015629	0.12754817	-358.3061	1219.0	1.3205813	0.34501627	2.488947e-05	149.0	-0.00023201246	14.380582	0.12974995	0.0013297762	-0.6412378	0.01775	-0.003978573	0.00013411274	0.01060917	160.00937	-343.48517	12.38529	-343.43253	12.016245	86.0	4849.085
87	7040000	1.5	0.014999988	-29.023418	0.13203704	-358.83118	1219.0	1.321842	0.31236035	2.4136321e-05	149.0	-0.00082064816	14.379981	0.13175607	0.0011339816	-0.6563329	0.0058	-0.013244844	-0.00041842365	0.011567275	159.52174	-341.82584	13.184749	-343.28674	13.431568	87.0	4907.367
88	7120000	1.5	0.014999988	-29.451456	0.13419347	-359.04477	1219.0	1.3420299	0.33562544	2.4186058e-05	149.0	-0.0006827113	14.379465	0.13465574	0.0020567346	-0.679052	0.023025	-0.011090602	-0.0001309269	0.011773494	164.95685	-342.85934	12.226067	-343.8902	12.4173355	88.0	4966.7896
89	7200000	1.5	0.014999988	-29.541256	0.13650721	-359.1342	1219.0	1.3728325	0.343328	2.5268459e-05	149.0	-0.0005417249	14.379032	0.13775891	0.0016570017	-0.6884976	0.014875	-0.008703757	-0.00016421222	0.0116682835	164.5383	-343.7665	10.6007395	-343.64047	10.260651	89.0	5025.335
90	7280000	1.5	0.014999999	-29.380463	0.13736029	-359.12653	1219.0	1.3702049	0.3870347	2.8688199e-05	149.0	-0.00060557463	14.378551	0.13835317	0.0014384968	-0.71115816	0.010825	-0.010189221	-0.00029846563	0.011685091	163.69925	-343.96463	8.388475	-343.9153	8.67895	90.0	5083.4634
91	7360000	1.5	0.014999999	-29.014269	0.13609232	-359.06927	1219.0	1.280737	0.35281137	3.2850836e-05	149.0	-0.0017780466	14.377834	0.13212511	0.0005955993	-0.7265729	0.0036875	-0.027484095	-0.000530751	0.011217492	160.47267	-343.4699	8.657594	-344.12943	9.056722	91.0	5141.6577
92	7440000	1.5	0.014999999	-29.302706	0.13458481	-359.61935	1219.0	1.2985253	0.32478455	2.7583423e-05	149.0	-0.0006597386	14.377188	0.13538435	0.00096436834	-0.742341	0.0049375	-0.010603317	-0.00037912064	0.011735969	161.8998	-341.61484	9.725607	-341.7886	9.204743	92.0	5200.93
93	7520000	1.5	0.014999999	-29.805275	0.13718356	-359.19702	1219.0	1.3874776	0.34838533	2.5352705e-05	149.0	0.00056748366	14.376859	0.14342132	0.0014301541	-0.75701076	0.01745	0.007913663	0.00044013473	0.012081575	161.53336	-342.64236	7.9954057	-343.0108	7.7400937	93.0	5259.2744
94	7600000	1.5	0.014999999	-29.082659	0.14543465	-359.13828	1219.0	1.3143196	0.41223106	2.9549625e-05	149.0	-0.0025301764	14.376154	0.13842064	0.007815823	-0.7819795	0.092225	-0.04111009	0.0043797186	0.011613968	163.102	-342.3831	7.4702673	-342.51984	7.5270023	94.0	5317.6416
95	7680000	1.5	0.014999999	-29.704206	0.13399927	-358.30457	1219.0	1.3119669	0.40300006	2.5504056e-05	149.0	-0.00031106442	14.37553	0.1363818	0.00042648564	-0.76683927	0.00235	-0.0051439544	-0.00012906098	0.010120956	158.3239	-342.21457	6.945926	-342.31485	6.937058	95.0	5375.9316
96	7760000	1.5	0.014999999	-29.088037	0.13581128	-357.8108	1219.0	1.2905865	0.3656803	2.7027816e-05	149.0	-0.0010352646	14.374843	0.13484392	0.0014889381	-0.7767392	0.01485	-0.016433673	-0.00022600727	0.00977797	156.46211	-341.51715	7.3939037	-342.7088	7.7623086	96.0	5434.3564
97	7840000	1.5	0.014999999	-29.217794	0.13539152	-358.04797	1219.0	1.3067338	0.45997792	2.7441865e-05	149.0	-0.0004245066	14.374221	0.13704412	0.00087860774	-0.78565097	0.0027	-0.006913196	-0.00021276636	0.010057389	155.19643	-342.1085	6.6921577	-341.9301	6.9168687	97.0	5492.7217
98	7920000	1.5	0.014999999	-28.927647	0.13679582	-358.55234	1219.0	1.2831615	0.44263902	2.928705e-05	149.0	-0.00087245565	14.373495	0.13671811	0.00078447355	-0.7952583	0.0053625	-0.013936905	-0.00041788854	0.010303456	153.2702	-343.78833	5.1903286	-344.3055	5.0941076	98.0	5551.181
99	8000000	1.5	0.014999999	-28.825281	0.13821293	-359.77618	1219.0	1.2805696	0.42162675	3.0186271e-05	11.0	-0.0004914772	14.372779	0.1396013	0.03071722	-0.79840535	0.1495875	-0.01074218	0.024742065	0.011488704	151.96097	-347.40222	4.0705953	-347.69208	3.8699656	99.0	5597.7573
100	8080000	1.5	0.014999999	-27.947466	0.15095004	-363.19342	1219.0	1.4070572	0.41216525	2.8919481e-05	81.0	0.0012257837	14.372561	0.15993182	0.023866056	-0.7985804	0.1379625	0.017365225	0.01863594	0.018580534	169.08855	-344.58295	4.7802277	-345.84882	4.8428745	100.0	5650.3164
101	8160000	1.5	0.014999999	-30.492071	0.14610565	-359.79575	1219.0	1.2460638	0.42496672	2.8163826e-05	149.0	-0.0020391683	14.371617	0.14198856	0.0006486549	-0.8044023	0.0019375	-0.03193872	-0.0001435507	0.012518832	158.2786	-344.5608	4.1540213	-345.0487	4.4388266	101.0	5708.7163
102	8240000	1.5	0.014999999	-29.234835	0.1441401	-360.36093	1219.0	1.2462096	0.41905746	2.8283714e-05	149.0	-0.0006722122	14.3708	0.14501739	0.0057198945	-0.83022773	0.0753375	-0.011789311	0.0027070316	0.012139492	151.55695	-343.96967	4.6808558	-345.21432	4.312429	102.0	5766.9624
103	8320000	1.5	0.014999999	-29.953413	0.14291191	-359.71533	1219.0	1.2890549	0.45650405	2.8372498e-05	149.0	0.0003112763	14.370151	0.1477249	0.000775412	-0.8302755	0.011025	0.0046602637	7.779441e-05	0.011447128	152.42288	-345.34027	4.4310617	-345.74585	4.439733	103.0	5825.078
104	8400000	1.5	0.014999999	-28.944593	0.15059943	-360.8173	1219.0	1.31183	0.46915245	3.2533386e-05	149.0	-4.705121e-05	14.369508	0.15405405	0.0009888177	-0.8498908	0.00835	-0.0014415768	7.609715e-05	0.012845833	151.03642	-345.62155	4.6040382	-347.26697	4.555849	104.0	5883.477
105	8480000	1.5	0.014999999	-29.433313	0.15697807	-361.08548	1219.0	1.3554525	0.49728698	3.04788e-05	149.0	-4.9041693e-05	14.369032	0.16074497	0.0022744953	-0.8658801	0.0187625	-0.0014563856	-0.00020128611	0.013519251	153.34581	-346.64923	3.978586	-347.09113	3.5973995	105.0	5941.611
106	8560000	1.5	0.014999999	-29.14039	0.16122882	-361.7259	1219.0	1.3292563	0.4525403	3.8612117e-05	149.0	-0.00089350337	14.368417	0.16129214	0.0012158502	-0.87936974	0.006825	-0.014225192	-0.00045378695	0.014007385	151.59175	-347.22052	3.5953596	-348.6463	3.531446	106.0	5999.883
107	8640000	1.5	0.014999999	-29.264065	0.1606293	-361.86444	1219.0	1.3267404	0.46716326	2.8585346e-05	111.0	-0.00027325435	14.367837	0.16338186	0.0157039	-0.8821096	0.1522875	-0.0051640454	0.014733838	0.013518919	152.11047	-349.3622	2.6901927	-349.88498	2.5877936	107.0	6054.814
108	8720000	1.5	0.014999999	-28.184729	0.17052095	-364.5231	1219.0	1.4344378	0.5036497	3.4776527e-05	149.0	0.0022410073	14.367681	0.18402395	0.0072990507	-0.8838043	0.084125	0.033236403	0.0043945154	0.018877849	156.87328	-348.55872	3.3062835	-349.1943	3.1856792	108.0	6113.198
109	8800000	1.5	0.014999999	-30.410444	0.17982987	-363.059	1219.0	1.3615237	0.53289735	3.392867e-05	149.0	-0.0011651702	14.367097	0.17936571	0.0013073107	-0.8813343	0.009425	-0.018765027	-0.00022554064	0.01595867	154.25983	-348.29953	3.1337366	-348.92743	2.8010614	109.0	6172.245
110	8880000	1.5	0.014999999	-29.367056	0.18362261	-363.83856	1219.0	1.4278117	0.50345075	3.8144768e-05	149.0	0.0013934537	14.36688	0.19368479	0.0010990984	-0.8885345	0.005875	0.02106108	-0.0002805957	0.018029511	153.5952	-346.58914	3.6016219	-347.4203	3.2979012	110.0	6230.7476
111	8960000	1.5	0.014999999	-30.33309	0.18982227	-362.39087	1219.0	1.3764206	0.5390979	3.1590513e-05	10.0	-0.0013083703	14.366382	0.18841517	0.0175711	-0.88752365	0.1188875	-0.02187812	0.012881981	0.01606865	155.28777	-343.94687	4.0395207	-345.2365	3.750503	111.0	6277.219
112	9040000	1.5	0.014999999	-30.185465	0.1759761	-359.6819	1219.0	1.2979385	0.53199095	3.4505654e-05	72.0	-0.002103414	14.365717	0.17087954	0.016652424	-0.89308274	0.1331875	-0.034354232	0.012964057	0.013320612	152.66191	-340.5799	5.627	-341.2292	5.7290177	112.0	6329.03
113	9120000	1.5	0.014999999	-30.5279	0.1622236	-356.33868	1219.0	1.5080763	0.5406528	3.1511485e-05	149.0	0.0017915188	14.36588	0.17297894	0.0037093845	-0.9056883	0.049775	0.02604497	0.002265308	0.012445487	152.50809	-340.9136	5.136998	-342.00995	5.1081295	113.0	6387.3125
114	9200000	1.5	0.014999999	-28.962112	0.17463176	-357.1305	1219.0	1.462687	0.58450115	3.7992748e-05	149.0	-0.0012022406	14.365495	0.1720555	0.001894095	-0.9204282	0.0167875	-0.019047087	-0.00075614837	0.011087652	147.37502	-341.76498	4.16308	-342.9765	4.146532	114.0	6445.4497
115	9280000	1.5	0.014999999	-28.746712	0.17137644	-357.6919	1219.0	1.3562549	0.6189079	3.355911e-05	149.0	-0.0019405842	14.365002	0.16584761	0.0016221994	-0.9512664	0.009775	-0.030710675	-0.00020529094	0.010599169	147.96178	-342.35712	3.7348573	-343.5018	3.9035046	115.0	6504.5635
116	9360000	1.5	0.014999999	-29.060087	0.16560772	-357.718	1219.0	1.3394748	0.57699996	3.536315e-05	149.0	-0.0007312531	14.36446	0.16543515	0.002058918	-0.970191	0.0235625	-0.011845887	0.000104691506	0.010496335	146.99324	-342.30264	3.590265	-343.10974	3.7619107	116.0	6562.9
117	9440000	1.5	0.014999999	-29.365887	0.16107132	-357.4071	1219.0	1.379033	0.55100095	2.8507871e-05	149.0	-0.00010792191	14.364073	0.1634796	0.0025991735	-0.995759	0.022925	-0.0032057958	-0.00013785991	0.010105174	146.28944	-345.05185	2.7639105	-345.42868	2.5159376	117.0	6621.092
118	9520000	1.5	0.014999999	-28.59801	0.16256386	-358.04218	1219.0	1.3169574	0.57232094	3.058358e-05	114.0	-0.0008532792	14.363424	0.16179836	0.023491995	-1.0025891	0.1795625	-0.015779955	0.018185958	0.010351052	144.8478	-348.8904	1.815496	-348.00494	1.8119545	118.0	6676.3916
119	9600000	1.5	0.014999999	-27.836344	0.1682911	-360.49658	1219.0	1.1293234	0.5697279	3.2984273e-05	149.0	-0.002630922	14.362262	0.1598988	0.00048678098	-1.0050956	0.0009875	-0.040654022	-0.00018371391	0.011747336	153.29163	-347.161	1.8170762	-347.4747	1.7374994	119.0	6734.642
120	9680000	1.5	0.014999999	-29.508057	0.16025229	-360.09494	1219.0	1.1100781	0.58474505	3.301633e-05	149.0	-0.00073213753	14.361041	0.16035612	0.0016174851	-1.0295573	0.009075	-0.012028717	-0.0004265189	0.010580267	147.11859	-347.295	1.7409385	-347.52084	1.6373278	120.0	6792.8853
121	9760000	1.5	0.014999999	-29.339869	0.15897888	-360.4266	1219.0	1.1122338	0.589691	3.3018274e-05	20.0	7.837322e-05	14.359829	0.16243635	0.017540436	-1.0260135	0.1662375	-0.00028047658	0.014438246	0.010742292	146.63824	-344.76328	2.4805155	-344.18747	2.2775254	121.0	6840.8364
122	9840000	1.5	0.014999999	-30.68161	0.15481097	-358.3118	1219.0	1.2743201	0.63630307	3.9216684e-05	133.0	0.0018558747	14.359251	0.16628928	0.015329536	-1.0123242	0.1314125	0.027534576	0.013831964	0.011518024	151.68787	-343.50156	3.008647	-344.17966	2.895997	122.0	6897.8306
123	9920000	1.5	0.014999999	-29.798357	0.15729679	-356.18756	1219.0	1.4985932	0.6656164	3.157794e-05	42.0	0.001996941	14.359241	0.16887233	0.023034183	-1.033373	0.151875	0.030813264	0.01826053	0.012625612	146.46481	-341.45282	3.8233626	-340.83847	3.5081391	123.0	6947.035
124	10000000	1.5	0.014999999	-29.782415	0.16059744	-354.11963	1219.0	1.9639276	0.64572966	2.5601892e-05	55.0	0.0062267426	14.404217	0.1894736	0.017823046	-1.0465497	0.137125	0.091618106	0.014405312	0.021170674	144.65504	-344.07257	2.5536346	-345.14624	2.4476385	124.0	6997.335
125	10080000	1.5	0.014999999	-28.029644	0.19276206	-356.15915	1219.0	1.5150543	0.6307298	2.3286744e-05	63.0	-0.008604254	14.3603	0.15848364	0.018688776	-1.0603408	0.14435	-0.13283248	0.01655768	0.013226395	145.73845	-346.10834	2.0118349	-347.1849	1.8911355	125.0	7048.257
126	10160000	1.5	0.014999999	-28.327278	0.16438998	-358.41577	1219.0	1.2416798	0.6120146	3.2389325e-05	149.0	-0.0031258916	14.3594675	0.15296328	0.003978711	-1.08033	0.06215	-0.04818833	0.0023233513	0.009934726	148.16237	-345.75552	2.034471	-346.3228	2.0880358	126.0	7106.484
127	10240000	1.5	0.014999999	-29.298035	0.15085079	-358.1192	1219.0	1.2835532	0.64541894	3.9734405e-05	149.0	0.001181206	14.358802	0.15825789	0.0056344904	-1.085909	0.06745	0.017351512	0.003050031	0.009699013	144.8004	-344.52646	2.0384073	-344.55182	1.9353225	127.0	7165.857
128	10320000	1.5	0.014999999	-29.235641	0.16321188	-358.8736	1219.0	1.2397332	0.72367567	2.953577e-05	149.0	-0.000374146	14.3579235	0.16409615	0.0021622553	-1.1089152	0.02295	-0.006305875	0.0002271101	0.010025111	147.37033	-345.6239	1.960345	-345.41843	1.8923731	128.0	7224.241
129	10400000	1.5	0.014999999	-29.445326	0.16487402	-359.00967	1219.0	1.2460437	0.6927596	3.3083685e-05	149.0	-0.00010132606	14.357112	0.16721533	0.000673307	-1.1187164	0.00295	-0.001771116	-0.00033114536	0.010260095	147.01848	-346.63736	1.7512014	-347.10593	1.5995319	129.0	7282.614
130	10480000	1.5	0.014999999	-29.137444	0.16770953	-359.37097	1219.0	1.2178314	0.73193735	3.1216605e-05	70.0	-0.00040926985	14.356203	0.16880901	0.024516402	-1.1235229	0.1301625	-0.006350016	0.015604081	0.010502669	146.98044	-348.4646	1.6190795	-349.1997	1.5759641	130.0	7334.112
131	10560000	1.5	0.014999999	-28.853495	0.17902514	-361.4186	1219.0	1.178991	0.70243496	3.5035737e-05	60.0	9.58448e-05	14.355186	0.18225957	0.015088675	-1.1468874	0.1238875	-8.463802e-05	0.011349784	0.01300648	156.29933	-347.62582	1.6736153	-348.24155	1.6333063	131.0	7384.893
132	10640000	1.5	0.014999999	-29.887571	0.17482878	-360.6173	1219.0	1.208612	0.75780904	3.8210583e-05	50.0	0.00066046836	14.354287	0.18068448	0.022751266	-1.1808149	0.1378125	0.007821074	0.015789794	0.011855766	149.48897	-349.49835	1.5667851	-350.66223	1.4877326	132.0	7434.773
133	10720000	1.5	0.014999999	-28.957619	0.19031979	-362.8808	1219.0	1.2173425	0.72770584	4.598116e-05	88.0	0.0013306687	14.353362	0.1990526	0.023214534	-1.1831251	0.12835	0.018627921	0.015790334	0.014577982	154.46904	-348.44528	1.5955715	-349.42664	1.477845	133.0	7488.883
134	10800000	1.5	0.014999999	-30.132332	0.18718676	-360.94565	1219.0	1.1952783	0.73922765	3.389113e-05	149.0	-0.0011307291	14.3523855	0.1858939	0.0026277616	-1.2081832	0.0239125	-0.018582998	0.000101566984	0.012627143	149.93593	-349.00854	1.5925045	-350.32166	1.5249255	134.0	7547.7363
135	10880000	1.5	0.014999999	-29.701794	0.18227045	-360.81525	1219.0	1.1984296	0.7960113	4.053036e-05	2.0	-0.00058781356	14.351429	0.18296316	0.01645697	-1.2078398	0.14675	-0.008229773	0.012015659	0.011699321	146.42438	-347.28915	1.9721875	-348.0991	1.8929306	135.0	7593.6167
136	10960000	1.5	0.014999999	-30.319834	0.17502178	-359.0454	1219.0	1.3795102	0.70879734	3.667482e-05	149.0	0.0017666098	14.351179	0.18560556	0.0032137868	-1.2149099	0.0491	0.027350742	0.0024349948	0.012862559	147.52727	-348.30692	1.8859963	-352.57635	1.8157308	136.0	7652.0947
137	11040000	1.5	0.014999999	-29.298618	0.18708067	-359.75137	1219.0	1.3374494	0.6914334	3.1619624e-05	104.0	-0.0013564883	14.350453	0.18414824	0.025221542	-1.2077395	0.1888	-0.02231039	0.022224488	0.011996112	145.8256	-349.41547	1.5236254	-350.74738	1.4251344	137.0	7706.5947
138	11120000	1.5	0.014999999	-28.648657	0.1919921	-361.1055	1219.0	1.1746702	0.7711849	3.1817024e-05	147.0	-0.001924257	14.349423	0.18639436	0.015352811	-1.2273287	0.118775	-0.029925536	0.009762504	0.012471331	151.34825	-350.0489	1.4527622	-350.4497	1.4710693	138.0	7764.708
139	11200000	1.5	0.014999999	-29.107319	0.19476978	-362.3643	1219.0	1.1790793	0.77362907	3.716898e-05	10.0	0.001742204	14.348412	0.2049018	0.032388706	-1.2294999	0.1755625	0.024959888	0.024515463	0.014157927	151.53038	-347.59756	1.6597623	-348.4204	1.6360235	139.0	7812.2397
140	11280000	1.5	0.014999999	-30.393068	0.19099571	-360.351	1219.0	1.2459165	0.72031003	3.939446e-05	2.0	0.0009092642	14.347653	0.19741441	0.017419318	-1.2300586	0.1497375	0.012812964	0.014768756	0.01376266	149.3194	-345.72296	2.0359285	-345.79962	2.0486302	140.0	7858.1626
141	11360000	1.5	0.014999999	-30.129837	0.18793273	-358.34802	1219.0	1.4314554	0.8340559	3.645299e-05	9.0	0.0012785412	14.3475	0.19631793	0.01519521	-1.2296525	0.1252875	0.017883614	0.013663665	0.014726379	145.84506	-346.27875	1.8511624	-347.21927	1.7695857	141.0	7904.5674
142	11440000	1.5	0.014999999	-29.052532	0.20499605	-359.2728	1219.0	1.2936169	0.823847	3.8732018e-05	114.0	-0.0023651586	14.346639	0.19776838	0.018839167	-1.2204255	0.1386125	-0.038579483	0.015778521	0.013068278	148.82248	-347.7664	1.5843748	-348.63797	1.4828415	142.0	7959.987
143	11520000	1.5	0.014999999	-28.672863	0.20621225	-361.2054	1219.0	1.1899523	0.83774436	5.2191248e-05	21.0	-0.00066495955	14.3456545	0.20619592	0.019359322	-1.221866	0.1419625	-0.011798254	0.014492529	0.01422301	152.51184	-346.64905	1.7701559	-346.66287	1.6596738	143.0	8007.507
144	11600000	1.5	0.014999999	-30.041584	0.19583508	-360.11887	1219.0	1.2761512	0.80541766	5.1405805e-05	1.0	0.0018424718	14.34501	0.20607464	0.015767181	-1.2220696	0.1170875	0.028505402	0.010629424	0.014211986	149.06163	-345.0466	2.05328	-345.19675	2.0631456	144.0	8053.3154
145	11680000	1.5	0.014999999	-29.954391	0.19606264	-357.92752	1219.0	1.4423159	0.89931375	4.8376853e-05	2.0	0.00090403977	14.344851	0.20258881	0.022961374	-1.2215487	0.1482	0.013385938	0.017901089	0.015498878	144.554	-343.16693	2.5699608	-342.90814	2.4534853	145.0	8099.0835
146	11760000	1.5	0.014999999	-29.948713	0.19269231	-356.00906	1219.0	1.7690111	0.83027774	4.148786e-05	48.0	0.002588503	14.36998	0.20654275	0.015936943	-1.2407469	0.1246375	0.037618265	0.010245572	0.019452153	142.68108	-344.9963	2.01499	-346.21182	1.8801321	146.0	8149.1035
147	11840000	1.5	0.014999999	-28.553513	0.21090338	-357.77762	1219.0	1.4954838	0.82879907	3.516944e-05	149.0	-0.005676851	14.345332	0.18979426	0.004731867	-1.2532252	0.0508875	-0.087524794	0.0028056873	0.013556849	143.84702	-346.64655	1.8309594	-347.6901	1.7487473	147.0	8207.38
148	11920000	1.5	0.014999999	-29.175854	0.19517522	-358.55447	1219.0	1.3839201	0.8859466	4.1148247e-05	76.0	-0.0021152294	14.34492	0.18901443	0.02393091	-1.266966	0.156975	-0.033219714	0.017249983	0.01222707	145.8973	-345.70377	2.201544	-347.66318	2.0941448	148.0	8259.469
149	12000000	1.5	0.014999999	-29.892372	0.18228425	-357.69662	1219.0	1.66043	0.8562664	3.7338614e-05	56.0	0.0035517782	14.359158	0.20017596	0.029373202	-1.2580355	0.1822875	0.052500464	0.020648206	0.015601531	145.58757	-348.25143	1.6918508	-350.57758	1.5972217	149.0	8309.911
