Epoch	TotalEnvInteracts	worker/CostLimit	worker/noise	learner/VVals	learner/CostVVals	worker/EpRet	worker/EpLen	worker/EpCost	learner/LossQ	learner/LossQC	learner/StopIter	learner/LossPi	learner/Lagrangian	learner/QcRet	learner/KL	learner/Entropy	learner/ClipFrac	learner/LossQcPenalty	learner/LossVallina	learner/LossKLAdv	learner/LossVC	learner/LossV	Eval/NaturalReward	Eval/NaturalCost	Eval/AdvUniformReward	Eval/AdvUniformCost	worker/Epoch	worker/Time
0	80000	1.5	0.0	0.08373152	0.047062233	-1819.8579	1219.0	466.03638	2.1176486	0.006087734	4.0	9.382365	48.01288	36.526356	0.016075375	0.92092425	0.2432375	459.48184	0.0238706	1.5812999e-06	1380.089	19699.197	-2001.2024	471.72064	-2001.2407	471.71954	0.0	44.171467
1	160000	1.5	0.0	-57.066387	38.77745	-1999.1423	1219.0	469.10333	1.2763555	0.0009250155	15.0	0.21070306	49.251995	39.673664	0.015284091	0.9281244	0.2012375	10.463056	-0.0033957954	7.720023e-06	6.7259974	10456.9375	-1839.9336	468.33142	-1840.0352	468.3313	1.0	90.51823
2	240000	1.5	0.0023027735	-149.49219	39.57708	-1837.0459	1219.0	465.62418	1.1586957	0.0003823415	7.0	-0.03152982	50.287445	39.670925	0.01884575	0.93097395	0.3018125	-1.7305782	0.0021621624	1.019609e-05	1.8773748	504.3064	-1628.3018	464.6785	-1628.2615	464.6783	2.0	135.17157
3	320000	1.5	0.004252031	-147.89197	39.610004	-1647.0018	1219.0	461.53976	1.1590679	0.00025406637	7.0	-0.11234241	51.25591	39.474995	0.016594116	0.9330605	0.24905	-5.9451632	-0.00044995747	1.2912068e-05	1.947399	470.29764	-1435.46	460.1498	-1435.3348	460.13434	3.0	179.94739
4	400000	1.5	0.0059020403	-133.99278	39.42731	-1478.2461	1219.0	456.61905	1.0653579	0.00023349859	7.0	-0.161587	52.116302	39.165127	0.016148474	0.93362814	0.24415	-8.760483	-0.005957387	1.8779558e-05	2.5958245	381.6166	-1251.232	453.47403	-1251.2548	453.4553	4.0	224.89041
5	480000	1.5	0.0072987443	-120.221436	39.090214	-1308.9132	1219.0	449.4674	1.0324014	0.00023213025	7.0	-0.21945886	52.73437	38.6593	0.019397309	0.9324902	0.3066	-11.981802	-0.00714994	2.5967449e-05	3.7190742	340.6198	-1039.9515	440.2367	-1040.0343	440.22247	5.0	269.66852
6	560000	1.5	0.008481027	-106.17348	38.461643	-1126.4753	1219.0	436.7274	0.9802598	0.00018441967	6.0	-0.3159419	52.765617	37.704723	0.016336266	0.9311571	0.2652625	-17.186296	-0.011140573	3.0404914e-05	5.9819975	339.26233	-846.48035	420.20044	-846.6646	420.22894	6.0	314.413
7	640000	1.5	0.009481809	-91.26758	37.4601	-979.46356	1219.0	422.58035	0.8858404	0.00016870335	6.0	-0.35089168	52.613983	36.584583	0.016465351	0.9296379	0.26275	-19.063429	-0.012151004	3.070859e-05	7.685384	258.34537	-666.33386	385.57962	-666.23083	385.64914	7.0	359.146
8	720000	1.5	0.010328949	-78.74591	36.02218	-839.3392	1219.0	401.29153	0.8009981	0.00016446754	7.0	-0.4237379	51.678467	34.816914	0.017972283	0.9277591	0.280275	-22.764297	-0.012338476	2.5527506e-05	9.494381	217.95813	-493.93375	302.1115	-493.92746	302.06168	8.0	403.9997
9	800000	1.5	0.011046043	-66.765366	33.660442	-706.04614	1219.0	369.77554	0.7250344	0.00015745433	9.0	-0.4725952	49.66037	32.159092	0.015677739	0.92393976	0.2612125	-24.497446	-0.012665754	1.526392e-05	10.672554	175.86354	-379.0122	117.11235	-379.16214	117.08882	9.0	449.32443
10	880000	1.5	0.01165305	-55.66313	30.013353	-591.31976	1219.0	323.13782	0.63448393	0.0002030234	17.0	-0.53543764	45.98215	28.138994	0.015340234	0.9120121	0.216475	-25.690939	-0.015400046	2.754841e-06	12.012382	118.36195	-245.89845	67.72613	-245.85963	67.75087	10.0	496.26044
11	960000	1.5	0.012166867	-45.955017	23.23602	-489.64462	1219.0	230.55672	0.5445947	0.0002473342	149.0	-0.8396694	37.431828	20.057991	0.01434269	0.80674654	0.10585	-32.630383	-0.0127208065	3.432979e-09	18.736654	65.25399	-39.554573	328.2571	-39.86956	328.2794	11.0	569.55975
12	1040000	1.5	0.012601807	-38.449505	14.710803	-418.69595	1219.0	136.72917	0.39576688	0.00025196598	149.0	-0.811893	28.507744	11.500003	0.007522552	0.72132075	0.0677625	-24.048374	-0.008370535	9.760272e-11	17.027147	35.07197	-7.3388	332.5332	-7.3578587	332.53247	12.0	642.5936
13	1120000	1.5	0.012969971	-33.7283	9.124552	-384.00702	1219.0	99.80998	0.34621415	0.00055315084	149.0	-0.27421075	25.139908	7.996812	0.0065586916	0.64038306	0.06115	-7.2641053	-0.007538811	2.979474e-11	5.7029743	18.298862	-6.391122	332.6171	-6.4080973	332.614	13.0	715.8505
14	1200000	1.5	0.0132816145	-30.943722	6.3538327	-358.4779	1219.0	75.19907	0.28075147	0.00044217994	149.0	-0.095175706	22.927681	5.9402156	0.006140458	0.5614119	0.0584625	-2.3400915	-0.007540654	1.097669e-11	3.8724337	14.91345	-5.586917	332.6956	-5.5849624	332.6943	14.0	789.2894
15	1280000	1.5	0.013545423	-28.817553	4.66983	-331.51883	1219.0	56.98692	0.25608936	0.00021144752	149.0	-0.03231028	21.28564	4.5104666	0.0057418887	0.48354247	0.057525	-0.764151	-0.007939362	2.522319e-11	3.6701965	12.826658	-5.6600537	332.6886	-5.685165	332.68506	15.0	862.69476
16	1360000	1.5	0.013768726	-26.566368	3.6089082	-312.31976	1219.0	44.086433	0.2350759	6.726802e-05	149.0	-0.007642365	20.129665	3.5454519	0.005936633	0.40801573	0.0548125	-0.18724361	-0.007839905	1.9117315e-11	3.171714	9.992432	-4.959356	332.74847	-4.9489365	332.74655	16.0	936.17535
17	1440000	1.5	0.013957752	-25.080652	3.035013	-291.54865	1219.0	37.91335	0.1970453	6.0336613e-05	149.0	0.04070765	19.616804	3.1750996	0.002137121	0.36030957	0.02015	0.8333428	-0.005940301	2.5796288e-07	3.631112	9.488797	-79.33024	310.1346	-79.70723	309.9184	17.0	1009.7005
18	1520000	1.5	0.014117749	-23.409348	3.005816	-279.27365	1219.0	36.67894	0.18764806	4.546959e-05	12.0	0.060728043	19.594664	3.2261777	0.021237219	0.3565628	0.069925	1.1954143	0.02486233	4.4503668e-05	3.538242	7.4861765	-255.57257	114.31502	-255.56561	114.34843	18.0	1055.7084
19	1600000	1.5	0.014253196	-22.905123	3.6985168	-310.90073	1219.0	45.898994	0.22165522	7.931619e-05	18.0	0.07265793	20.651766	3.9524918	0.025609665	0.3496137	0.0635375	1.4585054	0.005977197	0.00011149802	3.0368145	12.504848	-295.1213	80.71541	-292.9539	80.90692	19.0	1102.9153
20	1680000	1.5	0.014367847	-24.47531	3.356354	-300.1952	1219.0	32.8085	0.22589803	3.975522e-05	2.0	-0.08969472	19.43931	2.9705687	0.04991551	0.34883878	0.080975	-1.9467403	0.046485864	0.00028886882	2.092012	13.936272	-322.3993	38.174934	-322.576	38.13396	20.0	1147.0049
21	1760000	1.5	0.014464887	-24.443874	3.095068	-323.57083	1219.0	30.733616	0.2636582	5.3428812e-05	20.0	-0.09780223	19.320698	2.6681688	0.023434158	0.3432522	0.0475	-2.0657449	0.018980563	0.00034698582	3.2837715	20.21923	-300.06595	80.21818	-300.05325	80.28803	21.0	1195.0078
22	1840000	1.5	0.014547037	-26.009367	2.3060386	-323.2829	1219.0	20.982613	0.26943	3.6888443e-05	149.0	-0.1093713	18.416483	1.8433012	0.002186455	0.3177838	0.018125	-2.1420257	0.0014180371	0.00031367916	1.0982546	36.529633	-274.77728	115.65386	-274.44586	115.725	22.0	1268.6157
23	1920000	1.5	0.014616577	-26.313395	1.7929674	-324.33286	1219.0	19.468557	0.26479927	3.3779586e-05	149.0	-0.015946144	18.315357	1.7215984	0.003657708	0.28206924	0.023875	-0.33008385	0.0020292292	0.00025561303	0.7148536	33.53773	-263.34662	154.53511	-264.2323	154.46317	23.0	1342.2478
24	2000000	1.5	0.014675439	-26.283016	1.6138259	-322.87384	1219.0	16.709099	0.25364462	2.7829748e-05	149.0	-0.025541928	18.08751	1.5060141	0.002535369	0.27076364	0.0319	-0.50117904	0.0050965864	0.00017360353	0.73439455	47.322163	-233.49055	186.85434	-233.35358	187.11613	24.0	1415.8795
25	2080000	1.5	0.014725265	-26.420671	1.4893657	-328.46286	1219.0	14.291061	0.26977783	2.2600801e-05	3.0	-0.04681027	17.888786	1.2965274	0.03523479	0.2705092	0.0901625	-0.9810369	0.050460454	0.00025006357	0.7593596	46.39463	-269.4581	149.97499	-269.75632	149.74896	25.0	1460.0356
26	2160000	1.5	0.014767439	-27.170706	1.1950835	-367.8294	1219.0	4.9120464	0.3019092	4.3129614e-05	2.0	-0.19039509	16.97335	0.39762574	0.015029213	0.27032617	0.075675	-3.4176981	0.030732067	0.00028551597	3.1974416	113.347984	-296.0364	123.448456	-297.17838	122.2544	26.0	1504.0969
27	2240000	1.5	0.014803143	-30.28295	0.3385922	-391.18073	1219.0	4.8423295	0.32290554	0.00010359869	149.0	0.020822642	16.97588	0.43399715	0.00096030586	0.2485323	0.0064875	0.36647323	-0.00040712065	0.00027079936	0.31056508	147.70335	-301.6053	117.10577	-301.9572	116.38391	27.0	1577.5322
28	2320000	1.5	0.014833362	-31.90157	0.4034004	-386.37393	1219.0	3.9020529	0.3139096	8.750498e-05	149.0	-0.016242843	16.890434	0.33565143	0.0011541189	0.23250961	0.0078125	-0.2971545	6.9910384e-05	0.00023617863	0.15180975	126.0448	-290.82657	119.652725	-291.12604	118.724304	28.0	1651.0215
29	2400000	1.5	0.014858946	-31.67742	0.3100826	-386.10858	1219.0	3.269195	0.32831687	7.917432e-05	149.0	-0.0060282983	16.83438	0.28626683	0.0009531046	0.20932652	0.0059	-0.11396322	-0.00023745003	0.00020981295	0.11918277	119.68084	-277.34534	128.80275	-278.33743	128.21545	29.0	1724.3912
30	2480000	1.5	0.0148806	-31.65024	0.26453128	-382.9324	1219.0	2.7596688	0.3004602	8.161335e-05	149.0	-0.0059709856	16.789211	0.24015903	0.0012799449	0.19022617	0.007725	-0.11075328	-0.001048526	0.00021408345	0.08932426	116.25302	-278.3109	134.48729	-277.65155	135.14888	30.0	1797.9883
31	2560000	1.5	0.014898927	-31.512281	0.2210436	-373.63165	1219.0	2.2857978	0.284553	3.7656235e-05	149.0	-0.007995855	16.74237	0.18762198	0.0012126369	0.1780355	0.0130875	-0.14989145	0.0010376179	0.00023447404	0.054768067	114.590416	-308.87054	101.88263	-310.01624	100.81826	31.0	1871.4373
32	2640000	1.5	0.014914451	-30.618132	0.17729744	-373.73367	1219.0	1.7864916	0.30797902	3.7759753e-05	149.0	-0.008306948	16.693926	0.14586613	0.0010040209	0.1693468	0.01035	-0.1525003	0.00017976608	0.00021037918	0.037520617	112.8172	-307.2143	99.21996	-307.55252	98.75826	32.0	1944.9478
33	2720000	1.5	0.01492758	-30.518572	0.14363396	-375.81296	1219.0	1.9528285	0.29567552	4.3155746e-05	149.0	0.0038107275	16.711731	0.16201624	0.001002532	0.15756024	0.009475	0.062317275	0.0001755825	0.00017929458	0.046860125	112.76	-298.11795	103.90063	-298.64658	103.12501	33.0	2018.7404
34	2800000	1.5	0.014938699	-30.746881	0.15929489	-373.49292	1219.0	1.6229465	0.3001977	4.3056567e-05	149.0	-0.005865711	16.679388	0.13557093	0.0010658348	0.15289474	0.0191875	-0.110326454	0.0012074522	0.00014825162	0.036271114	107.57697	-282.38693	114.26122	-282.26636	114.544464	34.0	2092.523
35	2880000	1.5	0.014948113	-30.913078	0.13366513	-365.06146	1219.0	1.5133333	0.27848977	2.3306715e-05	149.0	-0.0027826247	16.669514	0.122852355	0.0010185463	0.1477555	0.0083625	-0.05414069	0.0009441688	0.00016392846	0.022146016	101.04347	-294.72473	102.7087	-294.4553	102.74194	35.0	2166.2344
36	2960000	1.5	0.014956073	-29.7216	0.11756882	-371.8685	1219.0	1.6386425	0.28698075	2.8614235e-05	149.0	0.0034036823	16.681358	0.13526604	0.0008820238	0.12306846	0.0056625	0.056277998	-0.00057175494	0.00015132646	0.033375453	108.67229	-294.87393	96.76262	-294.68018	97.094635	36.0	2239.7607
37	3040000	1.5	0.01496282	-30.695326	0.13277486	-369.313	1219.0	1.4596756	0.27684498	3.021317e-05	149.0	-0.0033744175	16.669666	0.120610915	0.0020508876	0.09974433	0.0161	-0.06286011	-0.0015008369	0.00014801246	0.026233368	108.20097	-287.5709	105.501144	-287.4007	105.03405	37.0	2313.3792
38	3120000	1.5	0.0149685275	-31.057062	0.11656216	-358.2997	1219.0	1.7238746	0.25792512	2.2552966e-05	149.0	0.005492603	16.690294	0.14100352	0.0037363328	0.079286456	0.0381875	0.08685379	0.0018181087	0.00018875126	0.030058237	103.7453	-305.9305	94.38269	-306.06378	94.22951	38.0	2387.0376
39	3200000	1.5	0.014973358	-29.448647	0.1367259	-365.58658	1219.0	1.4153221	0.26470882	2.2929127e-05	149.0	-0.005922415	16.669943	0.11636726	0.001412902	0.066013694	0.0114125	-0.11024873	0.00066781166	0.00019980164	0.026131127	111.41686	-312.20868	90.471466	-311.97174	90.096565	39.0	2460.7463
40	3280000	1.5	0.014977453	-29.666397	0.11472113	-370.52798	1219.0	1.5956986	0.25343543	5.3698255e-05	149.0	0.0042920606	16.677486	0.13390118	0.0009404137	0.07053447	0.0126875	0.07044249	0.00047778015	0.00015719	0.033499166	119.854416	-293.10007	103.57108	-293.29904	103.3981	40.0	2534.338
41	3360000	1.5	0.014980911	-30.384144	0.1375189	-367.48932	1219.0	1.4421338	0.2545565	3.346528e-05	149.0	-0.0036016223	16.669918	0.122688465	0.0010935683	0.061229467	0.009725	-0.06705193	-0.00049868773	0.0001408708	0.026605558	117.06914	-276.9397	118.28618	-277.242	118.164116	41.0	2607.9346
42	3440000	1.5	0.014983846	-30.812756	0.11515111	-360.79538	1219.0	1.4174799	0.25237855	2.1721398e-05	149.0	0.00061252405	16.669605	0.11810482	0.0007459511	0.037436604	0.0072375	0.0064025186	3.2568358e-05	0.0001550138	0.024448263	113.2905	-292.53442	105.29056	-292.16107	105.707375	42.0	2681.4758
43	3520000	1.5	0.014986322	-29.798975	0.11804076	-361.29388	1219.0	1.4216518	0.23197183	2.1180744e-05	149.0	-0.00066808035	16.66931	0.117798135	0.0019470757	0.018863797	0.0265125	-0.019001897	0.0007118717	0.00018664509	0.020143894	110.79537	-309.5486	92.34806	-309.40982	92.572685	43.0	2755.169
44	3600000	1.5	0.0149884205	-29.592018	0.11624834	-365.72302	1219.0	1.3698701	0.23980288	3.4628447e-05	149.0	-0.0007252913	16.668852	0.11505018	0.0015994613	-0.0020127296	0.01085	-0.017802184	0.00040043984	0.00016419264	0.023143357	117.70309	-306.53946	91.80237	-306.30447	91.91297	44.0	2828.8218
45	3680000	1.5	0.0149901975	-29.874228	0.115167215	-367.51987	1219.0	1.5325726	0.23897247	2.7052278e-05	149.0	0.0038902594	16.669975	0.13160135	0.000820016	-0.012512207	0.0049125	0.06557817	-0.0003262432	0.0001377377	0.030295858	132.90459	-287.38892	105.69428	-287.01462	105.77824	45.0	2902.3901
46	3760000	1.5	0.0149917025	-30.98084	0.11918304	-360.56808	1219.0	1.2198061	0.23412338	2.211419e-05	149.0	-0.0033136662	16.667984	0.10510347	0.0010427368	-0.04086578	0.00535	-0.061363183	-0.00049503555	0.00013319512	0.01591987	123.95743	-280.32428	112.119545	-280.26425	111.777954	46.0	2976.034
47	3840000	1.5	0.014992981	-30.994587	0.1068474	-355.38586	1219.0	1.518612	0.21712288	1.9355411e-05	149.0	0.004635132	16.66827	0.12642606	0.002659404	-0.056789514	0.0337375	0.07428341	0.0016132866	0.00015649658	0.02544107	125.20906	-299.74396	97.61782	-299.2499	97.09475	47.0	3049.574
48	3920000	1.5	0.014994055	-28.413332	0.11625302	-362.97205	1219.0	1.3776891	0.22987199	2.908907e-05	149.0	9.441886e-05	16.667545	0.11739814	0.00069691555	-0.058138013	0.0068875	-0.0020369696	0.00024888353	0.00015147674	0.024186358	137.27663	-300.69794	94.36837	-300.72647	94.193184	48.0	3123.2686
49	4000000	1.5	0.014994966	-29.3728	0.12384827	-364.73087	1219.0	1.486223	0.23584238	2.8348994e-05	149.0	0.0019607083	16.667543	0.13197908	0.0010433242	-0.075645685	0.005375	0.03165705	-0.0005817047	0.0001465826	0.027046466	138.70743	-293.93048	98.08676	-293.67975	97.91724	49.0	3197.067
50	4080000	1.5	0.01499574	-31.0481	0.11503684	-358.79346	1219.0	1.2391745	0.22272535	2.3964081e-05	149.0	-0.0014252927	16.666597	0.10830606	0.00045029077	-0.08855474	0.0045125	-0.028084394	-0.0002736477	0.00014067668	0.014884593	135.50906	-283.53046	107.50441	-283.28152	107.16482	50.0	3270.8242
51	4160000	1.5	0.0149963945	-30.41209	0.10707877	-355.74432	1219.0	1.4649901	0.23776689	1.8574257e-05	149.0	0.004236131	16.666649	0.12464197	0.0023055272	-0.09663248	0.0261375	0.068593286	0.0011549896	0.00016654424	0.02001977	126.753136	-302.92905	95.069214	-302.99475	94.353745	51.0	3344.4885
52	4240000	1.5	0.014996949	-28.656479	0.12355691	-362.56906	1219.0	1.3812118	0.22919254	4.1009473e-05	149.0	-0.00037315383	16.666006	0.12181768	0.0013312034	-0.11699879	0.0069625	-0.010118642	-0.0001653555	0.00016084389	0.02324465	132.9679	-301.54544	95.73036	-301.10614	95.39672	52.0	3418.1792
53	4320000	1.5	0.014997421	-29.676897	0.12340073	-364.54718	1219.0	1.5169489	0.2163465	3.4826007e-05	149.0	0.003942333	16.666122	0.13965751	0.0041656806	-0.17669782	0.0396125	0.06394791	4.98785e-05	0.00014127197	0.027626129	142.31026	-285.88635	106.60144	-285.832	106.45002	53.0	3492.2075
54	4400000	1.5	0.014997812	-32.899017	0.1190145	-356.1933	1219.0	1.5319257	0.21323326	1.8641655e-05	149.0	0.003720265	16.666903	0.13450626	0.0019249929	-0.21724077	0.0175	0.061982434	-4.0661238e-05	0.00014266282	0.023968391	161.49426	-286.8378	103.4775	-286.34753	103.53201	54.0	3565.9077
55	4480000	1.5	0.014998151	-29.625013	0.13341396	-354.18704	1219.0	1.3635008	0.19661549	1.4668214e-05	17.0	-0.0033668743	16.665545	0.11894289	0.023779843	-0.219254	0.12575	-0.072072074	0.02359208	0.00018331873	0.017408317	136.89758	-317.79578	86.42405	-317.51813	86.64125	55.0	3613.0527
56	4560000	1.5	0.014998434	-25.74639	0.161915	-378.74722	1219.0	3.273323	0.21642666	5.4925003e-05	149.0	0.04602318	16.844969	0.35522678	0.0014804146	-0.24491549	0.016475	0.8129318	0.00036476346	0.00016157598	0.27062643	301.5598	-286.1234	102.9853	-286.82123	101.73443	56.0	3686.6418
57	4640000	1.5	0.0149986725	-32.723675	0.2930577	-373.89706	1219.0	2.6019492	0.19034949	3.0572202e-05	3.0	0.012661907	16.780155	0.34569505	0.018189272	-0.24547839	0.1149875	0.20244555	0.014594702	0.00012516936	0.057207435	187.13788	-253.86816	121.13357	-253.44202	121.05566	57.0	3730.96
58	4720000	1.5	0.014998881	-33.67746	0.18356721	-348.04834	1219.0	2.3798332	0.19948992	2.5202482e-05	149.0	0.004419005	16.76081	0.20285216	0.0024454684	-0.28408527	0.0245125	0.07307804	-0.0005587795	0.00012049869	0.13726878	213.1686	-272.04642	111.95181	-272.53528	110.50022	58.0	3804.5964
59	4800000	1.5	0.014999048	-30.820572	0.2664566	-340.63184	1219.0	4.27556	0.19381747	2.6487536e-05	9.0	0.020435302	16.957512	0.35147953	0.018107995	-0.28351283	0.09865	0.34072894	0.016591366	0.00016352223	0.17639312	130.5628	-299.4618	97.01539	-299.6009	96.92743	59.0	3850.079
60	4880000	1.5	0.014999196	-25.75277	0.29658502	-361.43784	1219.0	1.5662013	0.20112443	2.4349883e-05	149.0	-0.02730863	16.688942	0.18088934	0.0021857165	-0.2594929	0.02135	-0.4918701	0.0015911103	0.00019667544	0.12032161	192.29158	-319.526	81.61713	-319.1705	81.78103	60.0	3923.7898
61	4960000	1.5	0.014999316	-26.827381	0.23570423	-369.86615	1219.0	2.0963583	0.20108433	4.5617307e-05	149.0	0.021534892	16.74337	0.3265913	0.007417044	-0.29420903	0.0409	0.36907923	0.005144044	0.00015294635	0.07487459	193.69008	-297.74048	95.37102	-297.41202	95.962166	61.0	3997.716
62	5040000	1.5	0.014999421	-32.405376	0.24630079	-358.82367	1219.0	1.2138809	0.20106804	2.0640178e-05	149.0	-0.015393919	16.685472	0.18274744	0.008471183	-0.31763315	0.052575	-0.28366143	0.0032909561	0.00012794367	0.03526268	170.00888	-237.15285	134.43114	-236.61928	134.09952	62.0	4071.606
63	5120000	1.5	0.01499951	-32.34229	0.121601254	-343.26242	1219.0	2.765232	0.19822875	2.7646422e-05	149.0	0.025514191	16.813005	0.22987416	0.0010965725	-0.3292599	0.017825	0.44957066	0.0003226734	0.00013389917	0.15543666	176.80826	-256.74326	119.591965	-256.82556	118.916046	63.0	4145.5474
64	5200000	1.5	0.014999585	-27.896431	0.22319421	-349.79868	1219.0	1.6562642	0.19713576	1.7333434e-05	149.0	-0.01823446	16.702654	0.14573222	0.005029497	-0.32281926	0.0660125	-0.33243296	0.0060697803	0.0001644253	0.052463055	152.68336	-291.07922	93.89844	-290.83237	93.34104	64.0	4219.238
65	5280000	1.5	0.014999655	-26.650856	0.16354842	-359.201	1219.0	1.2738627	0.19422539	2.4184672e-05	149.0	0.0049548303	16.688799	0.18372366	0.0010517046	-0.32676554	0.0076375	0.08341944	0.0002592617	0.00015725759	0.030016609	184.1835	-293.76276	93.28646	-293.79605	92.76598	65.0	4293.177
66	5360000	1.5	0.014999704	-29.327534	0.18444312	-358.28986	1219.0	1.2180011	0.19319035	2.8735853e-05	149.0	0.00014835731	16.687899	0.1855587	0.0046659857	-0.3504362	0.0518875	-0.005434825	0.0021549393	0.0001378511	0.01971098	168.1108	-284.0915	99.118996	-284.28442	98.91998	66.0	4366.969
67	5440000	1.5	0.014999748	-31.195576	0.13301927	-349.7046	1219.0	1.5105816	0.20063488	1.5087717e-05	149.0	0.0029065358	16.68815	0.14569278	0.002282191	-0.3833057	0.0179875	0.047145568	4.129475e-05	0.00016005042	0.03246985	163.96754	-297.18976	91.36581	-297.4011	91.08703	67.0	4441.002
68	5520000	1.5	0.014999791	-29.626831	0.1620079	-351.87485	1219.0	1.3072912	0.19371606	1.556676e-05	149.0	-0.005490043	16.687225	0.1384003	0.001069904	-0.37551168	0.0133125	-0.102168575	0.00047920132	0.00018610807	0.017248716	161.59503	-308.59763	80.930466	-308.838	80.94461	68.0	4514.698
69	5600000	1.5	0.01499982	-27.460081	0.15952042	-356.3179	1219.0	1.1403775	0.20475332	2.1707929e-05	149.0	0.0013778977	16.686094	0.16510747	0.0014384846	-0.3944828	0.0156375	0.01918593	0.00041087798	0.000169379	0.014301893	170.24742	-305.138	80.79611	-304.38034	81.106735	69.0	4588.718
70	5680000	1.5	0.014999851	-29.815374	0.13583332	-351.61096	1219.0	1.2282562	0.21067686	1.8575376e-05	149.0	-0.00043049228	16.685308	0.13412572	0.0010929833	-0.42498976	0.0082375	-0.011418639	-0.00014667473	0.00016695545	0.010950367	155.17155	-301.82394	82.82736	-302.29837	81.79471	70.0	4662.522
71	5760000	1.5	0.014999868	-29.867222	0.12888731	-348.965	1219.0	1.4983336	0.2069859	1.7083195e-05	149.0	0.0018615699	16.685413	0.1366498	0.0014525336	-0.45069164	0.008175	0.028989686	-9.284458e-05	0.00018650026	0.01387522	152.3089	-307.80722	76.81414	-308.58926	75.70715	71.0	4736.471
72	5840000	1.5	0.014999894	-29.075502	0.1479328	-349.9672	1219.0	1.543854	0.20627828	1.8710532e-05	149.0	-0.0008632297	16.687304	0.14380313	0.0011956058	-0.43134066	0.0075125	-0.02028922	-4.4830227e-05	0.00022959891	0.011652215	156.7912	-314.26364	67.9634	-314.99713	67.87683	72.0	4810.477
73	5920000	1.5	0.01499991	-26.986937	0.14396264	-351.59805	1219.0	1.1969895	0.20423563	2.4542282e-05	149.0	-0.0021876553	16.684246	0.13434759	0.0014222506	-0.45367816	0.0102875	-0.04277917	-0.0003814312	0.00019624124	0.008879088	160.2344	-308.34677	74.272865	-308.9635	72.8245	73.0	4884.677
74	6000000	1.5	0.014999923	-30.158035	0.12904355	-348.90344	1219.0	1.8070834	0.21399155	2.4812354e-05	149.0	0.008744563	16.713657	0.16534412	0.00088676787	-0.45496085	0.006275	0.15056431	-3.865433e-05	0.00020220951	0.024711732	156.82178	-308.91196	73.52346	-309.6746	72.66986	74.0	4958.5537
75	6080000	1.5	0.014999928	-28.110554	0.1670581	-349.43997	1219.0	1.5942951	0.21052475	1.8031304e-05	149.0	-0.00444665	16.69231	0.1478953	0.0012837179	-0.4718399	0.0103375	-0.08337433	-0.0004254673	0.00021939958	0.012916394	157.06454	-310.85947	71.936	-311.57175	72.268456	75.0	5032.2515
76	6160000	1.5	0.014999942	-28.388681	0.1565665	-349.85175	1219.0	1.663839	0.2207984	2.1159123e-05	149.0	0.00026440978	16.699646	0.15729335	0.0017529326	-0.48260504	0.0214875	-0.00038852767	0.00077034865	0.00022924013	0.014119678	165.69618	-307.85828	74.90967	-308.85367	74.16065	76.0	5106.1064
77	6240000	1.5	0.014999954	-28.481031	0.15535307	-349.1263	1219.0	1.7519324	0.20663643	2.5141931e-05	149.0	0.0005760535	16.709026	0.15734437	0.0004560939	-0.4786792	0.0029875	0.005369544	0.00019853706	0.00022978878	0.011913183	162.01772	-313.30563	70.90365	-314.0921	71.19637	77.0	5179.885
78	6320000	1.5	0.014999957	-27.417215	0.17594619	-353.56732	1219.0	1.5509822	0.21696034	2.8954126e-05	149.0	-2.856298e-05	16.68922	0.17520055	0.001051239	-0.46898124	0.0079875	-0.0050073126	-1.7958831e-05	0.00021797171	0.013080358	177.77655	-310.08762	73.29694	-311.18326	71.7194	78.0	5253.6255
79	6400000	1.5	0.01499997	-28.446207	0.15544902	-350.55936	1219.0	1.5641642	0.2345672	1.8938428e-05	149.0	0.000539424	16.690655	0.15729316	0.0015788377	-0.5041018	0.0098875	0.005133623	-8.146132e-05	0.00020980537	0.011166382	166.51231	-311.04697	72.79975	-312.31537	72.67305	79.0	5327.4604
80	6480000	1.5	0.014999973	-29.611488	0.17239964	-350.76346	1219.0	2.0604262	0.23884943	2.0331636e-05	149.0	0.0054387036	16.74159	0.19480197	0.0007461889	-0.51387113	0.006525	0.09175622	-6.130429e-05	0.00022786109	0.024425123	171.1793	-310.71432	73.54989	-312.357	72.01086	80.0	5401.3784
81	6560000	1.5	0.014999973	-28.678673	0.19957206	-349.82687	1219.0	2.1817627	0.2409397	1.7345876e-05	149.0	0.000943389	16.75512	0.20301682	0.0013691883	-0.48386475	0.0120375	0.010570553	0.00033109396	0.00025513003	0.016432509	169.8388	-316.20782	65.860916	-317.44492	63.605167	81.0	5475.436
82	6640000	1.5	0.014999983	-26.853022	0.18804768	-350.89536	1219.0	1.6817952	0.23542222	2.1377764e-05	149.0	-0.004528534	16.706228	0.1687353	0.0009877225	-0.45511773	0.009075	-0.08499073	8.1948805e-05	0.00023026252	0.013336069	171.04193	-313.32965	68.13751	-315.27655	66.40277	82.0	5549.4414
83	6720000	1.5	0.014999985	-26.975538	0.15741307	-351.32742	1219.0	1.3788702	0.2372841	2.6023637e-05	149.0	-0.002602112	16.69017	0.1462583	0.00047654466	-0.45424268	0.00215	-0.05031109	-0.00031452847	0.00021916676	0.009209885	170.73303	-311.62827	68.718796	-312.95142	67.96683	83.0	5623.309
84	6800000	1.5	0.014999987	-28.816044	0.13992137	-348.96887	1219.0	1.6219676	0.23388767	3.384723e-05	149.0	0.002070207	16.700441	0.14839724	0.00052593794	-0.4761438	0.0035125	0.032537665	3.3145905e-05	0.00020981945	0.0125993155	162.70145	-311.03644	71.761635	-311.9768	70.34543	84.0	5697.1323
85	6880000	1.5	0.014999988	-28.447296	0.15195969	-348.84396	1219.0	1.6248782	0.2387125	2.54638e-05	149.0	-0.0014135	16.70079	0.14574659	0.0010403971	-0.50351185	0.0048625	-0.028994275	-0.0004836853	0.00020519288	0.011004116	164.79836	-307.69516	72.860466	-309.5565	70.7727	85.0	5771.084
86	6960000	1.5	0.014999988	-29.479221	0.15957065	-347.5826	1219.0	2.1736066	0.23994072	2.0103053e-05	149.0	0.0059866593	16.757292	0.18429664	0.0010037998	-0.4845667	0.00755	0.101164125	-2.1936035e-05	0.00023163662	0.019432662	165.99817	-312.1924	72.63141	-313.74246	71.1531	86.0	5845.0195
87	7040000	1.5	0.014999988	-27.334337	0.17833199	-349.74948	1219.0	1.6859772	0.22916937	2.2256641e-05	149.0	-0.005689027	16.70921	0.15375994	0.0003766281	-0.4752536	0.0040375	-0.10532722	-1.9676208e-06	0.00021836725	0.010546898	167.4336	-311.01514	72.914635	-312.68832	71.740715	87.0	5919.142
88	7120000	1.5	0.014999988	-28.141716	0.15763089	-350.12888	1219.0	1.7427658	0.2378943	2.3018432e-05	149.0	0.0012355882	16.715506	0.16254336	0.0013159689	-0.49093202	0.0086125	0.016852038	-0.0003720772	0.00022413311	0.009718135	166.28807	-312.71417	68.53381	-313.55737	69.90004	88.0	5993.156
89	7200000	1.5	0.014999988	-28.285309	0.15836966	-349.1592	1219.0	1.8457266	0.25194415	2.9653267e-05	149.0	0.0018923077	16.726648	0.16586995	0.0013591445	-0.47041464	0.01325	0.02812301	-5.8734895e-05	0.00022810216	0.012299186	161.28224	-312.9937	72.37041	-314.666	72.098724	89.0	6067.1333
90	7280000	1.5	0.014999999	-27.204578	0.1747554	-353.0652	1219.0	1.5552989	0.26076415	2.6015929e-05	149.0	-6.9545145e-05	16.698038	0.17421319	0.00065817754	-0.49518296	0.004	-0.0056479615	-0.0003642023	0.00023104886	0.01252081	169.02985	-313.3413	71.84436	-314.38852	71.02219	90.0	6141.0767
91	7360000	1.5	0.014999999	-28.95434	0.17189437	-351.29367	1219.0	1.7636293	0.2593252	2.0145628e-05	149.0	0.0017852457	16.719471	0.17910491	0.00016570503	-0.49986368	0.001175	0.027531378	-0.00017071202	0.00021735215	0.01353136	162.30824	-312.2042	74.5699	-313.37103	74.94619	91.0	6215.0425
92	7440000	1.5	0.014999999	-28.296179	0.18393753	-351.88577	1219.0	1.7892294	0.2427711	2.4148507e-05	149.0	0.0008613935	16.722599	0.18735534	0.0006922614	-0.48038578	0.0068625	0.010109258	-0.000112145426	0.00023917327	0.01449677	164.01288	-313.05548	70.09618	-314.63458	69.38848	92.0	6288.8716
93	7520000	1.5	0.014999999	-27.213463	0.17248647	-351.38528	1219.0	1.4691157	0.24294493	1.9457171e-05	149.0	-0.002956918	16.696201	0.15982239	0.0010027493	-0.5108281	0.0093	-0.05677328	-0.00042057195	0.00020517036	0.008954384	161.94318	-309.05002	73.03811	-310.35513	72.73861	93.0	6362.71
94	7600000	1.5	0.014999999	-29.910294	0.16399962	-348.01266	1219.0	2.1375937	0.2613172	3.525204e-05	149.0	0.005713511	16.759201	0.18791826	0.0009523835	-0.51581186	0.0043	0.09679704	-0.00011557503	0.00023721161	0.016350584	162.98213	-311.69748	69.605736	-313.16925	68.13834	94.0	6436.502
95	7680000	1.5	0.014999999	-28.143728	0.19510648	-348.33368	1219.0	2.188582	0.2639087	4.797038e-05	149.0	-0.0007146761	16.765575	0.19171531	0.00070343516	-0.49394086	0.0052	-0.018074926	0.00010755119	0.0002446261	0.013593005	165.23386	-312.48264	68.532616	-313.8423	67.35613	95.0	6510.621
96	7760000	1.5	0.014999999	-27.025816	0.18242869	-350.15152	1219.0	1.7809213	0.23509696	2.7095997e-05	149.0	-0.0021478117	16.726158	0.17316519	0.0009874544	-0.50618124	0.0058375	-0.042562313	-0.00066569826	0.00023597879	0.013073871	164.0428	-314.5578	66.67835	-314.98575	68.00433	96.0	6584.6113
97	7840000	1.5	0.014999999	-28.545372	0.17670275	-349.81485	1219.0	1.9928035	0.2722907	3.23062e-05	149.0	0.0024823344	16.748602	0.1867691	0.0016662399	-0.47657636	0.0156	0.038747106	3.4069824e-05	0.00022583811	0.011575264	159.66837	-313.0859	70.64462	-313.99844	71.070984	97.0	6658.469
98	7920000	1.5	0.014999999	-26.94219	0.17708422	-350.56436	1219.0	1.6474322	0.26573974	3.53801e-05	149.0	-0.0027450062	16.714752	0.16541357	0.001394296	-0.46170518	0.0106875	-0.05250012	0.0010440925	0.00023639441	0.010323555	164.10013	-313.6319	71.37111	-315.1145	70.85667	98.0	6732.4893
99	8000000	1.5	0.014999999	-27.133924	0.16816884	-352.9714	1219.0	1.4289553	0.2913891	3.1241325e-05	149.0	-0.00034642397	16.70222	0.1666595	0.00047069005	-0.46085933	0.0017125	-0.010499201	-0.00016469907	0.0002167284	0.0113218045	166.70412	-307.65915	74.626114	-309.21497	74.237366	99.0	6806.523
100	8080000	1.5	0.014999999	-28.411535	0.14931498	-348.64932	1219.0	1.5700247	0.2742023	2.2648013e-05	149.0	-0.0008628736	16.707123	0.14602375	0.0014210205	-0.48434165	0.0074	-0.019468023	-0.0003253338	0.00020312383	0.010783831	157.44516	-311.1623	73.470566	-312.56537	72.321556	100.0	6880.6943
101	8160000	1.5	0.014999999	-28.200941	0.17087059	-353.21405	1219.0	1.5762496	0.2784953	2.3500981e-05	149.0	0.0007800175	16.707762	0.17394982	0.0007048515	-0.48361874	0.0052375	0.009339872	5.3981017e-05	0.00021180058	0.011574332	169.2185	-307.71994	75.52662	-309.42026	74.10136	101.0	6955.524
102	8240000	1.5	0.014999999	-29.505976	0.15683442	-347.40695	1219.0	1.9665971	0.26916838	2.6460859e-05	149.0	0.0033214195	16.747894	0.17068449	0.0009180608	-0.46634525	0.0048125	0.05451272	-9.9384306e-05	0.0002200201	0.012685903	159.77591	-307.1506	78.10356	-308.5902	76.55538	102.0	7030.2495
103	8320000	1.5	0.014999999	-26.884598	0.16632573	-350.87848	1219.0	1.6369239	0.28522477	3.607662e-05	149.0	-0.0014495193	16.715378	0.16001032	0.0010388064	-0.49284694	0.005875	-0.029881256	-9.590092e-05	0.00019995554	0.011313794	161.18288	-309.6577	75.633545	-311.48694	74.16436	103.0	7104.4214
104	8400000	1.5	0.014999999	-28.886602	0.17453147	-350.63416	1219.0	1.9099317	0.26918203	2.813873e-05	149.0	0.0030308263	16.743677	0.18694477	0.0010476889	-0.51817137	0.0052	0.050004978	-0.0005231861	0.00021460418	0.014879846	161.91322	-308.16873	77.455	-309.97565	76.921364	104.0	7178.497
105	8480000	1.5	0.014999999	-28.88385	0.19366449	-351.05435	1219.0	2.1256938	0.29345948	3.5880686e-05	149.0	0.0027767296	16.766651	0.20498933	0.0009363448	-0.4956961	0.0081875	0.044334035	3.1705476e-05	0.00023336253	0.017059848	159.41011	-311.96072	75.625374	-312.4071	75.08254	105.0	7252.859
106	8560000	1.5	0.014999999	-27.171396	0.194761	-351.7159	1219.0	1.7140874	0.299156	3.2907188e-05	149.0	-0.0021295135	16.726463	0.1857398	0.00043417572	-0.47951987	0.0049625	-0.04284913	0.00020202846	0.00022963998	0.011317766	159.15222	-312.51297	72.90267	-313.34943	73.01637	106.0	7327.105
107	8640000	1.5	0.014999999	-27.40739	0.19131525	-352.4616	1219.0	1.6629614	0.28636843	2.619196e-05	149.0	-0.001511632	16.721842	0.18550158	0.0011564288	-0.47289756	0.0124	-0.031652752	-0.00024719734	0.00021788568	0.013470987	162.86328	-308.62592	76.64755	-309.8247	75.89561	107.0	7401.4634
108	8720000	1.5	0.014999999	-28.423843	0.1657511	-348.34085	1219.0	1.7504412	0.32290852	4.1139487e-05	149.0	-0.0015025405	16.731216	0.15960069	0.0013005318	-0.45179316	0.009475	-0.031833164	-0.00016594052	0.00021367043	0.011567904	155.64282	-308.4702	76.20135	-309.11612	75.59735	108.0	7475.427
109	8800000	1.5	0.014999999	-26.998962	0.15277344	-350.22943	1219.0	1.4785466	0.28666314	4.0552957e-05	149.0	-0.0014211005	16.708605	0.14663315	0.00041077155	-0.46104237	0.0022125	-0.02877863	-0.00028168107	0.00018658908	0.010975996	156.92189	-306.0183	76.978905	-307.031	75.95416	109.0	7549.7256
110	8880000	1.5	0.014999999	-28.082844	0.14591376	-349.9284	1219.0	1.463861	0.28976136	3.0277752e-05	149.0	-0.0005721575	16.708431	0.14327835	0.0006117623	-0.4445257	0.005525	-0.01415164	9.2322734e-05	0.00018766508	0.00913782	154.08167	-302.67407	78.30539	-305.02725	76.814476	110.0	7623.666
111	8960000	1.5	0.014999999	-28.266678	0.14617552	-349.9756	1219.0	1.5226337	0.30235124	2.9394147e-05	149.0	0.00038165937	16.708487	0.14767702	0.00075078115	-0.4586181	0.0041	0.00337807	-0.00046756916	0.00018096625	0.010250087	157.04935	-303.67566	78.36992	-304.19888	77.881775	111.0	7699.1396
112	9040000	1.5	0.014999999	-28.3105	0.15096638	-350.22488	1219.0	1.5835639	0.31114918	4.1635343e-05	149.0	0.0011690452	16.714626	0.15558144	0.0005333333	-0.4755812	0.004975	0.01677407	-0.0004197483	0.0001882601	0.009860037	157.40497	-304.80765	75.902405	-306.1445	74.43437	112.0	7775.1724
113	9120000	1.5	0.014999999	-28.366734	0.15016633	-348.56592	1219.0	1.6749277	0.28676692	3.5406047e-05	149.0	0.0008606436	16.724102	0.15355133	0.0013716181	-0.5053463	0.0074375	0.011379173	-0.00045035745	0.00020243316	0.010276578	154.23225	-305.87564	74.60204	-306.54892	74.98494	113.0	7851.7476
114	9200000	1.5	0.014999999	-29.202318	0.16767704	-346.90988	1219.0	2.133635	0.3427014	3.3328768e-05	149.0	0.0034844894	16.771442	0.18189956	0.0015617717	-0.4842091	0.0186875	0.05583125	0.0009200195	0.00023883786	0.014466587	154.44461	-310.44937	72.88473	-310.85452	71.3153	114.0	7928.0034
115	9280000	1.5	0.014999999	-26.690903	0.1741091	-350.77945	1219.0	1.555164	0.31348944	3.8162554e-05	149.0	-0.0044507785	16.714115	0.15496257	0.0012291366	-0.5000362	0.0105625	-0.08304686	-0.0002904253	0.00021429756	0.010097114	160.3585	-310.2092	71.40716	-310.89133	70.218	115.0	8004.4556
116	9360000	1.5	0.014999999	-28.76601	0.15841016	-348.4563	1219.0	1.9336301	0.32848078	3.314555e-05	149.0	0.0050132563	16.752974	0.17911163	0.0012203638	-0.52979654	0.0084625	0.08358936	-0.000281293	0.00026853092	0.013883584	155.01305	-309.55655	75.03702	-309.37915	74.213036	116.0	8080.797
117	9440000	1.5	0.014999999	-29.55153	0.19401382	-346.2097	1219.0	2.681496	0.3064041	5.3316897e-05	149.0	0.0071926117	16.830412	0.22342847	0.0013438133	-0.50563806	0.0100875	0.12124663	0.000104442595	0.00030246493	0.022648899	153.8964	-315.4576	67.422386	-315.9945	67.886696	117.0	8156.924
118	9520000	1.5	0.014999999	-26.369307	0.20185375	-349.61044	1219.0	1.7843245	0.33590776	7.108177e-05	149.0	-0.0071774973	16.742092	0.17096438	0.000709581	-0.5167871	0.0065375	-0.13341922	-0.00049733813	0.0002860931	0.015228317	158.32585	-317.32785	66.17844	-316.49973	65.961266	118.0	8240.783
119	9600000	1.5	0.014999999	-28.680359	0.17716675	-349.3518	1219.0	2.1491776	0.34540278	4.0210685e-05	149.0	0.005883829	16.780233	0.20108205	0.000619457	-0.5254249	0.0024875	0.09859839	-0.00021096706	0.0002964626	0.018575959	153.41934	-317.725	64.83143	-317.4572	65.814835	119.0	8329.2
120	9680000	1.5	0.014999999	-28.572624	0.22155313	-349.85226	1219.0	2.3854697	0.31548038	3.8326012e-05	149.0	0.0024308576	16.805973	0.23084834	0.0009532453	-0.50249857	0.004975	0.037448566	-0.0001692915	0.0002923987	0.02094088	159.33252	-319.40912	63.947155	-318.59464	61.874287	120.0	8412.836
121	9760000	1.5	0.014999999	-26.702038	0.21297202	-352.00763	1219.0	1.7495433	0.33838853	4.5639055e-05	149.0	-0.0027094262	16.743732	0.20137268	0.0008740951	-0.5048352	0.009975	-0.054305714	-7.37895e-05	0.00026664475	0.014659993	156.68413	-317.45316	62.4332	-318.20227	59.97371	121.0	8499.684
122	9840000	1.5	0.014999999	-27.456758	0.20392361	-352.38666	1219.0	1.5690039	0.35078412	2.7221115e-05	149.0	-0.0034221932	16.72609	0.18927176	0.0019687975	-0.49783373	0.027975	-0.067181334	0.00087029755	0.00024265693	0.013399489	162.18019	-314.45847	62.04131	-314.8819	61.61085	122.0	8584.738
123	9920000	1.5	0.014999999	-28.288534	0.16822124	-348.5952	1219.0	1.6831717	0.34745973	4.212701e-05	149.0	-0.0011827343	16.73792	0.16320194	0.00097641296	-0.46951056	0.0093875	-0.026240055	-0.00015562763	0.0002487627	0.010553819	156.3799	-313.77173	64.96527	-314.20087	63.079803	123.0	8670.916
124	10000000	1.5	0.014999999	-27.103815	0.16086587	-351.22586	1219.0	1.4004794	0.3265466	4.167262e-05	149.0	-0.0011511997	16.721678	0.15571558	0.0020727823	-0.501885	0.0124	-0.02505604	-0.00024337712	0.00021456413	0.009043858	157.62761	-309.48102	67.96055	-310.20306	65.20132	124.0	8756.043
125	10080000	1.5	0.014999999	-30.106224	0.15298283	-346.4952	1219.0	2.2830527	0.35802042	3.8005663e-05	149.0	0.010524885	16.799639	0.19674207	0.0013880678	-0.5211587	0.009625	0.18236347	-0.00039537734	0.00023654159	0.025566021	156.26282	-311.0203	67.44506	-311.79462	66.518936	125.0	8841.692
126	10160000	1.5	0.014999999	-28.482168	0.20419379	-347.1058	1219.0	2.378298	0.35541904	3.7824375e-05	149.0	8.26295e-05	16.81077	0.20406292	0.0012131426	-0.50385237	0.0138875	-0.0046488815	0.00021732635	0.0002379845	0.016869435	142.9769	-312.02866	68.36779	-312.24136	66.345764	126.0	8927.519
127	10240000	1.5	0.014999999	-27.48965	0.19373527	-347.32925	1219.0	2.1414094	0.34649688	4.495989e-05	149.0	-0.0022872677	16.789173	0.18364729	0.0006048747	-0.49107695	0.0081625	-0.046800267	3.0741787e-05	0.00025118317	0.01527733	139.81934	-315.74997	65.39377	-315.1429	64.77356	127.0	9013.622
128	10320000	1.5	0.014999999	-27.009857	0.18433706	-350.77353	1219.0	1.7563214	0.3850234	6.217164e-05	149.0	-0.0016920369	16.751938	0.17688526	0.0026154243	-0.4869299	0.0462125	-0.03587485	0.0024795914	0.00024289341	0.012184351	146.9914	-318.66675	64.57308	-318.21933	64.13982	128.0	9099.399
129	10400000	1.5	0.014999999	-27.223248	0.20164919	-355.31302	1219.0	1.6780357	0.3556439	4.16278e-05	149.0	0.0063006696	16.744684	0.22778898	0.00083620683	-0.47583574	0.008325	0.10656776	2.453823e-05	0.00021675887	0.017466735	151.88293	-313.7966	68.75317	-312.32614	69.256805	129.0	9185.359
130	10480000	1.5	0.014999999	-27.767012	0.21952622	-354.76538	1219.0	1.502974	0.3726147	3.718766e-05	149.0	-0.0020847614	16.729364	0.21090278	0.0011783292	-0.48316762	0.010625	-0.043134164	0.00040550728	0.00022299716	0.013949869	153.09618	-310.25317	70.159004	-310.98108	68.75646	130.0	9271.243
131	10560000	1.5	0.014999999	-28.908035	0.18889676	-350.51184	1219.0	1.7080306	0.3590187	3.060839e-05	149.0	-0.00039773522	16.74833	0.18724602	0.0023871807	-0.511457	0.0222875	-0.012452229	-5.8461905e-05	0.00023101472	0.0144447405	150.76225	-308.7289	70.88534	-308.31686	69.641556	131.0	9357.384
132	10640000	1.5	0.014999999	-29.66015	0.18843046	-345.29913	1219.0	2.6868052	0.34869963	4.676554e-05	149.0	0.008746605	16.848923	0.22493456	0.0006172775	-0.49673554	0.007375	0.15033	-6.400342e-05	0.00025206033	0.03327032	150.77965	-312.60123	68.69548	-311.46875	67.78424	132.0	9444.233
133	10720000	1.5	0.014999999	-27.166029	0.20406914	-347.0883	1219.0	1.9318031	0.3885061	4.0221454e-05	149.0	-0.009819609	16.774809	0.16239332	0.00148648	-0.46952632	0.015225	-0.18092316	0.0005495164	0.00022694841	0.014981778	143.86916	-313.5333	69.97127	-312.1921	67.598946	133.0	9529.774
134	10800000	1.5	0.014999999	-27.643835	0.16619633	-350.21747	1219.0	1.7115809	0.38425884	4.079685e-05	149.0	-0.0011000808	16.75371	0.16133855	0.0009797318	-0.44480464	0.0083625	-0.024177998	-0.00012948608	0.00021954511	0.009840625	146.38977	-313.55707	70.124855	-311.52332	70.71076	134.0	9604.5205
135	10880000	1.5	0.014999999	-26.49062	0.1484318	-351.9809	1219.0	1.3399103	0.41340607	4.216373e-05	149.0	0.0022609944	16.734573	0.15781063	0.001584821	-0.47243974	0.011525	0.036167663	-0.00036582074	0.00017626194	0.009914025	142.76317	-306.8837	74.21707	-307.14923	71.89247	135.0	9678.993
136	10960000	1.5	0.014999999	-30.604168	0.15855949	-345.76132	1219.0	2.552097	0.3826979	5.8949467e-05	149.0	0.014349543	16.840153	0.2187584	0.0018211534	-0.45866293	0.016725	0.24932085	0.00022062655	0.00023887744	0.042121027	145.77693	-316.1407	67.43046	-315.89096	66.92347	136.0	9753.243
137	11040000	1.5	0.014999999	-26.155598	0.21043308	-350.5266	1219.0	1.5835935	0.35572976	4.3338347e-05	149.0	-0.011056213	16.743753	0.1634661	0.0005510323	-0.46759608	0.0070625	-0.2007136	-0.00035692903	0.00020653731	0.0182472	145.00923	-312.60254	69.00463	-311.9367	67.75993	137.0	9827.233
138	11120000	1.5	0.014999999	-28.467154	0.15315847	-348.53302	1219.0	1.6878978	0.40831256	4.5273675e-05	149.0	0.0008778949	16.754614	0.15671232	0.001923891	-0.4896455	0.028525	0.010875423	-7.469749e-05	0.00019879064	0.011474773	133.75955	-313.5286	69.3773	-312.96613	69.34363	138.0	9901.679
139	11200000	1.5	0.014999999	-29.22361	0.17041816	-348.52695	1219.0	2.0838742	0.40654913	4.7844547e-05	149.0	0.004848047	16.79556	0.19042458	0.00080773333	-0.46905425	0.004775	0.08112063	-0.000107934335	0.00023310032	0.016217837	133.5735	-320.37546	64.43983	-318.34967	63.075367	139.0	9975.876
140	11280000	1.5	0.014999999	-26.159725	0.19760823	-353.878	1219.0	1.498568	0.36487982	4.0130606e-05	149.0	0.00081898645	16.739864	0.20061694	0.0036886467	-0.49482343	0.0481375	0.009331773	0.0014332688	0.0002580881	0.016246311	144.84303	-325.4674	60.615005	-324.27155	59.641953	140.0	10049.857
141	11360000	1.5	0.014999999	-28.660421	0.24727999	-356.96072	1219.0	1.8056605	0.36525953	4.1274296e-05	149.0	0.0072802394	16.768833	0.27773464	0.0015707471	-0.48035243	0.019675	0.12163599	0.0008245605	0.0002602557	0.022519296	151.82703	-320.03223	62.626793	-318.54303	61.066746	141.0	10124.06
142	11440000	1.5	0.014999999	-27.9221	0.23058301	-353.49414	1219.0	1.4317507	0.48418564	3.7203823e-05	149.0	-0.006111268	16.740429	0.20499292	0.0022855413	-0.50034624	0.028675	-0.11499508	0.00028982435	0.00021403706	0.014461099	143.31516	-314.61963	66.97981	-313.16733	65.55644	142.0	10198.224
143	11520000	1.5	0.014999999	-29.271254	0.19935632	-351.99155	1219.0	1.719756	0.39470735	3.692088e-05	149.0	0.002430086	16.760664	0.2092417	0.00081360684	-0.5111514	0.0058125	0.038697723	1.6453267e-05	0.00026764846	0.013439062	141.28365	-316.6714	65.24869	-315.76132	62.636642	143.0	10272.454
144	11600000	1.5	0.014999999	-28.23882	0.2144773	-351.364	1219.0	1.7491697	0.39572808	4.1530817e-05	149.0	-0.0005296802	16.764004	0.21213159	0.001130088	-0.52395815	0.0058	-0.015006409	-0.0003038411	0.00026627982	0.016792608	141.9921	-318.8898	64.7316	-317.05212	63.00119	144.0	10346.717
145	11680000	1.5	0.014999999	-28.418947	0.22835855	-352.47778	1219.0	1.8633919	0.4885016	4.2088148e-05	149.0	0.00028991888	16.776316	0.22892246	0.0009558235	-0.50871897	0.013925	-0.001729129	0.00024983368	0.000244158	0.017947715	150.84923	-313.72784	66.362274	-312.40942	65.632	145.0	10420.958
146	11760000	1.5	0.014999999	-27.939344	0.19312532	-349.05392	1219.0	1.7716879	0.44392672	3.9511728e-05	149.0	-0.002766272	16.767904	0.18141119	0.0016996275	-0.52790314	0.0226	-0.05498237	0.00016070846	0.00024089694	0.015250486	144.45615	-310.79388	68.608376	-309.7074	69.26378	146.0	10495.255
147	11840000	1.5	0.014999999	-29.673157	0.19551916	-346.2632	1219.0	2.5597684	0.43653536	7.219473e-05	149.0	0.006343674	16.84936	0.22162539	0.0010343516	-0.5417823	0.01055	0.10756577	-0.0003221756	0.00026347474	0.025036197	147.02075	-310.9999	68.76063	-310.52707	67.80318	147.0	10569.354
148	11920000	1.5	0.014999999	-28.780207	0.2345551	-345.61865	1219.0	2.9526014	0.459138	8.1702754e-05	149.0	0.003264727	16.891882	0.24774395	0.0028630549	-0.5081887	0.0300375	0.050161812	0.0013196627	0.00028113514	0.02664699	138.73248	-311.49667	69.92301	-311.28702	68.600655	148.0	10643.858
149	12000000	1.5	0.014999999	-27.056768	0.2236582	-346.931	1219.0	2.3585248	0.4426651	5.1770465e-05	149.0	-0.0035640001	16.835453	0.20806816	0.0012778823	-0.48562047	0.0131875	-0.07010777	1.4887238e-05	0.000271649	0.020509874	133.39145	-314.08752	68.26739	-313.51013	67.74126	149.0	10718.279
