Epoch	TotalEnvInteracts	worker/CostLimit	worker/noise	learner/VVals	learner/CostVVals	worker/EpRet	worker/EpLen	worker/EpCost	learner/LossQ	learner/LossQC	learner/StopIter	learner/LossPi	learner/Lagrangian	learner/QcRet	learner/KL	learner/Entropy	learner/ClipFrac	learner/LossQcPenalty	learner/LossVallina	learner/LossKLAdv	learner/LossVC	learner/LossV	Eval/NaturalReward	Eval/NaturalCost	Eval/AdvUniformReward	Eval/AdvUniformCost	worker/Epoch	worker/Time
0	80000	1.5	0.0	0.0059754183	-0.11591515	-1720.3665	1219.0	463.84384	1.7240055	0.0058838516	5.0	9.376031	47.78236	36.378914	0.022010367	0.92144483	0.3128	456.64334	-0.0040973993	6.8128115e-06	1382.9072	17557.94	-1485.759	462.1704	-1485.8058	462.16864	0.0	44.184116
1	160000	1.5	0.0	-72.42894	38.97766	-1520.1868	1219.0	458.0083	0.9462018	0.0010659447	5.0	-0.07321548	48.106674	38.90335	0.021441955	0.92378724	0.3132375	-3.7799747	0.0019500202	1.5163286e-05	16.16933	2743.3467	-1273.6703	454.7543	-1273.6388	454.75357	1.0	88.23842
2	240000	1.5	0.0023027735	-115.6498	38.601345	-1325.5488	1219.0	448.99384	0.8335533	0.00040161522	5.0	-0.14566743	48.53808	38.408363	0.019461645	0.92621994	0.2993625	-7.4103413	-7.726263e-05	2.3768518e-05	7.4477468	377.69366	-1065.8635	440.84836	-1065.5991	440.80322	2.0	135.18068
3	320000	1.5	0.004252031	-105.69365	38.240257	-1147.9275	1219.0	437.4243	0.76428115	0.0001725052	5.0	-0.28772122	48.699837	37.61611	0.017981282	0.92821974	0.2907375	-14.508376	-0.006881845	3.0139368e-05	7.6275587	325.9098	-861.0553	420.98495	-861.1654	421.01862	3.0	179.80542
4	400000	1.5	0.0059020403	-91.93967	37.45083	-990.7798	1219.0	424.0122	0.72173566	0.00014863876	5.0	-0.36872065	48.61537	36.6051	0.01651341	0.928584	0.2602625	-18.475573	-0.011618899	3.1666328e-05	10.061322	265.38092	-677.5907	387.55038	-677.43097	387.44766	4.0	224.76778
5	480000	1.5	0.0072987443	-79.018616	36.35551	-848.79944	1219.0	405.534	0.6724807	0.0001703589	6.0	-0.48003495	47.9657	35.10988	0.017683616	0.92789745	0.283675	-23.773262	-0.012662149	2.7267191e-05	14.3943205	224.71852	-501.9238	311.56134	-501.97272	311.48532	5.0	269.10245
6	560000	1.5	0.008481027	-67.019745	34.48395	-712.4887	1219.0	373.11835	0.62635195	0.00019961855	8.0	-0.6809896	45.849503	32.472614	0.017448792	0.92551523	0.2785125	-32.348778	-0.01152817	1.6561562e-05	22.764856	177.12358	-378.0572	129.56882	-378.26102	129.68361	6.0	313.93774
7	640000	1.5	0.009481809	-56.183357	31.32249	-597.0271	1219.0	328.2666	0.5511818	0.00022503598	15.0	-0.82123154	42.357574	28.693228	0.015716204	0.9159719	0.2122125	-35.891	-0.013628042	3.3007834e-06	28.892525	124.000465	-249.86859	63.109562	-249.86404	63.147972	7.0	360.0763
8	720000	1.5	0.010328949	-46.225292	25.319798	-495.70355	1219.0	234.30043	0.4413426	0.00024967658	149.0	-1.2946284	33.677544	20.645647	0.011867728	0.8216095	0.0962125	-45.179367	-0.013671423	6.877166e-09	39.93157	63.048576	-69.49251	303.34583	-69.61782	303.09543	8.0	432.68646
9	800000	1.5	0.011046043	-39.135616	16.73499	-424.9217	1219.0	140.69304	0.33653623	0.0002244912	149.0	-1.193756	24.812727	12.171577	0.006910907	0.7404147	0.0626625	-30.897003	-0.008171588	2.2497165e-10	30.5337	35.56783	-45.210434	325.80597	-45.238693	325.7871	9.0	505.28976
10	880000	1.5	0.01165305	-34.400444	10.6045475	-395.43726	1219.0	108.46649	0.30625367	0.0003188679	149.0	-0.4377132	21.891262	8.916018	0.005717537	0.6619453	0.0574625	-10.092447	-0.0081379395	4.96234e-11	8.946752	18.49367	-32.744923	335.4518	-32.725555	335.18927	10.0	577.997
11	960000	1.5	0.012166867	-31.769579	7.3967905	-365.62476	1219.0	81.93282	0.26775426	0.0004760255	149.0	-0.19774504	19.536018	6.624679	0.0061749625	0.58464247	0.0574375	-4.1057506	-0.007894054	1.2571756e-11	5.348288	15.122301	-17.326693	335.76666	-17.351856	336.29724	11.0	650.4855
12	1040000	1.5	0.012601807	-29.460678	5.48214	-339.72458	1219.0	61.945847	0.2384133	0.00038729463	149.0	-0.10344094	17.760338	5.063374	0.005935251	0.5079847	0.055925	-1.9855852	-0.007331178	2.1532939e-11	4.0054173	14.324178	-14.072246	334.63022	-14.361694	334.55554	12.0	723.0867
13	1120000	1.5	0.012969971	-27.292406	4.2709126	-318.58008	1219.0	49.288258	0.21234563	0.00011907965	149.0	-0.057529878	16.618149	4.01726	0.00618102	0.4334311	0.0542375	-1.0344205	-0.007636527	9.8560826e-11	3.1540945	10.794056	-16.241047	335.18124	-16.29211	335.224	13.0	795.629
14	1200000	1.5	0.0132816145	-25.46214	3.3028116	-298.9989	1219.0	38.86426	0.1841125	7.8613695e-05	149.0	-0.0135833835	15.705628	3.2261515	0.003983471	0.37421983	0.033725	-0.23474932	-0.0071099717	4.153662e-12	3.2187905	10.4766	-6.22275	332.63123	-6.228611	332.63138	14.0	868.1533
15	1280000	1.5	0.013545423	-24.024527	3.0104072	-282.95975	1219.0	37.097496	0.16807768	5.378211e-05	149.0	0.041113608	15.628198	3.1666906	0.0039810454	0.3127222	0.0363	0.67527884	-0.0073120254	4.250954e-12	3.3778512	8.353922	-5.509456	332.70166	-5.5340204	332.6977	15.0	940.80457
16	1360000	1.5	0.013768726	-22.672071	3.0357854	-269.64392	1219.0	36.522892	0.16244443	4.0897336e-05	149.0	0.05611031	15.6695	3.2568195	0.005796998	0.24136831	0.050825	0.9210875	-0.0071708267	6.318691e-12	3.8561485	7.5242424	-5.248332	332.72467	-5.2466097	332.72736	16.0	1013.29614
17	1440000	1.5	0.013957752	-21.584335	3.242787	-249.91866	1219.0	39.473164	0.14198673	2.5457737e-05	149.0	0.11176324	16.071812	3.6985624	0.00059237465	0.211535	0.0035125	1.9088762	-0.004090386	7.2252214e-13	5.3228364	7.158253	-3.550139	332.90988	-3.5513978	332.91006	17.0	1085.8081
18	1520000	1.5	0.014117749	-20.186447	3.7354062	-245.75334	1219.0	40.588715	0.1387444	2.1954344e-05	149.0	0.071661815	16.296732	4.0216465	8.758455e-08	0.21133181	0.0	1.2395164	-2.5787353e-06	4.9040355e-12	4.131635	4.741416	-4.13794	332.82324	-4.1306405	332.8234	18.0	1158.0898
19	1600000	1.5	0.014253196	-19.81161	4.0102787	-246.10707	1219.0	40.035187	0.14673698	1.6773583e-05	149.0	0.054407336	16.353523	4.2328544	0.003949759	0.18419495	0.0267875	0.9326882	0.0032385434	4.381023e-06	3.4767559	4.9880953	-212.27797	194.84637	-211.30698	194.7259	19.0	1230.6311
20	1680000	1.5	0.014367847	-19.844435	4.205507	-254.89673	1219.0	38.866528	0.15502588	1.4051868e-05	12.0	0.03341858	16.350304	4.343172	0.015576119	0.18172017	0.0518375	0.559989	0.009208314	5.569168e-05	2.8891168	5.9517665	-246.00421	147.74297	-246.41452	146.86691	20.0	1275.9703
21	1760000	1.5	0.014464887	-20.483	4.4171443	-260.3027	1219.0	37.46822	0.16546527	1.306091e-05	2.0	-0.008055591	16.317413	4.3828306	0.03186232	0.1813519	0.076225	-0.18625346	0.028505001	0.00013200138	2.6063182	8.8613825	-275.2006	93.79196	-275.23615	93.6717	21.0	1319.34
22	1840000	1.5	0.014547037	-21.118929	4.3184857	-276.96365	1219.0	32.04399	0.1901921	1.0631599e-05	1.0	-0.08802554	15.873871	3.9469	0.02624385	0.18119788	0.0828125	-1.5667567	0.043338075	0.00017085052	2.4981782	17.03552	-303.26172	54.920864	-301.8387	54.87375	22.0	1362.5411
23	1920000	1.5	0.014616577	-22.532244	3.6870694	-294.61353	1219.0	25.006052	0.20712733	1.4590728e-05	1.0	-0.11861635	15.250137	3.1877327	0.04029879	0.18102908	0.115225	-1.935708	0.058205165	0.00022173638	2.8060975	21.429571	-331.47464	25.482647	-331.52817	25.386425	23.0	1405.8605
24	2000000	1.5	0.014675439	-24.08638	2.8299108	-319.17523	1219.0	17.039122	0.23201135	2.3206503e-05	1.0	-0.17192066	14.517367	2.10218	0.07925062	0.18087244	0.2087	-2.8944073	0.09589048	0.0003331399	4.0811133	36.51023	-366.7499	5.853943	-366.314	5.8665133	24.0	1449.7518
25	2080000	1.5	0.014725265	-26.282204	1.7862252	-357.00662	1219.0	12.864458	0.26482245	6.1378785e-05	1.0	-0.1564432	14.141599	1.1218306	0.14890754	0.18073472	0.365525	-2.455746	0.14312029	0.0005258954	5.471171	60.5258	-413.21075	3.2553997	-413.24908	3.2284913	25.0	1493.4568
26	2160000	1.5	0.014767439	-29.623096	2.270211	-406.6519	1219.0	46.936367	0.30750486	0.0003102175	1.0	0.39685607	17.694546	3.9195585	0.058232635	0.1806047	0.249	7.522646	0.07518483	0.0005614011	4.456751	86.457726	-443.27823	29.043514	-443.44388	29.01907	26.0	1537.2554
27	2240000	1.5	0.014803143	-33.44489	5.625418	-436.95343	1219.0	88.572105	0.33881894	0.00032360913	4.0	0.52910197	22.082365	7.769889	0.037658628	0.18016824	0.29085	11.991402	0.032584142	0.00026654586	7.098996	92.56845	-422.1356	5.133867	-422.10214	4.989242	27.0	1581.5626
28	2320000	1.5	0.014833362	-34.32753	5.15713	-412.11417	1219.0	32.178627	0.3163176	0.00016078372	1.0	-0.50421494	16.54492	3.06886	0.037849724	0.18007413	0.1866875	-8.985435	0.038341265	0.0002651776	5.81431	112.20734	-397.339	1.4226468	-397.32214	1.3801318	28.0	1625.3942
29	2400000	1.5	0.014858946	-33.243397	2.116915	-385.56775	1219.0	10.794491	0.29438862	6.545136e-05	1.0	-0.27967054	14.456908	0.9319883	0.043329246	0.17997909	0.1631875	-4.3617854	0.03911059	0.00020890133	2.8829386	91.71871	-370.49597	5.116068	-370.92783	5.1036825	29.0	1669.1702
30	2480000	1.5	0.0148806	-30.972054	0.56769204	-355.67737	1219.0	5.305878	0.25782445	2.6031968e-05	1.0	-0.029819185	13.917463	0.45109516	0.037270214	0.17986989	0.1253375	-0.4324438	0.0325883	0.00017971428	0.21882343	74.87253	-336.16516	24.413956	-336.71542	24.37532	30.0	1713.018
31	2560000	1.5	0.014898927	-28.594395	0.4083385	-329.71307	1219.0	11.53587	0.24273774	3.625478e-05	1.0	0.13580917	14.563025	0.9879464	0.03777758	0.17976546	0.098425	2.0825	0.029567288	0.0001353097	1.9706041	55.004826	-301.78082	64.12438	-301.61652	64.16721	31.0	1756.9221
32	2640000	1.5	0.014914451	-26.378813	1.1037233	-305.42865	1219.0	19.966824	0.22925751	2.3696053e-05	2.0	0.22062618	15.451224	2.0348544	0.022599807	0.17957854	0.076025	3.7065625	0.021287255	0.00012841246	4.9509463	35.453693	-269.38882	104.82313	-269.42053	104.65787	32.0	1800.7473
33	2720000	1.5	0.01492758	-24.442198	2.1470327	-287.9482	1219.0	26.468882	0.20273843	1.4003393e-05	11.0	0.17537396	16.162373	2.8857224	0.015870607	0.17947626	0.0612125	2.9744697	0.023514675	0.00028577485	4.0183268	24.29809	-279.4477	90.15563	-278.12735	90.36828	33.0	1846.5729
34	2800000	1.5	0.014938699	-23.700073	2.8280113	-297.96545	1219.0	22.38048	0.21827202	1.817647e-05	4.0	-0.11280727	15.814835	2.3479629	0.0300288	0.17967272	0.1008875	-2.0071304	0.044087566	0.000324521	1.9784238	29.554272	-307.17075	49.32435	-307.07507	49.151333	34.0	1890.8795
35	2880000	1.5	0.014948113	-24.71025	2.1962495	-316.05215	1219.0	15.376333	0.23147102	1.3735585e-05	2.0	-0.15861839	15.165897	1.5240525	0.0415044	0.1798079	0.132275	-2.6767673	0.059845325	0.0003954465	2.666541	46.061043	-337.72342	12.668379	-338.81882	12.47649	35.0	1934.8223
36	2960000	1.5	0.014956073	-26.258387	1.3447424	-338.5859	1219.0	7.4216557	0.2524714	1.5206673e-05	1.0	-0.16249494	14.400438	0.65585566	0.024981255	0.17986798	0.1233125	-2.5968688	0.038823742	0.00044175368	2.4860353	67.329475	-360.2712	2.4237304	-360.07153	2.3445177	36.0	1978.4703
37	3040000	1.5	0.01496282	-28.06012	0.5858115	-358.88538	1219.0	3.1238685	0.26970282	1.2809239e-05	1.0	-0.0770242	13.981634	0.26043087	0.03881096	0.17991471	0.1562	-1.1901951	0.052831233	0.00054414896	0.68278635	78.898254	-390.48944	1.5550506	-390.27835	1.5543463	37.0	2022.2958
38	3120000	1.5	0.0149685275	-29.896347	0.3691482	-382.79633	1219.0	4.9665484	0.28212962	4.984627e-05	1.0	0.007842283	14.175116	0.40148556	0.021338038	0.17994165	0.127475	0.117929004	0.030470295	0.0005895223	0.15981309	100.85642	-407.95776	3.6822817	-408.09958	3.6860132	38.0	2066.0068
39	3200000	1.5	0.014973358	-31.732275	0.53049666	-401.1175	1219.0	9.471879	0.30545646	0.00012959921	6.0	0.07207415	14.656696	0.8392202	0.022011425	0.17991543	0.122625	1.0995817	0.020192226	0.00032479176	0.5650075	115.81444	-386.6384	1.3178974	-383.828	1.2936839	39.0	2110.9128
40	3280000	1.5	0.014977453	-32.3151	0.6480645	-379.3998	1219.0	4.2640705	0.29053316	6.19471e-05	2.0	-0.06983404	14.135935	0.35226595	0.025103766	0.17980456	0.127125	-1.090012	0.024977027	0.00024821624	0.36819372	90.133934	-354.87408	2.531877	-356.05637	2.49127	40.0	2154.859
41	3360000	1.5	0.014980911	-30.47829	0.2131688	-357.19507	1219.0	2.6812694	0.26961473	2.4553718e-05	149.0	0.0020174885	13.983352	0.22379224	0.0041298624	0.15020132	0.045275	0.01919964	-0.0017716866	0.00031035818	0.08388916	75.871666	-332.47998	17.210781	-333.17902	16.696592	41.0	2228.6895
42	3440000	1.5	0.014983846	-29.103529	0.19244157	-351.87952	1219.0	2.4724512	0.24522078	1.0827296e-05	149.0	0.003206789	13.965583	0.20706621	0.0022385777	0.13753963	0.020375	0.038294557	0.000552939	0.00031628762	0.046838973	90.63039	-329.58493	37.79538	-329.15555	38.105495	42.0	2302.737
43	3520000	1.5	0.014986322	-28.803337	0.20485522	-353.09433	1219.0	2.2565482	0.23663048	8.360931e-06	149.0	-0.00455256	13.946496	0.18635844	0.0014195535	0.1330154	0.0192875	-0.07845438	0.0015802713	0.0002798709	0.03759299	102.03791	-330.1345	44.850708	-330.14655	44.638317	43.0	2377.0571
44	3600000	1.5	0.0149884205	-29.044506	0.18225712	-357.6918	1219.0	1.5886384	0.25177974	9.072048e-06	149.0	-0.0124113755	13.880904	0.13096637	0.00096490624	0.13189757	0.008675	-0.19029649	0.00012877531	0.00022123329	0.033033524	110.78025	-322.0925	64.66639	-322.42145	64.3535	44.0	2451.3584
45	3680000	1.5	0.0149901975	-29.354588	0.13165577	-358.4435	1219.0	1.5591791	0.25306052	8.569753e-06	149.0	-0.0012351549	13.878494	0.12767123	0.0010949175	0.10979641	0.0061375	-0.023987142	-0.00024899846	0.00020578332	0.01803191	120.665085	-315.99515	76.14139	-316.4226	75.354935	45.0	2525.8455
46	3760000	1.5	0.0149917025	-29.401371	0.13092206	-358.70316	1219.0	1.6068097	0.25737673	1.0500231e-05	149.0	-0.00027452462	13.883113	0.13147654	0.0010196944	0.099268675	0.0096125	-0.009822973	0.00065141264	0.00022769604	0.019863203	130.0422	-317.50803	80.6659	-317.3102	80.79367	46.0	2600.1685
47	3840000	1.5	0.014992981	-29.43866	0.13973567	-359.0101	1219.0	1.7922356	0.254289	1.3026525e-05	149.0	0.001200396	13.902299	0.14663287	0.0018161255	0.08201563	0.0153625	0.00993027	0.0007992127	0.00025240626	0.02196687	133.92915	-322.61615	78.03137	-322.32077	78.57978	47.0	2674.5972
48	3920000	1.5	0.014994055	-29.614882	0.1412531	-363.47562	1219.0	1.4648048	0.2480946	1.8802044e-05	149.0	-0.0055953437	13.875435	0.11955387	0.0010803813	0.06326723	0.005625	-0.089314684	0.00060830597	0.00026004668	0.022448782	148.05981	-324.37292	75.92798	-324.65036	76.06943	48.0	2749.3213
49	4000000	1.5	0.014994966	-29.904375	0.117348656	-365.48843	1219.0	1.4441158	0.25557965	2.5486097e-05	149.0	-0.00028277282	13.875202	0.117891446	0.00055474124	0.054116968	0.0059875	-0.008512033	-3.8535316e-05	0.00021810837	0.022901062	148.17982	-316.0672	80.282196	-316.366	80.00816	49.0	2823.977
50	4080000	1.5	0.01499574	-29.870604	0.116598636	-364.465	1219.0	1.3783747	0.26281062	2.1356924e-05	149.0	-0.0012297848	13.874776	0.11311887	0.0009265688	0.0477463	0.00625	-0.022262687	-0.000207851	0.00020201788	0.019523174	137.04762	-317.84	71.40878	-318.74207	70.18042	50.0	2898.703
51	4160000	1.5	0.0149963945	-29.841818	0.11255447	-366.71973	1219.0	1.3615664	0.28350443	2.5578274e-05	149.0	-0.0004745075	13.874298	0.11254592	0.0013156808	0.036022782	0.0082125	-0.009854253	-0.0013837082	0.00016941575	0.023691513	135.01488	-301.64505	88.58886	-301.15472	88.480675	51.0	2973.1963
52	4240000	1.5	0.014996949	-30.235588	0.11137014	-359.1155	1219.0	1.2961376	0.25304237	1.6171596e-05	149.0	-0.0014141421	13.873628	0.10698729	0.0017307478	0.016153097	0.0128375	-0.024337124	-0.0007605855	0.00016977105	0.021736301	121.68793	-299.567	95.754166	-299.43695	95.406715	52.0	3047.9304
53	4320000	1.5	0.014997421	-30.083675	0.13046627	-355.05716	1219.0	2.1203003	0.24472375	1.1457947e-05	149.0	0.009821439	13.935025	0.17381744	0.0014837015	0.004765749	0.0153125	0.1397004	0.0014110174	0.00021817088	0.039616935	119.83012	-312.51392	86.20506	-312.69263	86.42566	53.0	3122.6357
54	4400000	1.5	0.014997812	-29.069897	0.15752044	-360.49933	1219.0	1.506452	0.25426358	1.8234268e-05	149.0	-0.008322368	13.875346	0.12310864	0.0014074662	-0.00428164	0.0151375	-0.13018067	0.00077116146	0.00024203243	0.025734775	121.65666	-323.83878	75.2841	-323.6161	74.84704	54.0	3197.3098
55	4480000	1.5	0.014998151	-29.483152	0.1165474	-365.02322	1219.0	1.4489099	0.24265054	2.4770383e-05	149.0	0.0004646327	13.875126	0.11955233	0.0017565528	-0.029809713	0.0168	0.0016216523	-0.00015675563	0.00023008745	0.025538834	124.21481	-320.63165	76.29494	-321.1147	75.32084	55.0	3271.9026
56	4560000	1.5	0.014998434	-29.912735	0.118846044	-365.44186	1219.0	1.4172649	0.24245933	2.5591266e-05	149.0	-0.00042841333	13.874814	0.117948934	0.00092431955	-0.045799017	0.0061875	-0.009998574	-0.00045556106	0.00020256374	0.026563033	122.01257	-306.54013	86.74744	-305.34195	87.14505	56.0	3346.5544
57	4640000	1.5	0.0149986725	-30.758993	0.119848825	-360.28433	1219.0	1.3041265	0.23562174	1.9461939e-05	149.0	-0.0028343995	13.8741665	0.10867139	0.00132423	-0.064834595	0.0059375	-0.045695666	-0.00069327105	0.00020146102	0.016243838	111.59514	-307.22165	83.82248	-307.44238	83.61489	57.0	3421.0608
58	4720000	1.5	0.014998881	-29.258865	0.10601705	-362.37305	1219.0	1.2872428	0.22739705	1.5668109e-05	149.0	0.00017057081	13.873469	0.10754362	0.00011209025	-0.06681931	0.0002875	-0.00071364024	-0.00021036586	0.00018942083	0.019610377	113.44004	-305.20944	83.73006	-305.7622	83.64563	58.0	3495.6458
59	4800000	1.5	0.014999048	-29.759281	0.10944487	-363.10522	1219.0	1.356583	0.2429254	1.6999911e-05	149.0	0.0008640527	13.873046	0.113665186	0.0006402561	-0.0734545	0.0035125	0.009606859	-0.00011621666	0.00018218212	0.022180783	115.33495	-299.85422	90.96276	-299.2381	91.31761	59.0	3570.146
60	4880000	1.5	0.014999196	-30.222088	0.11225275	-360.9825	1219.0	1.2037895	0.22736971	1.6238075e-05	149.0	-0.0026533953	13.872034	0.101461545	0.0007566851	-0.079883814	0.0033	-0.042659026	-4.0163803e-05	0.0001714231	0.017548552	117.20804	-296.67648	90.73869	-296.39355	90.2363	60.0	3644.8376
61	4960000	1.5	0.014999316	-29.342941	0.104835495	-361.4933	1219.0	1.2011812	0.23575321	1.8963114e-05	149.0	-0.00075417093	13.871083	0.10209588	0.0003830947	-0.09400594	0.0016625	-0.013674609	-0.00052960665	0.00016512901	0.018025855	126.28634	-279.97104	106.71933	-280.4677	105.71336	61.0	3719.3618
62	5040000	1.5	0.014999421	-30.318926	0.09889181	-358.92056	1219.0	1.1699829	0.24287622	2.019555e-05	149.0	1.9214043e-05	13.87004	0.09921092	0.0007958928	-0.103723645	0.0027125	-0.002510462	-0.00021326904	0.00016504026	0.01671453	129.97737	-285.0285	104.76978	-285.41284	104.138016	62.0	3793.7944
63	5120000	1.5	0.01499951	-29.641232	0.10212817	-362.42285	1219.0	1.3395041	0.23160645	1.5350088e-05	149.0	0.0031394076	13.869665	0.1156508	0.0005982025	-0.11438453	0.00395	0.04393561	-0.00016772994	0.00014094298	0.023428721	135.59778	-272.5093	113.07173	-272.80884	112.74106	63.0	3868.532
64	5200000	1.5	0.014999585	-29.665585	0.11465687	-360.2136	1219.0	1.2059588	0.23512118	2.166672e-05	149.0	-0.0022765468	13.868561	0.1052718	0.0006978236	-0.12845886	0.004775	-0.036796704	-0.00024791146	0.00014523295	0.019606076	136.41493	-272.99017	114.47254	-272.8666	114.007515	64.0	3942.9353
65	5280000	1.5	0.014999655	-30.397238	0.09956272	-356.39407	1219.0	1.2282344	0.22825758	1.7564686e-05	149.0	0.0015041371	13.867711	0.10628773	0.0010217262	-0.14890766	0.005575	0.019688481	-0.00016659927	0.00012935982	0.01930668	130.03659	-281.67514	106.476295	-281.31604	107.042496	65.0	4017.5894
66	5360000	1.5	0.014999704	-29.58751	0.10580758	-357.9291	1219.0	1.1721658	0.23013286	1.4594394e-05	149.0	-0.0006041965	13.866652	0.1036103	0.0005185773	-0.15461135	0.0047	-0.0120300455	-1.1660004e-05	0.00013290627	0.01681122	133.1578	-290.96912	101.11133	-290.80414	100.588196	66.0	4092.079
67	5440000	1.5	0.014999748	-29.630116	0.10362788	-358.81293	1219.0	1.1690813	0.23187175	1.7672222e-05	149.0	0.0005102223	13.865607	0.10593372	0.00072912424	-0.16258658	0.00725	0.0047747074	-8.175087e-05	0.0001305282	0.018529829	139.20947	-301.15958	90.01554	-300.77823	89.23038	67.0	4166.558
68	5520000	1.5	0.014999791	-28.496603	0.11359968	-361.2558	1219.0	1.1988541	0.21868734	1.5545022e-05	149.0	-0.00031556643	13.864678	0.112516135	0.0011473527	-0.18615285	0.0118125	-0.008056069	-9.4978335e-05	0.000118896445	0.0186729	153.16527	-293.49658	96.65192	-293.17166	96.1723	68.0	4241.1055
69	5600000	1.5	0.01499982	-30.451284	0.103101864	-357.40332	1219.0	1.0959326	0.22539262	1.1146474e-05	149.0	-0.0006358758	13.863387	0.1007586	0.0009155938	-0.20487547	0.0048	-0.012342588	-5.7266234e-06	0.000113485716	0.014934662	153.46214	-289.72913	100.75191	-289.6181	100.38374	69.0	4315.6846
70	5680000	1.5	0.014999851	-31.891502	0.08781312	-352.1515	1219.0	1.1676147	0.22414255	3.0603853e-05	149.0	0.0029338244	13.862407	0.10068398	0.0018295986	-0.23689365	0.0153	0.040472843	6.34098e-05	0.00013437693	0.017313609	144.98315	-295.51907	95.875206	-295.58212	96.363335	70.0	4390.307
71	5760000	1.5	0.014999868	-29.291529	0.10347041	-353.41864	1219.0	1.0743788	0.22766042	2.094654e-05	149.0	-0.0022582738	13.861011	0.09412889	0.0017188198	-0.27042863	0.010775	-0.036041845	-0.00035892564	0.00012969822	0.012643509	141.12239	-293.4945	96.79764	-293.79715	96.24128	71.0	4464.854
72	5840000	1.5	0.014999894	-30.834375	0.095314614	-350.62784	1219.0	1.3172728	0.22530599	2.0338686e-05	149.0	0.0037864111	13.860642	0.111681275	0.0015177318	-0.29004335	0.0080125	0.052661322	0.00020418501	0.00013064315	0.017513428	131.06532	-304.30997	88.82764	-303.8534	88.44179	72.0	4539.7983
73	5920000	1.5	0.01499991	-28.723131	0.11742476	-357.2601	1219.0	1.0811316	0.2078717	2.0476533e-05	149.0	-0.004198078	13.8590975	0.09960482	0.00045840646	-0.28472805	0.0047375	-0.0650103	-0.00043012237	0.00014589248	0.014793384	149.12892	-308.47946	82.27336	-308.60208	81.66583	73.0	4614.448
74	6000000	1.5	0.014999923	-27.71671	0.10844729	-358.30032	1219.0	1.0532798	0.21714744	1.602596e-05	149.0	-0.0017765836	13.857709	0.101472214	0.00082344265	-0.29377484	0.0073625	-0.029451026	0.00024396667	0.00012709177	0.012084058	163.25513	-300.8901	89.190216	-300.32004	89.33621	74.0	4689.0186
75	6080000	1.5	0.014999928	-30.250004	0.089198306	-354.04898	1219.0	1.0107672	0.20844069	1.1004932e-05	149.0	0.00067717844	13.856195	0.09277453	0.00053477037	-0.29435015	0.0021625	0.007822523	-0.0005004242	0.00013390888	0.008242813	145.58104	-296.0001	94.05568	-296.7322	93.596794	75.0	4763.7617
76	6160000	1.5	0.014999942	-29.642582	0.09057451	-351.88986	1219.0	1.0640858	0.21286078	1.2545951e-05	149.0	0.0007145116	13.854892	0.09404508	0.00044289164	-0.28932977	0.003275	0.00835481	-0.0003914173	0.00011648174	0.009504507	139.05824	-289.68765	101.12123	-290.5532	100.6173	76.0	4847.3535
77	6240000	1.5	0.014999954	-28.794384	0.09492244	-351.4959	1219.0	1.2717361	0.2063981	1.4551889e-05	149.0	0.003459266	13.8543005	0.10989674	0.0009866639	-0.29162502	0.0121	0.04861419	-0.00013269843	0.00011649344	0.020413436	136.68512	-290.0101	102.074165	-290.3283	101.20404	77.0	4921.9453
78	6320000	1.5	0.014999957	-28.762629	0.11468546	-351.12976	1219.0	1.5406039	0.2249173	2.002274e-05	149.0	0.0038560687	13.856139	0.13140973	0.0010801479	-0.31326672	0.0104625	0.053290907	0.00020474244	0.00015221744	0.028946228	132.80414	-301.52072	92.87324	-302.19214	92.463715	78.0	4996.627
79	6400000	1.5	0.01499997	-29.937778	0.14069884	-352.4742	1219.0	1.3510008	0.23005442	3.743657e-05	149.0	-0.0056197136	13.85364	0.1168576	0.0010155775	-0.33551267	0.0068	-0.0870324	-0.00013359719	0.00017081859	0.019818258	130.01537	-310.44708	83.260155	-310.58496	82.20338	79.0	5071.3423
80	6480000	1.5	0.014999973	-29.33138	0.11919491	-353.94354	1219.0	1.281146	0.23633417	2.6476511e-05	149.0	-0.001188841	13.852925	0.114298426	0.0024102952	-0.32449934	0.0294625	-0.02365141	0.0016982902	0.00018767855	0.013583088	137.18547	-319.87878	74.88495	-319.96344	74.50529	80.0	5145.8384
81	6560000	1.5	0.014999973	-26.995922	0.1162126	-359.20215	1219.0	1.182179	0.2188987	1.6071057e-05	149.0	-5.87775e-05	13.851917	0.116431735	0.00077023194	-0.3220947	0.008925	-0.004456737	-0.00029709167	0.00014636957	0.01596171	155.45259	-312.11484	81.27101	-312.2297	80.38582	81.0	5220.244
82	6640000	1.5	0.014999983	-28.749525	0.12329742	-359.8912	1219.0	1.2369076	0.21911947	2.511064e-05	149.0	-0.00011415756	13.851127	0.12396498	0.0012758307	-0.3407156	0.005675	-0.0047039916	-0.00022772446	0.00014265101	0.016637912	162.09155	-308.6222	81.92018	-308.59622	81.490776	82.0	5294.783
83	6720000	1.5	0.014999985	-31.142109	0.11058915	-355.42023	1219.0	1.15281	0.2149363	2.9250345e-05	149.0	-0.00045183685	13.8499775	0.109934054	0.0005612286	-0.34004706	0.003	-0.0093079945	-0.00027606334	0.00013729605	0.010928518	154.45284	-301.30313	85.79758	-301.42767	85.89098	83.0	5369.353
84	6800000	1.5	0.014999987	-29.220648	0.106147245	-351.8793	1219.0	1.427691	0.21515353	1.9674622e-05	149.0	0.004432449	13.849967	0.12596387	0.00127235	-0.36358625	0.0095625	0.0630465	-0.00024383774	0.00014413941	0.027464047	141.89023	-303.2109	84.33924	-302.89697	83.85341	84.0	5444.133
85	6880000	1.5	0.014999988	-28.88686	0.12762475	-352.87833	1219.0	1.1761174	0.21880755	1.39253625e-05	149.0	-0.005188465	13.848671	0.10600489	7.034494e-05	-0.35695934	0.0002	-0.0795614	-9.133435e-05	0.00014904086	0.013532249	148.97357	-308.62067	80.530975	-308.54166	79.92208	85.0	5518.9
86	6960000	1.5	0.014999988	-28.801168	0.111461915	-355.00778	1219.0	1.1909144	0.23233819	1.4972992e-05	149.0	-0.00016047698	13.847704	0.1114048	0.00075137534	-0.38216636	0.006575	-0.0048896247	-0.00036435892	0.00013832546	0.010636886	152.05313	-304.7334	83.55498	-304.29214	83.78463	86.0	5593.303
87	7040000	1.5	0.014999988	-29.426868	0.11021587	-353.94223	1219.0	1.3428729	0.20903635	1.5088144e-05	149.0	0.0028988845	13.847307	0.12338075	0.0009595157	-0.38496473	0.0065	0.03959798	-8.19397e-06	0.00015614611	0.018202692	149.52287	-312.79758	75.39089	-312.17557	75.80393	87.0	5667.9526
88	7120000	1.5	0.014999988	-28.978144	0.1266288	-356.46512	1219.0	1.231863	0.21213023	2.2207078e-05	149.0	-0.002129197	13.846298	0.11843297	0.00065313367	-0.39056128	0.0044625	-0.034638558	-0.00016553144	0.00015566747	0.012235489	154.30077	-311.92032	76.12374	-312.51398	75.35438	88.0	5742.5034
89	7200000	1.5	0.014999988	-28.696432	0.122645214	-357.55606	1219.0	1.1960875	0.23035827	1.9277344e-05	149.0	-0.0011988486	13.845331	0.11865341	0.00043313	-0.40226927	0.00195	-0.020469917	-0.00022594881	0.0001592577	0.011354574	159.35312	-314.83896	71.694336	-315.65112	70.18754	89.0	5816.9165
90	7280000	1.5	0.014999999	-29.346172	0.12192983	-358.00238	1219.0	1.2361729	0.24753109	2.6370497e-05	149.0	0.00013122779	13.844522	0.12361093	0.00083549327	-0.41574296	0.0034	-0.0008660246	-0.0004187355	0.00015800569	0.012809734	165.33722	-308.23276	79.56044	-308.64404	79.27781	90.0	5891.3984
91	7360000	1.5	0.014999999	-30.459171	0.114299215	-353.12787	1219.0	1.3496066	0.24835643	2.4410827e-05	149.0	0.0024436014	13.844082	0.12599622	0.0006847501	-0.4166255	0.0059375	0.033660367	-0.00055181276	0.00014128177	0.0123453075	152.495	-298.7578	88.31176	-298.36206	87.778854	91.0	5966.1514
92	7440000	1.5	0.014999999	-29.560669	0.12718311	-351.1222	1219.0	1.7238387	0.22074878	2.5054944e-05	149.0	0.0054899314	13.864704	0.15136956	0.0017187927	-0.4180994	0.0131625	0.07716374	0.00018703575	0.00017017797	0.02301578	142.2094	-308.44272	81.96997	-308.91135	80.96252	92.0	6040.7026
93	7520000	1.5	0.014999999	-27.007397	0.15228403	-358.96536	1219.0	1.478466	0.21933427	2.7668435e-05	149.0	-0.0018877813	13.844432	0.1446496	0.00069296744	-0.4163676	0.0049625	-0.031784598	5.715313e-05	0.00016395381	0.02123307	178.04196	-312.06357	76.99321	-312.4495	76.11346	93.0	6115.3203
94	7600000	1.5	0.014999999	-29.349777	0.14874864	-358.98923	1219.0	1.4131283	0.23899572	2.7415266e-05	149.0	-0.0014337238	13.844107	0.14400816	0.0019212624	-0.4411268	0.022425	-0.025001278	-0.00013983688	0.00016581494	0.01560608	168.06172	-311.3162	75.43404	-311.27383	75.4125	94.0	6190.1807
95	7680000	1.5	0.014999999	-30.535576	0.14313065	-356.02942	1219.0	1.4275204	0.24000797	1.5934962e-05	149.0	2.2893524e-05	13.843838	0.14435421	0.00076973037	-0.42568922	0.0057625	-0.0029828488	-0.00010319366	0.0001737034	0.011560782	168.3549	-302.60742	83.24923	-303.61765	81.9772	95.0	6264.57
96	7760000	1.5	0.014999999	-27.935062	0.13159777	-353.8366	1219.0	1.3179406	0.22294454	1.8179835e-05	149.0	-0.00038848672	13.843218	0.13127133	0.0016717648	-0.46315956	0.014125	-0.009154401	-0.00061342184	0.00017438887	0.012687286	159.54677	-305.43784	80.275024	-306.68173	79.03498	96.0	6339.2324
97	7840000	1.5	0.014999999	-31.142593	0.14153303	-351.20572	1219.0	1.8139049	0.25115544	3.291432e-05	149.0	0.0052416837	13.873207	0.16404365	0.00082006847	-0.47046465	0.00525	0.07392747	-0.0003465273	0.00020084615	0.016145227	161.59207	-309.77545	73.2828	-311.43707	70.60896	97.0	6413.929
98	7920000	1.5	0.014999999	-28.415075	0.16315705	-351.74826	1219.0	1.5938573	0.24522488	2.300493e-05	149.0	-0.0036303068	13.851257	0.1479201	0.00078363944	-0.45329762	0.0088625	-0.05834303	0.0003942485	0.00021292653	0.01185961	154.28087	-312.16785	69.69956	-312.42215	69.273155	98.0	6489.007
99	8000000	1.5	0.014999999	-27.859388	0.1445169	-353.29382	1219.0	1.4394093	0.2743113	1.6036807e-05	149.0	-0.0012010802	13.844039	0.13958634	0.0008992262	-0.47614673	0.0074375	-0.02145548	-0.00020919075	0.00020421683	0.010569812	160.80632	-310.5673	69.85303	-312.1694	67.88171	99.0	6563.652
100	8080000	1.5	0.014999999	-29.360226	0.14075904	-351.0314	1219.0	1.642602	0.24797861	2.623574e-05	149.0	0.0022269068	13.856363	0.15047336	0.001864629	-0.48791742	0.0213625	0.028284222	-0.00013134231	0.00022102075	0.012893485	156.41437	-312.71143	67.47943	-313.0537	67.26174	100.0	6638.061
101	8160000	1.5	0.014999999	-29.462503	0.1574235	-350.05206	1219.0	1.9203725	0.2433908	3.147791e-05	149.0	0.0027286776	13.884967	0.16907802	0.002056163	-0.5150967	0.0210625	0.035007514	6.3352774e-05	0.00024480585	0.016307797	152.4083	-318.6822	61.44339	-318.5965	60.442352	101.0	6712.7046
102	8240000	1.5	0.014999999	-28.330254	0.17445756	-351.37833	1219.0	1.8274463	0.25315434	2.1521022e-05	62.0	-0.0020851945	13.876442	0.16524644	0.01507904	-0.5316554	0.118625	-0.040340904	0.017867977	0.00028254496	0.0122990105	160.12704	-332.57672	53.758797	-332.72406	52.601723	102.0	6769.2754
103	8320000	1.5	0.014999999	-27.56769	0.21370171	-365.0782	1219.0	2.440276	0.25437737	2.088951e-05	149.0	0.010979653	13.940108	0.26007453	0.0027229453	-0.51687914	0.031425	0.15780568	0.0017573271	0.0002439991	0.042867906	226.08105	-323.15918	59.145943	-323.72153	57.38446	103.0	6843.94
104	8400000	1.5	0.014999999	-29.468637	0.22311601	-359.41562	1219.0	1.8889614	0.250297	1.2580173e-05	149.0	-0.0008188284	13.886294	0.21941768	0.0015020433	-0.5342302	0.01415	-0.016916115	-0.00036086122	0.0002640212	0.019901702	189.22087	-323.21808	57.657654	-323.36612	58.363506	104.0	6919.083
105	8480000	1.5	0.014999999	-30.318943	0.22054376	-356.4474	1219.0	1.988172	0.2711985	1.6399872e-05	149.0	0.0009798167	13.897532	0.22408965	0.00083274796	-0.54150194	0.0076375	0.009916684	-0.00028774186	0.0002600373	0.013626213	188.2466	-321.1856	57.641174	-320.49527	56.574425	105.0	6993.9717
106	8560000	1.5	0.014999999	-29.495028	0.21677795	-353.86722	1219.0	2.1207657	0.25124153	3.7955855e-05	149.0	0.0018075372	13.912391	0.22449553	0.0035594048	-0.53623486	0.04305	0.023116147	0.0038009156	0.0002983107	0.015611197	180.64453	-327.99023	53.816265	-328.2378	53.822243	106.0	7068.7397
107	8640000	1.5	0.014999999	-27.414043	0.2620563	-361.33026	1219.0	2.1723683	0.27663058	1.7376247e-05	112.0	0.003946717	13.919312	0.27881014	0.015305775	-0.5339627	0.119575	0.04937052	0.018364327	0.00024154008	0.026830247	211.09337	-313.73856	61.51946	-314.30362	60.652733	107.0	7135.686
108	8720000	1.5	0.014999999	-30.401154	0.1963166	-346.87564	1219.0	2.242914	0.29580706	2.3245759e-05	149.0	-0.00066943036	13.928406	0.19442351	0.0012270911	-0.5572495	0.006475	-0.014560516	-0.000625831	0.00024949765	0.019805782	174.117	-312.26413	62.16489	-311.5552	63.260834	108.0	7210.8193
109	8800000	1.5	0.014999999	-29.124495	0.21494257	-346.85654	1219.0	2.682264	0.28042355	3.8041075e-05	149.0	0.0021435446	13.975495	0.2237818	0.00054968946	-0.54967505	0.0070875	0.027308377	-0.00013734054	0.0002617329	0.02554115	165.02507	-314.5142	58.82314	-314.56708	57.304	109.0	7285.9185
110	8880000	1.5	0.014999999	-27.904541	0.21281384	-347.6869	1219.0	2.2804532	0.2773834	2.9107014e-05	149.0	-0.005058134	13.937697	0.19074194	0.0008953257	-0.5308413	0.0082875	-0.08113624	7.844558e-05	0.00028479408	0.014375596	161.24953	-315.92456	55.82874	-316.27472	55.329433	110.0	7361.885
111	8960000	1.5	0.014999999	-27.699293	0.1791446	-348.48163	1219.0	1.9995781	0.27726746	1.9452465e-05	149.0	-0.0018162555	13.911443	0.17087404	0.00038477223	-0.5244193	0.00315	-0.03206142	-0.0002191185	0.0002907821	0.010478024	161.44786	-315.8733	55.323177	-315.3872	54.88968	111.0	7437.1016
112	9040000	1.5	0.014999999	-28.422085	0.17030303	-347.5505	1219.0	2.0703418	0.28781208	3.4548175e-05	149.0	0.0014621376	13.920098	0.17606087	0.0010540688	-0.50310653	0.00725	0.016706683	5.2751543e-06	0.00028100115	0.011163343	157.18417	-315.19858	56.647617	-314.54074	56.324127	112.0	7512.602
113	9120000	1.5	0.014999999	-27.541197	0.15693419	-347.6187	1219.0	1.8047504	0.30535328	3.641318e-05	149.0	-0.000648028	13.894705	0.15372457	0.0008022439	-0.52187246	0.004275	-0.014045253	-0.000513968	0.0002674629	0.010734135	151.8135	-316.6869	55.06848	-317.3143	53.91506	113.0	7591.398
114	9200000	1.5	0.014999999	-29.187735	0.17686443	-348.9089	1219.0	2.1463683	0.31872988	3.084751e-05	149.0	0.0025129917	13.930527	0.18680161	0.0009958091	-0.5279107	0.015025	0.03213226	0.000271286	0.0002850378	0.014148224	159.12674	-314.76282	57.495235	-313.74524	58.36257	114.0	7668.701
115	9280000	1.5	0.014999999	-28.440266	0.17820697	-347.38742	1219.0	2.2309737	0.30456135	3.4734585e-05	149.0	0.0031114377	13.940698	0.19080748	0.0014320131	-0.5336551	0.01615	0.04102893	0.00017070064	0.0002609697	0.016484343	150.75842	-318.01562	54.460342	-317.77594	54.774426	115.0	7746.0576
116	9360000	1.5	0.014999999	-27.486416	0.19423279	-351.94235	1219.0	1.7774774	0.3165837	3.6033198e-05	57.0	-0.0045107803	13.896739	0.17438361	0.015901923	-0.5257302	0.118625	-0.07470147	0.020121567	0.00029988753	0.011900444	163.00897	-336.08945	47.761925	-336.0135	47.558926	116.0	7802.47
117	9440000	1.5	0.014999999	-27.011517	0.2792497	-369.51767	1219.0	2.9686675	0.29611182	2.1189464e-05	149.0	0.031635247	14.019463	0.41290596	0.005594111	-0.50174624	0.047375	0.460127	0.0047528483	0.00029135015	0.11077435	242.33742	-326.13785	49.47226	-326.72778	48.058884	117.0	7877.717
118	9520000	1.5	0.014999999	-29.31255	0.31973407	-360.31134	1219.0	1.7162895	0.30071244	1.641116e-05	30.0	-0.014268339	13.895526	0.25832665	0.024356179	-0.49011046	0.0718375	-0.2481704	0.01668819	0.00026680902	0.032904528	186.2656	-304.77023	56.576534	-304.45746	55.30343	118.0	7928.879
119	9600000	1.5	0.014999999	-29.3171	0.16174921	-341.2773	1219.0	2.4743176	0.32914308	4.923439e-05	149.0	0.009589796	13.973734	0.20227596	0.0029999332	-0.52463144	0.0318125	0.13693774	0.0009778002	0.00028221647	0.06891651	173.0966	-307.70023	57.241924	-307.7226	55.78852	119.0	8003.574
120	9680000	1.5	0.014999999	-29.02562	0.22014856	-343.697	1219.0	2.3027792	0.3025927	3.6965423e-05	149.0	-0.007285523	13.958397	0.18851408	0.0008726207	-0.5337905	0.0059	-0.11472019	-7.035227e-05	0.00025983044	0.034104668	163.05733	-312.32358	55.2663	-312.51105	55.080414	120.0	8080.285
121	9760000	1.5	0.014999999	-28.255156	0.19719638	-348.62103	1219.0	1.9035058	0.32405856	2.9255305e-05	149.0	-0.008789642	13.9201975	0.15897824	0.0011717624	-0.5376944	0.0132875	-0.13652138	0.00013357028	0.00028201166	0.022995412	164.52452	-315.90295	53.46084	-317.7016	51.122948	121.0	8158.8125
122	9840000	1.5	0.014999999	-28.441862	0.16186678	-349.36838	1219.0	1.887616	0.33098713	2.4242252e-05	149.0	0.0016319058	13.91971	0.1678904	0.0007545651	-0.52506256	0.0115375	0.019423656	-9.700966e-05	0.00027474604	0.011854001	165.13556	-315.63263	54.466255	-316.39163	54.65102	122.0	8236.406
123	9920000	1.5	0.014999999	-28.252869	0.16624686	-349.85873	1219.0	1.8228914	0.34003264	3.2475666e-05	149.0	0.0020407583	13.914221	0.1741801	0.0003879704	-0.5185085	0.0020875	0.025842356	-0.0003145275	0.00027838128	0.01113987	163.81157	-312.4465	57.276474	-312.69583	57.306538	123.0	8314.748
124	10000000	1.5	0.014999999	-28.104156	0.16571988	-349.6315	1219.0	1.756617	0.33660054	4.258236e-05	149.0	0.00067469734	13.908384	0.16786875	0.00061914005	-0.51511866	0.0048125	0.005456499	-0.00048950996	0.00028198343	0.009177476	158.36063	-311.8822	56.156174	-312.24747	54.063	124.0	8392.757
125	10080000	1.5	0.014999999	-28.46224	0.16842698	-349.04764	1219.0	1.7936078	0.34076157	2.658157e-05	149.0	0.00070640875	13.912863	0.17095546	0.00024274552	-0.51145035	0.0028625	0.0056255194	-2.4205588e-05	0.0002676602	0.011816243	159.53923	-317.5954	51.233738	-317.64658	51.32177	125.0	8470.91
126	10160000	1.5	0.014999999	-27.897606	0.17372906	-351.1791	1219.0	1.6265228	0.32757133	2.6100257e-05	149.0	-0.00030089152	13.89668	0.17183344	0.00087531836	-0.521902	0.0063375	-0.009397213	-0.00016215458	0.00027102797	0.010671417	163.49161	-317.68933	49.325867	-318.1818	48.96824	126.0	8549.018
127	10240000	1.5	0.014999999	-28.843159	0.15211949	-347.4511	1219.0	1.8044808	0.34891593	3.4185465e-05	149.0	0.0016677199	13.915217	0.1586139	0.0010544391	-0.5310698	0.0113125	0.019891702	-0.00061741483	0.00026977473	0.012493493	152.95807	-319.9598	47.027264	-320.40228	46.537025	127.0	8626.932
128	10320000	1.5	0.014999999	-28.617638	0.16159314	-347.72775	1219.0	1.9454442	0.36577526	4.336439e-05	149.0	0.0033111982	13.930306	0.17485169	0.0023000606	-0.54958487	0.037275	0.045511108	0.001057575	0.00024210995	0.014634474	148.0566	-320.33527	46.14458	-320.19977	45.596455	128.0	8704.625
129	10400000	1.5	0.014999999	-28.742132	0.17157957	-345.38464	1219.0	2.3423653	0.33235374	2.7769414e-05	149.0	0.0057952134	13.972069	0.1954344	0.0009941319	-0.5524903	0.007975	0.08048333	0.00038657713	0.00026114727	0.024638364	142.46533	-326.9549	37.92882	-327.01395	37.910427	129.0	8783.006
130	10480000	1.5	0.014999999	-26.91029	0.1812099	-348.78574	1219.0	1.6518333	0.35621697	3.6465895e-05	149.0	-0.008031887	13.904052	0.14629066	0.0012608279	-0.5626717	0.0199	-0.1240266	0.00033475304	0.00021587884	0.016286759	147.56517	-330.08136	34.311913	-329.81012	33.931145	130.0	8861.305
131	10560000	1.5	0.014999999	-28.141806	0.14762078	-350.11688	1219.0	1.4095101	0.33530575	2.829906e-05	149.0	-0.0021346137	13.891036	0.13798416	0.0022190628	-0.57148653	0.0257	-0.036140174	0.00029332112	0.00021427839	0.0069357697	145.94957	-334.02692	26.943113	-333.8955	26.647263	131.0	8939.734
132	10640000	1.5	0.014999999	-28.01244	0.12910807	-349.96634	1219.0	1.3637079	0.33737582	2.504139e-05	149.0	0.0015186614	13.890566	0.13513443	0.001815273	-0.6070042	0.0168375	0.018528232	-0.00076910364	0.00020884613	0.0072562452	145.86908	-330.94897	25.404589	-330.99005	25.07442	132.0	9017.888
133	10720000	1.5	0.014999999	-28.868156	0.12621671	-347.3471	1219.0	1.7654905	0.35292983	3.0044446e-05	149.0	0.0059185815	13.915552	0.15109003	0.0015846099	-0.63283354	0.0121875	0.08458056	-0.00034477588	0.00018878671	0.019930346	137.20493	-336.05682	19.591433	-337.19604	19.123758	133.0	9096.639
134	10800000	1.5	0.014999999	-28.31362	0.15163784	-349.43695	1219.0	1.5597085	0.35350204	3.6902395e-05	149.0	-0.0018916788	13.894998	0.14315054	0.0025435677	-0.6346931	0.021625	-0.03285205	0.00020205889	0.00020073852	0.012329858	135.98875	-341.20615	12.224442	-342.2997	11.665191	134.0	9175.949
135	10880000	1.5	0.014999999	-26.7445	0.15208918	-354.05365	1219.0	1.1562266	0.3727516	4.5163262e-05	149.0	0.00047806246	13.890306	0.15373749	0.0023439438	-0.6311211	0.0203125	0.0029658577	0.0004362388	0.0001860548	0.009535749	149.62456	-349.35394	8.216928	-348.9862	8.016144	135.0	9254.649
136	10960000	1.5	0.014999999	-27.497023	0.13906612	-352.57153	1219.0	1.1094731	0.3345179	2.9636232e-05	149.0	-0.0004919408	13.889085	0.13700299	0.0012136627	-0.6376911	0.0101375	-0.010154181	-0.0002616005	0.00017927024	0.008836703	143.94455	-339.76068	12.102487	-341.81488	11.842127	136.0	9333.424
137	11040000	1.5	0.014999999	-29.636826	0.14468266	-353.54037	1219.0	1.1540396	0.31651527	3.2041717e-05	149.0	0.0020970744	13.888039	0.15360957	0.0009306719	-0.65885586	0.0050875	0.027934415	-0.00055423734	0.00019359216	0.008324985	141.03714	-340.2095	12.106401	-341.90683	11.657644	137.0	9412.279
138	11120000	1.5	0.014999999	-28.871103	0.14205113	-352.20486	1219.0	1.2452883	0.34599686	2.7752194e-05	149.0	0.0009868316	13.887264	0.14631598	0.0010381871	-0.6743666	0.003875	0.0116379745	-0.00044542007	0.00016069094	0.008729279	134.1467	-339.62445	14.861114	-338.8989	14.607261	138.0	9491.379
139	11200000	1.5	0.014999999	-29.365103	0.13795373	-349.21417	1219.0	1.6170766	0.37806767	3.481224e-05	149.0	0.0034508533	13.897078	0.15263398	0.0022097887	-0.6905266	0.0133375	0.04763123	-0.0009868123	0.00018214047	0.01564602	129.13884	-334.64883	13.021005	-335.15683	12.2858515	139.0	9570.773
140	11280000	1.5	0.014999999	-28.269175	0.15720645	-350.72784	1219.0	1.461882	0.33788455	4.8582722e-05	149.0	-0.0012347569	13.887273	0.15163311	0.0017674905	-0.7018184	0.0163875	-0.022050008	-0.0003263653	0.00016565163	0.01392625	134.0158	-331.27072	19.912283	-330.5826	20.32682	140.0	9649.496
141	11360000	1.5	0.014999999	-30.937681	0.15108933	-346.85016	1219.0	2.7446585	0.3386344	3.7401354e-05	149.0	0.018746627	14.012455	0.23053013	0.0032969622	-0.7052225	0.030525	0.27272457	0.0012716793	0.00020997274	0.06601789	132.88237	-337.9237	16.037437	-338.13248	15.477762	141.0	9728.67
142	11440000	1.5	0.014999999	-27.589632	0.22403914	-349.27155	1219.0	2.3500545	0.36997575	3.3577886e-05	149.0	-0.0042484757	13.97477	0.20538245	0.0070565324	-0.72393095	0.100925	-0.07227428	0.004676649	0.0001992786	0.029991467	119.587875	-346.18372	6.079482	-347.7813	5.7442265	142.0	9807.757
143	11520000	1.5	0.014999999	-24.523666	0.22539538	-360.50616	1219.0	1.1642377	0.33578935	2.9906663e-05	149.0	-1.9577856e-05	13.892264	0.22476128	0.0019114111	-0.70638555	0.0191625	-0.005426335	4.2367552e-05	0.00018863099	0.03130744	184.30605	-342.3349	6.262285	-342.31863	6.052395	143.0	9887.112
144	11600000	1.5	0.014999999	-28.359615	0.20562336	-358.27924	1219.0	1.0334052	0.31623843	2.440767e-05	145.0	-0.0018366844	13.890818	0.19806397	0.015391434	-0.7310476	0.1255875	-0.035528883	0.015173819	0.00015437132	0.011130242	142.85716	-326.7799	16.474144	-327.06204	16.285473	144.0	9965.472
145	11680000	1.5	0.014999999	-33.103233	0.114938565	-341.75345	1219.0	4.067767	0.4177107	4.600258e-05	149.0	0.05063995	14.151939	0.3309022	0.0070496504	-0.77345306	0.0746	0.7571905	0.0029438878	0.00015903267	0.25420782	150.09438	-333.39893	13.2813425	-333.37698	13.027066	145.0	10045.224
146	11760000	1.5	0.014999999	-27.952847	0.34054935	-349.77505	1219.0	2.0164075	0.3577791	5.3922606e-05	149.0	-0.040792912	13.94838	0.16680561	0.0031995785	-0.7575236	0.0298875	-0.6165175	0.00013131561	0.0001474012	0.13140272	126.8168	-337.38745	7.4654727	-337.6014	7.277175	146.0	10124.354
147	11840000	1.5	0.014999999	-24.610308	0.14043178	-356.2901	1219.0	1.0733454	0.35567775	2.7225591e-05	149.0	-0.009203607	13.898465	0.10121787	0.001233468	-0.7443645	0.0077625	-0.14025159	-0.00017045307	0.00013510816	0.019087525	159.73848	-337.99103	7.550686	-338.35703	7.321711	147.0	10204.008
148	11920000	1.5	0.014999999	-28.553991	0.09706946	-355.31277	1219.0	1.1210934	0.35961968	3.0812207e-05	149.0	0.0064055636	13.897325	0.123951346	0.0022246435	-0.74453264	0.023975	0.09243636	-1.8026733e-05	0.00013627444	0.0097159315	125.75464	-338.13345	6.49902	-338.43576	6.2818236	148.0	10283.501
149	12000000	1.5	0.014999999	-25.793964	0.14280951	-359.8094	1219.0	1.0850672	0.32858473	1.9315466e-05	149.0	0.00934947	13.895984	0.18225628	0.0010623563	-0.74664026	0.0051	0.13640907	-0.00094742945	0.00011951941	0.020261144	149.09428	-325.45908	17.444574	-326.1912	17.544071	149.0	10362.579
