Epoch	TotalEnvInteracts	worker/CostLimit	worker/noise	learner/VVals	learner/CostVVals	worker/EpRet	worker/EpLen	worker/EpCost	learner/LossQ	learner/LossQC	learner/StopIter	learner/LossPi	learner/Lagrangian	learner/QcRet	learner/KL	learner/Entropy	learner/ClipFrac	learner/LossQcPenalty	learner/LossVallina	learner/LossKLAdv	learner/LossVC	learner/LossV	Eval/NaturalReward	Eval/NaturalCost	Eval/AdvUniformReward	Eval/AdvUniformCost	worker/Epoch	worker/Time
0	80000	1.5	0.0	0.039949615	0.042098287	-1853.5184	1219.0	466.58203	2.1645381	0.0055439253	5.0	9.3956175	48.07256	36.559658	0.016100971	0.91643137	0.24025	460.83774	-0.00506214	2.3987309e-06	1382.5276	20441.86	-1665.4631	466.5866	-1665.4207	466.58936	0.0	44.515755
1	160000	1.5	0.0	-59.952606	39.1144	-1682.153	1219.0	463.94846	1.0484191	0.0008577753	79.0	0.024773454	48.723625	39.377945	0.015148239	0.93153673	0.189225	1.2042019	0.0019527952	2.3211116e-05	7.1615915	5597.4688	-1501.7085	462.96085	-1501.6122	462.94302	1.0	103.32814
2	240000	1.5	0.0023027735	-126.159515	39.253876	-1537.6838	1219.0	458.9947	0.9084398	0.0003199758	4.0	-0.09086653	49.592743	39.191414	0.015689846	0.9325695	0.2415625	-4.7011204	-0.0023421159	2.401162e-05	2.820876	413.5312	-1317.2224	455.80045	-1317.0365	455.80316	2.0	147.3456
3	320000	1.5	0.004252031	-122.54644	39.05868	-1373.8859	1219.0	450.49948	0.8627216	0.00014362021	3.0	-0.20422722	50.0845	38.65322	0.017550942	0.9329014	0.2593875	-10.608747	-0.006500035	2.4801304e-05	3.3351269	337.93536	-1125.5767	443.24234	-1125.646	443.23233	3.0	191.1963
4	400000	1.5	0.0059020403	-110.636116	38.496807	-1205.2767	1219.0	439.53882	0.7941912	0.00013088134	3.0	-0.28397775	50.293747	37.846344	0.017521897	0.9329309	0.275725	-14.767662	-0.010187247	2.7129698e-05	4.9008436	302.5723	-927.0482	425.72083	-926.53845	425.64633	4.0	235.06552
5	480000	1.5	0.0072987443	-97.05028	37.60005	-1043.9548	1219.0	426.2372	0.7970635	0.0001397353	3.0	-0.32249224	50.247597	36.826794	0.016114803	0.9328508	0.25035	-16.7653	-0.013331331	2.8403774e-05	6.6353197	261.07706	-742.1086	398.0964	-742.2508	398.117	5.0	278.92297
6	560000	1.5	0.008481027	-84.10256	36.476738	-901.1103	1219.0	410.5781	0.71674293	0.00014358843	4.0	-0.3668589	49.90268	35.4779	0.022133362	0.93268865	0.3313125	-19.053846	-0.010635156	2.5871372e-05	7.765914	238.1777	-536.89667	327.701	-536.9144	327.83542	6.0	323.16742
7	640000	1.5	0.009481809	-71.72841	34.590244	-744.996	1219.0	382.36325	0.67210305	0.00019362726	5.0	-0.4788329	48.229866	33.12858	0.018954981	0.9312648	0.2962625	-23.93008	-0.011332387	1.7327184e-05	10.908237	233.95425	-391.19696	154.65337	-391.11166	154.46722	7.0	367.90552
8	720000	1.5	0.010328949	-58.8644	31.42537	-618.5512	1219.0	338.69598	0.58970815	0.00023185815	8.0	-0.5972824	44.879368	29.430868	0.015825365	0.9262486	0.2139	-27.757753	-0.012345966	5.4214966e-06	15.061746	155.61134	-264.56763	52.39746	-264.78018	52.301266	8.0	412.70807
9	800000	1.5	0.011046043	-48.16587	25.8098	-517.7904	1219.0	261.57684	0.48499975	0.00027743526	117.0	-0.8012568	37.998486	22.91473	0.015085921	0.83320516	0.12445	-31.642216	-0.013953287	4.8214783e-09	20.229992	69.81107	-38.177586	332.94827	-37.949966	333.06567	9.0	479.13586
10	880000	1.5	0.01165305	-40.54653	16.826809	-428.63522	1219.0	148.46634	0.35305572	0.00032066158	149.0	-1.0567421	27.19254	12.707186	0.008256759	0.7429607	0.073425	-29.903582	-0.008468819	1.5067646e-10	25.37904	46.422916	-7.807048	332.49573	-7.864247	332.49057	10.0	552.1947
11	960000	1.5	0.012166867	-34.82225	10.745922	-397.8382	1219.0	114.444275	0.31537208	0.0003663819	149.0	-0.34047413	24.167385	9.383672	0.0073234527	0.65942925	0.065275	-8.638171	-0.008097233	1.1406712e-11	7.7273345	21.581762	-5.8991075	332.66443	-5.9025116	332.66364	11.0	625.18585
12	1040000	1.5	0.012601807	-31.96554	7.4846554	-368.89313	1219.0	84.201416	0.2766022	0.00047120993	149.0	-0.17617615	21.384441	6.7819304	0.006879763	0.57885545	0.061125	-4.012249	-0.0073941695	3.8260584e-12	5.238913	17.428965	-4.990776	332.74557	-4.9619827	332.74866	12.0	700.133
13	1120000	1.5	0.012969971	-29.578838	5.2125783	-339.56076	1219.0	60.475338	0.24145183	0.00036577057	149.0	-0.086063474	19.2177	4.8569775	0.0063696518	0.4998765	0.0602	-1.7922987	-0.008171463	6.599869e-12	4.1165338	13.344753	-4.8823476	332.75418	-4.933073	332.75024	13.0	773.3331
14	1200000	1.5	0.0132816145	-27.339216	3.862032	-317.80328	1219.0	46.834778	0.21195059	0.00021780422	149.0	-0.027367853	17.976448	3.7172587	0.005978731	0.42189074	0.058225	-0.54745364	-0.007276964	1.681514e-11	3.1596696	11.616681	-5.1070886	332.73602	-5.0626755	332.738	14.0	846.4044
15	1280000	1.5	0.013545423	-25.469765	3.1092386	-296.146	1219.0	38.879333	0.18155226	0.00010643534	149.0	0.023441318	17.314283	3.177386	0.0051653367	0.35025072	0.0495375	0.41241837	-0.007186543	6.394449e-10	3.640904	9.834614	-9.204218	332.39755	-9.237539	332.398	15.0	919.41516
16	1360000	1.5	0.013768726	-23.75913	2.8903556	-278.50702	1219.0	36.071312	0.17271374	7.433265e-05	149.0	0.05570194	17.140764	3.097392	0.0033567168	0.29397798	0.029725	1.0030596	-0.006710796	2.0281955e-11	3.8924544	7.9741173	-5.6956177	332.68234	-5.593946	332.69403	16.0	992.442
17	1440000	1.5	0.013957752	-22.407595	3.0094285	-265.66003	1219.0	36.320763	0.15685344	4.957539e-05	149.0	0.06932872	17.251114	3.2766907	0.0013886394	0.25780347	0.008525	1.2651135	-0.0051794862	6.931246e-13	4.2479706	6.799221	-3.7790477	332.87347	-3.7829285	332.87134	17.0	1066.6044
18	1520000	1.5	0.014117749	-21.40159	3.270596	-257.58987	1219.0	37.146076	0.15105331	4.002151e-05	149.0	0.06793228	17.433943	3.538354	0.0028796918	0.20787051	0.022725	1.248089	-0.006068305	1.4009465e-12	4.1089664	6.1991854	-3.8340712	332.8632	-3.837369	332.86206	18.0	1139.6348
19	1600000	1.5	0.014253196	-20.739798	3.6340847	-246.06827	1219.0	40.337883	0.14513873	3.187408e-05	149.0	0.109286964	17.865189	4.0811367	0.002284154	0.25367975	0.0221375	2.044834	0.007566114	6.5415213e-13	4.5346584	6.016428	-3.4842527	332.91452	-3.5057204	332.9113	19.0	1212.9266
20	1680000	1.5	0.014367847	-19.893982	4.009629	-251.92535	1219.0	38.586357	0.16395646	2.9331402e-05	149.0	0.03919625	17.799084	4.162292	0.00061732164	0.22493982	0.0034875	0.737247	-0.004046301	4.0599777e-13	3.1012874	5.2465234	-3.4364717	332.91827	-3.4199862	332.92087	20.0	1285.987
21	1760000	1.5	0.014464887	-20.239513	4.188704	-249.14655	1219.0	39.21285	0.15655825	2.4617839e-05	149.0	0.06500017	17.972725	4.451707	3.0700292e-05	0.22113232	0.0	1.2337447	-0.0005379654	2.8683026e-12	3.2876468	5.1680293	-3.9654007	332.8434	-3.9551663	332.84613	21.0	1361.4854
22	1840000	1.5	0.014547037	-20.053663	4.498389	-246.67929	1219.0	39.992664	0.15818116	2.247831e-05	149.0	0.05504355	18.163488	4.724536	1.8711424e-05	0.21810102	0.0	1.05523	-0.00043334617	3.1610099e-12	3.1841269	5.3644094	-3.940767	332.84653	-3.9966495	332.84152	22.0	1434.6357
23	1920000	1.5	0.014616577	-19.905779	4.7465153	-246.13098	1219.0	40.392796	0.17089194	1.681831e-05	149.0	0.046391934	18.317282	4.9379005	0.0013230545	0.24933006	0.0078625	0.88827205	0.004772693	1.0822446e-10	2.919116	4.9487724	-6.283381	332.62314	-6.293769	332.6162	23.0	1507.852
24	2000000	1.5	0.014675439	-19.941433	4.702017	-255.87909	1219.0	37.811714	0.18405733	1.8148163e-05	149.0	0.03934906	18.16994	4.86892	0.00054017385	0.27631044	0.0049875	0.747712	0.0044768103	9.899225e-08	2.624834	5.866496	-55.88619	326.19598	-55.929977	326.29285	24.0	1581.0079
25	2080000	1.5	0.014725265	-20.618462	4.795352	-259.8667	1219.0	37.270466	0.19970992	2.3179602e-05	25.0	0.029553574	18.22228	4.9225745	0.019588398	0.27914527	0.0533625	0.53567386	0.022517528	3.2636588e-05	2.4267044	5.85473	-267.99368	116.99048	-267.51303	117.03135	25.0	1629.254
26	2160000	1.5	0.014767439	-21.135412	4.598009	-286.12402	1219.0	36.490112	0.22497907	5.6407094e-05	4.0	0.0634677	18.251839	4.859041	0.016452843	0.2792108	0.0583875	1.19082	0.019525815	7.152738e-05	2.8740714	10.196276	-293.66956	70.365715	-292.9514	70.067635	26.0	1674.4963
27	2240000	1.5	0.014803143	-23.004333	4.803857	-301.9199	1219.0	34.4726	0.24438457	6.608998e-05	2.0	-0.062850714	18.169	4.5314655	0.026842931	0.2790239	0.0819625	-1.2969441	0.03930421	0.0001245818	2.7712634	11.816134	-310.70187	34.516403	-311.34396	34.492626	27.0	1718.5359
28	2320000	1.5	0.014833362	-24.421183	4.3064437	-322.59225	1219.0	30.383781	0.2748685	5.0678278e-05	1.0	-0.15910316	17.83952	3.6290438	0.024401806	0.27889916	0.0976125	-3.093832	0.04584878	0.00016493397	4.823175	17.121986	-336.73096	16.846615	-336.7806	16.753395	28.0	1761.9679
29	2400000	1.5	0.014858946	-26.222652	3.7704985	-348.38553	1219.0	36.064552	0.30688488	0.0001429988	1.0	-0.0839197	18.518675	3.406603	0.039316624	0.27871537	0.13835	-1.673926	0.06078087	0.00023243586	5.480334	23.326632	-372.9566	3.323272	-372.5173	3.4306874	29.0	1805.3429
30	2480000	1.5	0.0148806	-28.315443	3.9510906	-377.81387	1219.0	48.290512	0.3337284	0.00018096877	1.0	0.0027279616	19.884624	3.938153	0.015961733	0.27852055	0.0710625	0.05715354	0.028573664	0.0002609353	4.689086	35.9107	-394.16074	1.0238413	-393.79904	1.0269933	30.0	1848.9475
31	2560000	1.5	0.014898927	-30.626963	4.387448	-395.80502	1219.0	57.906963	0.34387803	5.3854175e-05	4.0	0.106043145	21.011084	4.7997108	0.034805443	0.27769876	0.282525	2.2038698	0.024153458	0.00013494835	1.7934154	45.961876	-371.83905	6.2212787	-372.27066	6.1309094	31.0	1893.0193
32	2640000	1.5	0.014914451	-31.523294	2.5135674	-362.5894	1219.0	15.133322	0.3088748	2.661717e-05	2.0	-0.30249685	16.781628	1.2741625	0.02579471	0.27715373	0.1016625	-5.38858	0.022034775	0.00016767647	2.8791747	63.995632	-340.9026	28.166819	-341.13754	28.134773	32.0	1936.823
33	2720000	1.5	0.01492758	-29.406876	0.89746726	-337.87714	1219.0	13.901733	0.27988902	2.1629778e-05	5.0	0.08625474	16.700914	1.2696053	0.02644952	0.27589345	0.0581	1.4695319	0.030222528	0.0005124439	2.0870032	42.271442	-342.9432	28.658133	-342.35544	28.550388	33.0	1981.2059
34	2800000	1.5	0.014938699	-27.96757	1.2112361	-351.50293	1219.0	8.748903	0.2869529	1.2607328e-05	149.0	-0.1099044	16.209778	0.7445279	0.00225459	0.24381043	0.0258	-1.9103361	0.001974834	0.00028604086	1.1206124	68.1903	-319.1158	49.77637	-320.08978	49.32212	34.0	2054.4668
35	2880000	1.5	0.014948113	-28.788528	0.6194528	-347.28537	1219.0	6.3354826	0.2736149	1.1311968e-05	149.0	-0.01611293	15.9859705	0.5541579	0.0017723374	0.23766519	0.0219625	-0.28394055	0.00068699225	0.00023131006	0.14626548	72.70245	-310.78348	77.631516	-310.59344	77.54478	35.0	2127.4502
36	2960000	1.5	0.014956073	-28.573072	0.5536498	-349.53918	1219.0	5.3735476	0.2755823	1.1172221e-05	31.0	-0.021988094	15.901784	0.46548936	0.018078288	0.2391324	0.0574125	-0.406278	0.020951211	0.0003972597	0.1586068	82.79025	-330.01453	71.04896	-330.68814	70.67788	36.0	2176.8003
37	3040000	1.5	0.01496282	-28.823547	0.43243867	-365.97946	1219.0	2.543429	0.3022357	1.4992113e-05	149.0	-0.0540673	15.62994	0.20745593	0.002486051	0.2191071	0.0275625	-0.91555595	0.0034774952	0.00024231698	0.25714165	116.866234	-326.03845	73.97424	-325.46295	74.33295	37.0	2250.1345
38	3120000	1.5	0.0149685275	-30.04896	0.19998293	-372.5858	1219.0	2.1684957	0.30170152	2.356267e-05	149.0	-0.005714025	15.595108	0.17928398	0.0014557079	0.19853711	0.014175	-0.10175325	0.0004082491	0.00022013085	0.040133476	118.66048	-330.68655	59.85113	-331.75903	58.986755	38.0	2324.631
39	3200000	1.5	0.014973358	-30.626474	0.16553202	-372.9742	1219.0	1.8079156	0.2883903	2.7430808e-05	149.0	-0.004923045	15.556702	0.14671817	0.002043885	0.17378673	0.0200375	-0.08815257	0.0006010308	0.00017090265	0.037272535	119.83872	-329.2649	53.031136	-328.86478	53.11949	39.0	2398.199
40	3280000	1.5	0.014977453	-30.57166	0.14140806	-372.35248	1219.0	1.6772405	0.2818566	3.1516945e-05	149.0	-0.00146902	15.544227	0.13642114	0.00045142995	0.16617084	0.00475	-0.028074041	0.00015742717	0.00015710197	0.039967876	114.68997	-323.11185	59.262054	-323.73972	58.333122	40.0	2471.6895
41	3360000	1.5	0.014980911	-30.600193	0.1314207	-372.1211	1219.0	1.5340852	0.27526942	2.9839397e-05	149.0	-0.0018037682	15.530126	0.1251427	0.0014292765	0.14585292	0.0086375	-0.03421705	0.00044390082	0.00012603813	0.03359413	114.66003	-313.8776	63.653908	-314.2651	63.152004	41.0	2544.9138
42	3440000	1.5	0.014983846	-30.609976	0.12188799	-371.69403	1219.0	1.5173947	0.28278843	2.6055422e-05	149.0	0.00032796816	15.529027	0.12366382	0.0008106353	0.12456382	0.0036625	0.003546692	-0.0012125435	0.000119936645	0.031028863	114.13751	-304.10297	76.543144	-305.09125	76.28028	42.0	2618.0566
43	3520000	1.5	0.014986322	-30.565027	0.13176669	-363.2209	1219.0	1.3816531	0.25644967	2.0339561e-05	149.0	-0.0047248616	15.528609	0.11267174	0.0012457888	0.10639881	0.0106375	-0.08229467	0.0006516346	0.00012633669	0.021028748	111.01711	-312.3477	68.049225	-312.79962	67.34129	43.0	2692.7456
44	3600000	1.5	0.0149884205	-29.910088	0.10311526	-369.4642	1219.0	1.4017193	0.258466	2.2756538e-05	149.0	0.0025710282	15.528272	0.115049265	0.0010620137	0.096943736	0.0074375	0.03931146	-7.40035e-05	0.00011689577	0.028913809	120.18221	-302.24664	80.190834	-302.15634	79.81887	44.0	2766.0078
45	3680000	1.5	0.0149901975	-30.475618	0.11532369	-366.8473	1219.0	1.2668364	0.25073528	2.3375902e-05	149.0	-0.0027843143	15.527494	0.103786	0.00076482585	0.09035897	0.0065875	-0.047769073	-0.0007716283	0.00010691545	0.0214304	121.56084	-292.9403	89.836975	-292.83868	89.71771	45.0	2839.3152
46	3760000	1.5	0.0149917025	-30.086996	0.10853544	-359.8038	1219.0	1.3426156	0.25977507	1.3342564e-05	149.0	0.00024595697	15.527036	0.11016465	0.0016201307	0.07045174	0.0140375	-0.00035800418	0.0006762668	0.00011683033	0.018938482	112.47243	-296.14676	89.41219	-295.47003	89.2324	46.0	2912.612
47	3840000	1.5	0.014992981	-29.799368	0.106785364	-365.30484	1219.0	1.2876182	0.24027085	1.9857853e-05	149.0	-0.00046959944	15.526266	0.10548244	0.0005095555	0.059135314	0.004625	-0.01058301	1.4821387e-05	0.00011685002	0.02179516	128.39542	-300.99332	84.69467	-300.86948	84.87598	47.0	2987.9158
48	3920000	1.5	0.014994055	-30.124584	0.103945225	-367.0577	1219.0	1.3436247	0.24369407	2.3491844e-05	149.0	0.0019880214	15.525791	0.11215303	0.0014961038	0.03681028	0.01125	0.030374182	-0.0009434116	0.00011441493	0.025619544	131.88615	-294.77734	89.27428	-295.6093	89.11669	48.0	3061.6667
49	4000000	1.5	0.014994966	-30.250896	0.10343411	-356.6764	1219.0	1.3377125	0.24941616	1.7026623e-05	149.0	0.0016164996	15.5251875	0.11026364	0.002067012	0.016652584	0.0208125	0.021867383	-0.000119083306	0.00012841493	0.025503619	124.41097	-299.15305	91.11055	-298.49432	91.01325	49.0	3134.912
50	4080000	1.5	0.01499574	-29.509775	0.12101256	-357.10263	1219.0	1.3716487	0.24591061	1.3011833e-05	149.0	-0.002226424	15.524775	0.11207632	0.0013394791	0.0019857883	0.0127125	-0.04162286	0.0010414579	0.00014536256	0.0145858135	125.73921	-303.11127	90.39654	-303.5701	89.328224	50.0	3208.1055
51	4160000	1.5	0.0149963945	-29.473063	0.110622354	-361.14526	1219.0	1.2786287	0.24418315	1.5097094e-05	149.0	-0.0013197606	15.524018	0.10571825	0.0010292773	-0.012351871	0.0072625	-0.026044048	0.00077613903	0.00015126602	0.017632566	134.65842	-310.1794	84.22723	-310.19904	83.932274	51.0	3281.4866
52	4240000	1.5	0.014996949	-29.6741	0.10464108	-365.88263	1219.0	1.4468067	0.24594049	1.859939e-05	149.0	0.0046566734	15.523959	0.12421593	0.0023623535	-0.04676962	0.015025	0.07318161	-0.00027114313	0.00014291785	0.032400206	145.15474	-303.14365	90.19433	-302.33594	90.52674	52.0	3355.3599
53	4320000	1.5	0.014997421	-30.350294	0.113823764	-363.3852	1219.0	1.328091	0.22195597	1.3083222e-05	149.0	0.00065910374	15.523217	0.11605512	0.0012687875	-0.06110692	0.01375	0.0079304585	-0.0011063091	0.00012598593	0.02249996	147.54756	-289.96362	102.34672	-290.73822	102.459274	53.0	3428.796
54	4400000	1.5	0.014997812	-30.268822	0.11199723	-351.5203	1219.0	1.8679526	0.22773747	1.0578057e-05	149.0	0.010069337	15.558734	0.15424824	0.0012024248	-0.06743157	0.0138375	0.16198356	0.0010769439	0.00014415647	0.052904956	136.62224	-294.94083	102.101944	-295.42038	102.11642	54.0	3501.953
55	4480000	1.5	0.014998151	-28.842522	0.13728511	-358.65735	1219.0	1.3639277	0.21155007	1.2959858e-05	149.0	-0.0049177883	15.523768	0.11663864	0.0032628174	-0.10589492	0.0334375	-0.08754449	0.0006020856	0.0001591975	0.02889404	139.8507	-305.9559	93.404396	-305.2704	93.85557	55.0	3575.123
56	4560000	1.5	0.014998434	-29.620667	0.11841272	-362.33316	1219.0	1.3102787	0.21506348	1.1259184e-05	149.0	-0.00029464083	15.52314	0.11703979	0.0005356608	-0.10986495	0.0026875	-0.0075001814	-0.00036664907	0.00014822469	0.026045362	152.34834	-303.53882	92.83529	-303.8723	92.99221	56.0	3650.996
57	4640000	1.5	0.0149986725	-29.932716	0.11108727	-358.83472	1219.0	1.2149988	0.20658979	9.603299e-06	149.0	-0.00057956745	15.52223	0.1081881	0.0014916203	-0.13914919	0.0112	-0.012563886	-0.00060217077	0.00015065137	0.016771246	145.37767	-303.49066	95.10437	-303.87247	95.43275	57.0	3724.3738
58	4720000	1.5	0.014998881	-30.001448	0.108578786	-360.80634	1219.0	1.2289362	0.20125213	7.4664335e-06	149.0	0.0008540223	15.521375	0.11183992	0.0009698424	-0.14043343	0.0077125	0.011446278	-0.0007333473	0.00013558767	0.01931358	151.47072	-296.4729	97.66782	-297.37033	97.32083	58.0	3797.7346
59	4800000	1.5	0.014999048	-29.523397	0.11078821	-356.59717	1219.0	1.2298614	0.21662073	8.558169e-06	149.0	-0.0002861735	15.520496	0.109572165	0.0018560936	-0.17065406	0.0144	-0.008396919	0.00042975845	0.00013200573	0.018583197	140.96935	-297.70807	97.558014	-298.65466	97.30546	59.0	3870.9866
60	4880000	1.5	0.014999196	-29.687452	0.11493968	-359.4078	1219.0	1.2501497	0.20297496	8.540085e-06	149.0	-0.00031238614	15.519712	0.113399245	0.0005983172	-0.1774056	0.0029625	-0.0077265142	-4.9388313e-05	0.00012770484	0.01866974	143.77043	-298.64682	93.88641	-298.45312	93.98833	60.0	3944.5854
61	4960000	1.5	0.014999316	-29.473234	0.11179518	-358.92087	1219.0	1.157916	0.20948467	7.875211e-06	149.0	-0.0011982471	15.518612	0.10668125	0.00087450363	-0.19348907	0.0061375	-0.022768084	-2.2271824e-05	0.00013250494	0.01524104	142.74973	-295.80923	95.25208	-297.07608	94.50367	61.0	4018.3677
62	5040000	1.5	0.014999421	-30.521818	0.09994912	-353.90942	1219.0	1.1728992	0.20904616	9.548016e-06	149.0	0.00084139546	15.517592	0.10364534	0.0007575489	-0.21590637	0.0056875	0.011125171	-0.00029172443	0.00013220275	0.017947337	140.73032	-299.4128	92.67016	-300.1363	91.994385	62.0	4091.7288
63	5120000	1.5	0.01499951	-29.054544	0.10761932	-357.93814	1219.0	1.1928583	0.21127121	8.375787e-06	149.0	0.00065705855	15.516623	0.11020773	0.0006240774	-0.23041463	0.004175	0.008429376	-0.00059317023	0.00014040919	0.016594585	146.67102	-292.54507	100.625374	-292.6588	100.88066	63.0	4165.0195
64	5200000	1.5	0.014999585	-30.797678	0.10557944	-353.58884	1219.0	1.6487806	0.20345089	1.2519619e-05	149.0	0.008946082	15.529803	0.14355594	0.002165091	-0.25444102	0.017725	0.14276703	0.0007663414	0.00015514858	0.051854607	138.6539	-306.70435	88.6844	-307.8831	88.12004	64.0	4238.268
65	5280000	1.5	0.014999655	-29.905453	0.1507521	-356.70154	1219.0	1.2218536	0.20580363	1.8399101e-05	149.0	-0.009015797	15.516085	0.112758495	0.0020864666	-0.26262307	0.0370875	-0.15456744	0.0011651947	0.00016754377	0.025289617	140.80956	-313.88654	84.03112	-314.60242	83.96255	65.0	4313.002
66	5360000	1.5	0.014999704	-28.41736	0.12198505	-363.80405	1219.0	1.463049	0.1946447	1.3178736e-05	149.0	0.005200718	15.516146	0.14391813	0.00097576744	-0.2629499	0.0075125	0.08174214	0.00019937402	0.0001577801	0.029037192	160.97096	-307.49194	90.00985	-307.80078	90.18234	66.0	4386.2944
67	5440000	1.5	0.014999748	-29.864231	0.13416155	-359.506	1219.0	1.2054405	0.20803614	1.0073004e-05	149.0	-0.0033181948	15.514969	0.12129342	0.0025581096	-0.29975057	0.0216	-0.059496153	0.00044961585	0.00015714874	0.016499331	144.3127	-305.04913	89.332	-305.321	90.27739	67.0	4459.4746
68	5520000	1.5	0.014999791	-30.678497	0.11002543	-354.08142	1219.0	1.2730831	0.19477916	1.17886375e-05	149.0	0.0018619066	15.5142975	0.11871952	0.00080182723	-0.30169845	0.0027375	0.02775994	-0.00018980265	0.00014073448	0.018306265	130.86768	-303.08063	89.069756	-303.72864	88.47224	68.0	4532.648
69	5600000	1.5	0.01499982	-29.065477	0.120273024	-354.31143	1219.0	1.2542486	0.2000668	1.6794755e-05	149.0	-0.0010458076	15.513436	0.11622278	0.0018573856	-0.32920364	0.0156625	-0.021259287	-0.00028231984	0.00015664381	0.016470755	136.46251	-312.64777	80.208694	-313.01694	79.71226	69.0	4607.675
70	5680000	1.5	0.014999851	-28.625975	0.12434592	-359.48666	1219.0	1.236053	0.21281095	1.2147148e-05	149.0	-1.695873e-05	15.5125885	0.12447141	0.0007797611	-0.33723494	0.006475	-0.0035667534	-0.00010784891	0.00015307477	0.016056528	158.56458	-311.03354	80.834816	-311.44894	79.854675	70.0	4681.135
71	5760000	1.5	0.014999868	-29.95358	0.1255829	-358.74484	1219.0	1.2218409	0.21970546	9.916295e-06	149.0	-0.00044077737	15.511698	0.12472672	0.0010441787	-0.3549967	0.0101375	-0.01109299	-4.6839716e-05	0.00014358206	0.013742827	159.71268	-304.0187	85.56371	-304.13058	85.00733	71.0	4754.4688
72	5840000	1.5	0.014999894	-30.747072	0.11471691	-353.4908	1219.0	1.25612	0.20458098	2.1650249e-05	149.0	0.0007073256	15.510943	0.118852444	0.0010066039	-0.36276054	0.009525	0.00841392	-0.00023921413	0.00014315773	0.013306357	149.96779	-301.92615	88.87253	-302.5103	88.334496	72.0	4827.546
73	5920000	1.5	0.01499991	-29.598175	0.118468165	-352.32867	1219.0	1.4868565	0.19731806	2.9734472e-05	149.0	0.0035532494	15.51103	0.13403083	0.0013451847	-0.37196875	0.012125	0.05418768	0.00010942345	0.00016231567	0.020917077	139.07076	-312.46182	78.69996	-313.0171	78.300156	73.0	4900.589
74	6000000	1.5	0.014999923	-27.548456	0.13439581	-356.97638	1219.0	1.2448261	0.20424323	1.6663762e-05	149.0	-0.0027232422	15.509981	0.12352225	0.0011278851	-0.39038834	0.005325	-0.048047878	-0.00034200973	0.00015460448	0.014528446	151.06548	-313.21384	74.91832	-312.72766	74.921	74.0	4974.8306
75	6080000	1.5	0.014999928	-29.527922	0.13190985	-357.89923	1219.0	1.3365756	0.20130238	1.1801965e-05	149.0	0.00038257518	15.509521	0.13437434	0.00073082483	-0.39689973	0.005875	0.0027179488	-9.615772e-05	0.00017298751	0.014325041	161.89088	-312.2927	77.67521	-313.16412	76.49813	75.0	5048.2085
76	6160000	1.5	0.014999942	-29.334612	0.1284286	-355.36942	1219.0	1.2982738	0.19931242	1.25598835e-05	149.0	-0.0005391257	15.508767	0.1273747	0.001443026	-0.42445192	0.0102875	-0.012387086	-0.00036557025	0.00016754882	0.0120723555	153.63588	-312.42154	77.302956	-312.85968	75.818	76.0	5121.4575
77	6240000	1.5	0.014999954	-31.221834	0.13361053	-351.5406	1219.0	1.6977522	0.19657692	1.3448569e-05	149.0	0.0039555575	15.526879	0.15114543	0.0017782204	-0.43436578	0.014775	0.059360832	0.0001421814	0.00020853637	0.016917648	155.84831	-318.6478	63.951584	-319.10233	63.434067	77.0	5194.826
78	6320000	1.5	0.014999957	-27.781721	0.1479658	-353.28198	1219.0	1.3171148	0.2162487	1.5075797e-05	149.0	-0.006006896	15.508675	0.12302727	0.00083024404	-0.42431593	0.00395	-0.10310129	-0.00017134991	0.00019608668	0.009929018	160.73157	-320.01056	63.097176	-319.9333	62.438488	78.0	5270.1685
79	6400000	1.5	0.01499997	-27.861013	0.12923975	-357.6394	1219.0	1.3713188	0.21559682	1.1949401e-05	149.0	0.0022168562	15.50828	0.13896784	0.0006023983	-0.43759155	0.0032	0.033037752	-0.00015048141	0.00017102597	0.012418065	175.44945	-315.3951	66.10413	-315.24454	66.23912	79.0	5343.544
80	6480000	1.5	0.014999973	-30.273575	0.1357269	-353.70618	1219.0	1.4614104	0.2276702	1.7257646e-05	149.0	0.00056228676	15.508133	0.13922559	0.0006062496	-0.44566968	0.0030625	0.0057395445	-0.0001539402	0.00019547045	0.009545246	165.51363	-315.1719	64.957886	-315.5509	65.349815	80.0	5416.957
81	6560000	1.5	0.014999973	-28.223078	0.13652249	-353.7179	1219.0	1.3424903	0.21342278	1.1531904e-05	149.0	-0.0018057377	15.507511	0.12932964	0.0006263873	-0.45438096	0.0015875	-0.033079363	-0.00030637556	0.00017803955	0.008596933	166.1414	-315.27264	63.100258	-314.98392	62.44575	81.0	5490.4873
82	6640000	1.5	0.014999983	-28.525131	0.13512558	-355.53265	1219.0	1.3486643	0.2056407	1.6230795e-05	149.0	-0.00032931706	15.507002	0.13409676	0.00078623916	-0.46855682	0.0061125	-0.008941202	-0.00040949782	0.00019388726	0.009272837	172.77838	-318.17834	58.02072	-318.44003	57.630047	82.0	5563.7554
83	6720000	1.5	0.014999985	-29.340284	0.14263284	-355.3135	1219.0	1.4226373	0.20836143	1.6953e-05	149.0	-0.00075982435	15.506771	0.13990913	0.0016106247	-0.46886256	0.024075	-0.017199663	0.00063931465	0.00019905821	0.008994896	180.48402	-318.94968	55.149006	-318.67297	55.024574	83.0	5637.6846
84	6800000	1.5	0.014999987	-29.087723	0.13772964	-353.9516	1219.0	1.3901002	0.21445541	1.3561599e-05	149.0	-0.00056859053	15.506306	0.13578637	0.0006831639	-0.45277599	0.0036375	-0.012820958	-0.00013117657	0.00018276692	0.00744402	177.6079	-315.84866	58.00309	-316.0515	58.40215	84.0	5711.0225
85	6880000	1.5	0.014999988	-28.110321	0.12989774	-353.9857	1219.0	1.2743233	0.21172778	1.0696257e-05	149.0	-0.0010292658	15.50557	0.12610164	0.00094748917	-0.463767	0.0070125	-0.020320086	-0.0006408817	0.00018715614	0.007683504	176.11961	-312.85263	62.71011	-313.34293	63.063297	85.0	5784.5225
86	6960000	1.5	0.014999988	-29.761253	0.12637988	-351.4137	1219.0	1.5286058	0.21523055	1.73958e-05	149.0	0.0030392997	15.506382	0.13963076	0.00050263194	-0.46947578	0.0030625	0.04630407	-0.00013726692	0.00019073505	0.008738032	166.34029	-315.6894	62.14412	-316.1774	60.863888	86.0	5857.9585
87	7040000	1.5	0.014999988	-27.7793	0.14769027	-356.85864	1219.0	1.4997605	0.20389442	2.538391e-05	149.0	0.0006327799	15.505518	0.15029891	0.0008601555	-0.45140934	0.0064125	0.0070245615	-0.00045715808	0.00017785846	0.011715831	178.54387	-313.03076	64.71506	-313.97995	64.16548	87.0	5933.865
88	7120000	1.5	0.014999988	-28.49201	0.13924511	-355.39386	1219.0	1.2971094	0.22069952	3.455469e-05	149.0	-0.0020930758	15.504849	0.13109915	0.0017269566	-0.47797158	0.0114625	-0.03795167	-0.0004267685	0.00016892493	0.008242221	169.58977	-308.75546	68.718735	-309.00674	68.39589	88.0	6007.4766
89	7200000	1.5	0.014999988	-30.761244	0.13406788	-348.926	1219.0	1.8950073	0.22959888	1.9947987e-05	149.0	0.007027304	15.543166	0.16400531	0.0008220825	-0.48983	0.004375	0.11233639	-0.00026405984	0.0001926648	0.01646033	167.9505	-310.5452	68.00194	-311.68723	66.70454	89.0	6080.9404
90	7280000	1.5	0.014999999	-28.119957	0.16638133	-352.53	1219.0	1.6888868	0.23776427	2.2624723e-05	149.0	-0.0027793911	15.522767	0.15428476	0.0007220566	-0.48244473	0.006675	-0.050171614	6.042528e-06	0.00019123786	0.011443945	168.15657	-314.4961	64.667496	-315.18787	64.8742	90.0	6154.596
91	7360000	1.5	0.014999999	-28.635868	0.16838457	-355.7871	1219.0	1.7265908	0.23661909	1.7328874e-05	149.0	-0.0002787711	15.527119	0.16724852	0.00040445814	-0.4864874	0.0024875	-0.008430498	-0.00019442319	0.00021248207	0.011832952	176.6241	-315.40286	63.333492	-315.90332	62.95435	91.0	6228.231
92	7440000	1.5	0.014999999	-28.632381	0.1641998	-355.7606	1219.0	1.6463096	0.21795845	2.1843553e-05	149.0	-0.00047086066	15.51954	0.16266331	0.00046844926	-0.48522568	0.0050875	-0.011645024	-0.00028675803	0.00020219407	0.010228322	175.76285	-315.71094	60.359814	-316.83044	59.709232	92.0	6301.979
93	7520000	1.5	0.014999999	-28.862387	0.17137173	-355.70465	1219.0	1.7664251	0.2110825	3.1536667e-05	149.0	0.0003691146	15.532207	0.17331618	0.00068445504	-0.4819288	0.0039875	0.0022746758	-0.0004077774	0.00020538674	0.014211028	182.79808	-314.13745	59.6129	-315.5944	57.967945	93.0	6375.314
94	7600000	1.5	0.014999999	-28.842962	0.15985575	-352.8417	1219.0	1.6289966	0.24876714	2.186322e-05	149.0	-0.0013703018	15.5188675	0.15444845	0.00041267232	-0.49854326	0.0020375	-0.0264619	-0.00010148843	0.00021002656	0.009212562	172.2154	-313.63922	59.38659	-314.54657	58.3569	94.0	6448.6973
95	7680000	1.5	0.014999999	-29.405218	0.15881443	-350.26782	1219.0	1.923847	0.25206524	2.493207e-05	149.0	0.00289963	15.549379	0.17101464	0.0006664563	-0.481525	0.0043	0.04376505	0.0001742848	0.0002192434	0.012389122	166.9011	-314.97528	60.23653	-315.52316	59.255787	95.0	6521.85
96	7760000	1.5	0.014999999	-27.51101	0.15455939	-353.28857	1219.0	1.4573764	0.2274239	2.1695263e-05	149.0	-0.0032464731	15.509424	0.14057176	0.0005326485	-0.47843698	0.0037	-0.05744736	-0.00033893032	0.00021074418	0.0076847137	166.47365	-314.52606	60.305573	-315.67288	60.013084	96.0	6596.9604
97	7840000	1.5	0.014999999	-29.227915	0.14383426	-351.87903	1219.0	1.7052444	0.25931802	2.940559e-05	149.0	0.003396096	15.528147	0.15813726	0.0007958638	-0.4619202	0.00515	0.05218677	-0.00016256714	0.00020432878	0.010370053	161.53592	-313.57452	62.370987	-313.9434	63.4043	97.0	6670.418
98	7920000	1.5	0.014999999	-28.21965	0.15092687	-353.01746	1219.0	1.5652105	0.26190963	2.7508257e-05	149.0	-9.5616124e-05	15.514238	0.15059666	0.0014254499	-0.48842812	0.0087625	-0.0051148846	-0.00081760663	0.00019249493	0.008607711	157.54286	-311.65286	62.728073	-312.72025	62.195282	98.0	6744.0293
99	8000000	1.5	0.014999999	-29.510141	0.15538435	-349.29538	1219.0	1.97028	0.28579888	3.4566223e-05	149.0	0.003876558	15.55585	0.17174932	0.0005038482	-0.48959878	0.006425	0.059839636	-0.00023351303	0.00021356609	0.012948712	150.9003	-312.77768	63.70436	-312.65747	63.114838	99.0	6817.263
100	8080000	1.5	0.014999999	-28.344748	0.1771462	-351.15295	1219.0	2.04716	0.24098721	2.7957029e-05	149.0	0.0014651179	15.564646	0.18293156	0.0012488374	-0.5023876	0.0181875	0.018811354	0.0005292298	0.00022791655	0.018726176	152.72842	-318.57013	58.800114	-320.04807	58.099384	100.0	6892.952
101	8160000	1.5	0.014999999	-28.477863	0.19108322	-355.12518	1219.0	1.8235291	0.24316654	1.7631575e-05	149.0	-0.0030232193	15.543433	0.17809454	0.0008063675	-0.48252153	0.006825	-0.05441455	-0.00012237663	0.00022333188	0.012695049	159.84071	-317.03214	58.669586	-318.0783	58.19855	101.0	6966.4233
102	8240000	1.5	0.014999999	-28.235184	0.16731279	-353.60074	1219.0	1.684657	0.24912676	2.2832177e-05	149.0	-0.0005214235	15.530234	0.16521555	0.00076289655	-0.4650397	0.00345	-0.012317567	-0.00046299878	0.00021790498	0.011832282	160.2499	-316.1204	60.66009	-317.58902	59.62493	102.0	7039.7856
103	8320000	1.5	0.014999999	-28.574337	0.15964316	-353.13455	1219.0	1.7174349	0.25989628	2.8316736e-05	149.0	0.0014534073	15.534069	0.16598377	0.0006950437	-0.44555908	0.0067	0.019328687	-0.00017544499	0.0002340578	0.011412829	155.39043	-317.66254	57.64498	-318.96417	57.637802	103.0	7113.332
104	8400000	1.5	0.014999999	-27.886038	0.15617645	-354.12125	1219.0	1.4565613	0.25872928	2.366358e-05	149.0	-0.0018609514	15.514699	0.14846013	0.0010214825	-0.46628574	0.0076125	-0.034568932	-0.00039135665	0.00021203299	0.009826981	155.05627	-316.4295	58.81435	-317.8656	58.49702	104.0	7186.663
105	8480000	1.5	0.014999999	-29.780413	0.1508013	-350.63254	1219.0	1.7956982	0.26313186	2.2581113e-05	149.0	0.003386051	15.542687	0.1652331	0.0007709873	-0.472043	0.0054125	0.051214088	7.089157e-05	0.00023069873	0.013397788	148.46405	-320.11884	57.017612	-322.69226	56.08679	105.0	7260.7417
106	8560000	1.5	0.014999999	-28.40997	0.17329215	-353.96725	1219.0	1.6920204	0.2573299	3.454966e-05	149.0	-0.0012364051	15.532643	0.16783474	0.0004146606	-0.4764871	0.00315	-0.024672927	-0.00024290824	0.00023250633	0.010367528	153.93933	-318.9421	58.405003	-320.79202	57.26608	106.0	7334.323
107	8640000	1.5	0.014999999	-28.688921	0.17345229	-354.21844	1219.0	1.7523178	0.26216963	2.099801e-05	149.0	0.00041106853	15.539317	0.17531474	0.0017435596	-0.49858144	0.02655	0.0025328856	-0.00011086502	0.00023425207	0.0112518445	157.65784	-315.43155	59.390255	-315.94992	59.348904	107.0	7407.8066
108	8720000	1.5	0.014999999	-29.49118	0.16744006	-349.19925	1219.0	2.1121469	0.28667393	2.9880737e-05	149.0	0.0048980983	15.576795	0.18825984	0.0011041282	-0.496583	0.0084	0.07540839	0.0004376814	0.00025827775	0.017945478	146.08118	-319.235	57.969273	-321.09232	58.09609	108.0	7481.376
109	8800000	1.5	0.014999999	-28.116379	0.19527566	-353.22726	1219.0	1.8072766	0.27277318	2.5969735e-05	149.0	-0.004428461	15.54725	0.17618072	0.0006199473	-0.48671535	0.005725	-0.07829587	-0.00037433702	0.0002661047	0.011294502	154.45596	-320.53012	56.817398	-322.3502	55.1841	109.0	7556.881
110	8880000	1.5	0.014999999	-28.057371	0.17283021	-354.29443	1219.0	1.6369385	0.27567762	3.5108787e-05	149.0	-0.0012890087	15.530812	0.1673543	0.0005658506	-0.4807401	0.0058875	-0.026059119	-0.00018698387	0.00022653461	0.009661088	158.20729	-316.8074	58.458874	-317.42087	57.90791	110.0	7630.328
111	8960000	1.5	0.014999999	-28.445366	0.16336553	-353.30475	1219.0	1.685227	0.26855445	2.622978e-05	149.0	0.00090543146	15.536094	0.16732693	0.0007936699	-0.48680303	0.0029375	0.010781362	-0.00040927558	0.00022993844	0.010609485	155.59914	-318.06177	58.63418	-319.29044	55.82315	111.0	7703.79
112	9040000	1.5	0.014999999	-29.321095	0.17407043	-352.3284	1219.0	1.8858335	0.2828065	7.46234e-05	149.0	0.0017393996	15.557072	0.18146782	0.00074001047	-0.5074486	0.0052125	0.025184607	-0.0006066528	0.00022272684	0.011352709	152.61792	-314.30002	60.480343	-315.58167	59.27137	112.0	7777.47
113	9120000	1.5	0.014999999	-29.011328	0.18140443	-350.732	1219.0	2.111263	0.27710342	3.7446993e-05	149.0	0.00288134	15.581036	0.19367443	0.001019411	-0.529541	0.00835	0.042771608	-0.0003107448	0.0002395287	0.01569082	149.2485	-319.95682	54.537205	-320.6139	53.516655	113.0	7850.6914
114	9200000	1.5	0.014999999	-28.461266	0.20665361	-353.5886	1219.0	2.0049975	0.30464816	2.547586e-05	149.0	-0.0024297305	15.571772	0.19608943	0.0007851868	-0.52624756	0.0076125	-0.04548126	-0.00034710826	0.00024963784	0.013697311	157.23546	-324.06247	49.80376	-324.41153	50.335506	114.0	7924.3774
115	9280000	1.5	0.014999999	-28.410734	0.20347427	-356.71054	1219.0	1.8840932	0.28894657	2.3079796e-05	149.0	-0.00023190779	15.560931	0.20238033	0.0013276278	-0.5157003	0.0122625	-0.0090794405	-0.0006286009	0.00024439348	0.013159082	165.76364	-322.19116	49.70823	-322.65677	49.22899	115.0	7997.851
116	9360000	1.5	0.014999999	-28.537209	0.1866013	-353.81018	1219.0	1.6819801	0.3083176	4.104102e-05	149.0	-0.0025770185	15.541498	0.17631413	0.0009905769	-0.5278788	0.0082875	-0.04799144	-0.00026066284	0.00023843562	0.010612078	159.62593	-322.52603	46.594494	-322.59378	47.022854	116.0	8071.2266
117	9440000	1.5	0.014999999	-28.893156	0.17381065	-353.72095	1219.0	1.5869366	0.30203357	2.7659928e-05	149.0	-0.0016772473	15.532325	0.16726696	0.00091467897	-0.5296655	0.0084125	-0.032522194	-0.00033430234	0.00021490383	0.008086077	160.72504	-323.03864	43.9457	-321.91223	42.604134	117.0	8144.9106
118	9520000	1.5	0.014999999	-28.51358	0.15229113	-350.27887	1219.0	1.6554352	0.31615695	2.035953e-05	149.0	0.0011540434	15.53953	0.15779378	0.00045387106	-0.53567463	0.002725	0.015185309	-0.0006693806	0.00023069652	0.010020304	152.58966	-319.7664	45.182926	-320.62955	44.84881	118.0	8220.705
119	9600000	1.5	0.014999999	-28.872725	0.15955286	-348.8236	1219.0	1.789346	0.3112688	2.9231003e-05	149.0	6.604055e-05	15.553568	0.16006231	0.0016029547	-0.54651314	0.0090375	-0.004242622	-0.00014647865	0.00023468141	0.010038215	150.06018	-323.38998	41.31005	-323.11246	41.537254	119.0	8294.043
120	9680000	1.5	0.014999999	-28.662027	0.16193697	-348.7678	1219.0	1.895504	0.30050278	2.8899962e-05	149.0	0.0014484725	15.565098	0.16816778	0.0020338388	-0.5480947	0.020125	0.016964396	0.00043766815	0.00022157074	0.011032759	147.19185	-330.72037	31.8629	-330.84308	32.039448	120.0	8367.365
121	9760000	1.5	0.014999999	-27.203403	0.16077217	-354.71503	1219.0	1.3683373	0.31720275	4.1225052e-05	149.0	-0.0025740433	15.527857	0.14989412	0.0019259615	-0.5616321	0.011725	-0.047116023	-0.0005061071	0.00019445666	0.00751139	158.6434	-333.55014	24.226341	-333.57574	23.712187	121.0	8440.832
122	9840000	1.5	0.014999999	-28.555744	0.13166408	-352.17456	1219.0	1.291569	0.32380503	2.8003942e-05	149.0	0.00070173887	15.527172	0.13502656	0.0025993166	-0.56412846	0.0355	0.008104834	0.00058225443	0.00017490175	0.0071355095	150.2935	-335.07272	19.490461	-335.0088	19.725616	122.0	8514.059
123	9920000	1.5	0.014999999	-27.558512	0.12101094	-350.32883	1219.0	1.2827023	0.29720145	2.9466648e-05	149.0	0.00062928104	15.526462	0.12435028	0.0028647245	-0.5990772	0.023175	0.006897622	-0.00065556203	0.00014682651	0.009192216	142.90344	-330.88138	23.831766	-330.9503	23.529753	123.0	8589.959
124	10000000	1.5	0.014999999	-29.5542	0.12065823	-347.33423	1219.0	1.9281349	0.30036524	2.8364395e-05	149.0	0.0099502625	15.568189	0.16312562	0.0022100904	-0.60524565	0.0165	0.159802	-0.00010937247	0.00014125665	0.034301784	134.92654	-334.96268	18.074776	-335.76508	17.16147	124.0	8663.476
125	10080000	1.5	0.014999999	-27.000309	0.15200293	-349.92465	1219.0	1.4154407	0.30359238	3.5937082e-05	149.0	-0.006647433	15.527341	0.12405629	0.0029207242	-0.62039036	0.030025	-0.11465548	9.4772004e-05	0.00014176921	0.01470217	135.11884	-331.85675	17.299957	-331.23682	16.920765	125.0	8736.804
126	10160000	1.5	0.014999999	-28.591705	0.12694389	-352.66882	1219.0	1.2962456	0.3051544	2.796038e-05	149.0	5.9829348e-05	15.52667	0.12710176	0.0015007182	-0.6182746	0.0086125	-0.0023625589	-0.00018918485	0.00013677918	0.009370855	134.64825	-334.00714	15.338791	-334.8452	14.31197	126.0	8810.215
127	10240000	1.5	0.014999999	-26.892597	0.12139573	-353.69302	1219.0	1.107175	0.30404824	2.1472262e-05	149.0	0.00012748709	15.525441	0.12198348	0.0018231281	-0.6327819	0.0134125	-0.0006939869	-0.00045830655	0.00011308064	0.008918237	139.69278	-329.60165	21.94638	-329.70493	21.473343	127.0	8883.558
128	10320000	1.5	0.014999999	-31.097862	0.118040994	-350.47653	1219.0	1.523084	0.33936456	2.7379021e-05	149.0	0.005708298	15.525852	0.14249745	0.002146126	-0.63665766	0.0195125	0.090332575	-0.00018161621	0.0001271409	0.018248977	135.04613	-328.48856	27.837612	-328.96988	27.549694	128.0	8957.45
129	10400000	1.5	0.014999999	-30.194338	0.15609813	-350.2409	1219.0	2.0663364	0.30380672	3.6947407e-05	149.0	0.007274964	15.581084	0.18709242	0.002614658	-0.6411529	0.0222625	0.11548486	0.0010760408	0.00013528932	0.033137143	128.1297	-337.5074	17.96465	-337.3696	17.502832	129.0	9030.8955
130	10480000	1.5	0.014999999	-26.817087	0.17340496	-354.0196	1219.0	1.2985276	0.30440995	5.967789e-05	149.0	-0.0072112177	15.526383	0.14325862	0.0030532503	-0.65964407	0.0254625	-0.12270397	-0.000200243	0.00013982727	0.0150963925	141.01857	-340.09985	13.1735935	-340.8441	12.29139	130.0	9104.109
131	10560000	1.5	0.014999999	-26.856256	0.13952537	-356.9915	1219.0	1.0609115	0.29034334	3.2464548e-05	149.0	0.00027798436	15.525018	0.1405244	0.0010918723	-0.67317617	0.00675	0.0017312437	-0.0007802231	0.00012585777	0.008320551	141.2978	-341.33142	14.202496	-341.63345	13.948595	131.0	9177.464
132	10640000	1.5	0.014999999	-29.697765	0.16533686	-360.83014	1219.0	1.1762551	0.291036	1.9825422e-05	149.0	0.004968942	15.524106	0.1871056	0.0015379858	-0.68044096	0.0101875	0.07854714	-0.00040865116	0.00012725157	0.013748568	151.32597	-338.18137	11.2552805	-338.72757	10.578353	132.0	9252.989
133	10720000	1.5	0.014999999	-29.907528	0.1664849	-357.85782	1219.0	1.0789851	0.319667	2.1035808e-05	149.0	0.0020307684	15.52268	0.17506102	0.005683959	-0.66534144	0.066975	0.028388256	0.0051285187	0.000114824914	0.0077826264	144.67674	-328.4959	13.686695	-328.84146	13.790832	133.0	9326.525
134	10800000	1.5	0.014999999	-28.11119	0.13766265	-352.78186	1219.0	1.1804285	0.3235409	2.7185664e-05	149.0	0.0002487722	15.521768	0.13915035	0.0018354156	-0.67739874	0.0174875	0.00088536873	-5.091076e-05	0.00010994564	0.011096421	133.59792	-327.62875	19.759966	-327.60678	19.307346	134.0	9399.849
135	10880000	1.5	0.014999999	-30.493616	0.14161226	-351.7941	1219.0	1.3738904	0.3716544	2.859555e-05	149.0	0.00239223	15.521418	0.15209292	0.002723388	-0.68457234	0.027925	0.036928594	-1.8726349e-05	0.00011413865	0.012311886	134.31116	-325.93155	17.490736	-326.4634	16.600657	135.0	9473.202
136	10960000	1.5	0.014999999	-27.899359	0.13864584	-350.74896	1219.0	1.4671028	0.3389192	2.6825244e-05	149.0	0.0019135735	15.5211525	0.14698406	0.0012156732	-0.69208586	0.0053625	0.028593894	-0.0006073002	0.00011137954	0.017346215	121.13181	-326.88193	18.592411	-327.24265	18.3673	136.0	9546.453
137	11040000	1.5	0.014999999	-28.756279	0.14690943	-350.33694	1219.0	1.5442548	0.3302041	2.5823078e-05	149.0	0.001162704	15.523286	0.15176524	0.0009806887	-0.7036308	0.0062375	0.015772477	-0.00043366395	0.00012933054	0.020893304	121.05899	-330.48618	14.698904	-331.02917	14.395719	137.0	9622.164
138	11120000	1.5	0.014999999	-27.14646	0.15851381	-353.9969	1219.0	1.0294816	0.33244824	2.5064734e-05	149.0	-0.0025021068	15.519665	0.14773779	0.0016616266	-0.71705335	0.0122125	-0.044338096	-0.00066708925	0.00011249314	0.009867841	130.52971	-328.67737	16.310345	-329.1322	15.911337	138.0	9695.552
139	11200000	1.5	0.014999999	-28.70105	0.14177127	-353.3089	1219.0	1.1082748	0.34313947	2.1845532e-05	60.0	0.0014472723	15.518517	0.14814563	0.015844936	-0.72116095	0.1370125	0.019102536	0.014199986	9.907271e-05	0.008970743	122.37089	-314.96277	24.518908	-315.23456	24.329407	139.0	9751.077
140	11280000	1.5	0.014999999	-32.13898	0.12184216	-337.67175	1219.0	5.6943827	0.35408205	7.278e-05	149.0	0.08093312	15.94609	0.46363202	0.0028349617	-0.70448965	0.0194125	1.3611184	0.0021510627	0.0001381872	0.5682315	124.245	-321.23236	18.760447	-321.95187	18.074667	140.0	9824.636
141	11360000	1.5	0.014999999	-26.142788	0.41140336	-342.60815	1219.0	3.2506204	0.34376153	4.0192004e-05	149.0	-0.034212828	15.706006	0.26644036	0.008564873	-0.71728796	0.101125	-0.583285	0.0064123636	0.00010655271	0.14447908	109.97811	-330.17218	10.355764	-331.44864	9.519911	141.0	9897.99
142	11440000	1.5	0.014999999	-24.471302	0.2029262	-353.79837	1219.0	1.0777435	0.39327413	4.071798e-05	149.0	-0.025428627	15.534551	0.095519945	0.0024666328	-0.71734136	0.0260875	-0.42608473	0.00062141917	0.00011132467	0.06707967	154.08047	-338.1461	7.4558697	-338.65585	7.2503624	142.0	9972.058
143	11520000	1.5	0.014999999	-28.821688	0.12013675	-359.94455	1219.0	0.98196137	0.32990026	2.3149209e-05	149.0	0.007354515	15.532952	0.15106374	0.001577663	-0.7181469	0.007575	0.11913993	-0.00079738314	9.254097e-05	0.015496643	142.4878	-331.1111	13.383903	-331.26633	13.135292	143.0	10045.61
144	11600000	1.5	0.014999999	-30.79165	0.14311884	-358.3744	1219.0	1.0067065	0.3219871	2.6921887e-05	149.0	0.005839434	15.531451	0.16770966	0.0021897887	-0.7375192	0.0173	0.09379945	-0.00041881905	9.353111e-05	0.01075594	140.9483	-329.86572	15.2988405	-331.23987	13.9868	144.0	10119.26
145	11680000	1.5	0.014999999	-29.586672	0.18190593	-359.72046	1219.0	1.0219505	0.4018075	3.1331794e-05	149.0	0.006069058	15.529961	0.20752193	0.007911952	-0.73979354	0.092475	0.09369877	0.0066249007	8.8376626e-05	0.014593839	148.6535	-323.10748	21.792477	-323.5863	21.670565	145.0	10192.636
146	11760000	1.5	0.014999999	-31.744553	0.13614991	-351.14355	1219.0	1.2204204	0.4229352	4.1083105e-05	149.0	-0.0011635668	15.529247	0.13133398	0.001043005	-0.7629049	0.0111875	-0.021953922	-0.0003120823	0.000104967155	0.013208346	141.8571	-326.34903	18.546537	-327.14297	17.770144	146.0	10267.413
147	11840000	1.5	0.014999999	-28.192085	0.13697143	-352.43878	1219.0	1.0334053	0.37090674	2.6845588e-05	149.0	-0.00029380567	15.527605	0.13560101	0.0017267622	-0.7773743	0.01685	-0.0075497176	-0.00060708047	0.00010070292	0.007911874	132.27068	-326.78925	19.812654	-327.4173	18.800388	147.0	10341.102
148	11920000	1.5	0.014999999	-29.022522	0.14209798	-353.12982	1219.0	1.0030355	0.40913898	2.532113e-05	149.0	0.0011182477	15.526068	0.14681593	0.0017375759	-0.78888005	0.0226625	0.015593962	-2.3242665e-05	0.00010237796	0.006340132	139.54018	-325.73166	21.483047	-326.43018	20.583813	148.0	10414.565
149	12000000	1.5	0.014999999	-30.580837	0.12613931	-350.22342	1219.0	1.3082429	0.4062709	2.5817968e-05	149.0	0.0029378787	15.525734	0.1384936	0.0022291546	-0.8031474	0.02185	0.04604851	-5.5389406e-05	9.888033e-05	0.009843744	138.55067	-321.333	23.872839	-322.08023	22.770191	149.0	10487.916
