Epoch	TotalEnvInteracts	worker/CostLimit	worker/noise	learner/VVals	learner/CostVVals	worker/EpRet	worker/EpLen	worker/EpCost	learner/LossQ	learner/LossQC	learner/StopIter	learner/LossPi	learner/Lagrangian	learner/QcRet	learner/KL	learner/Entropy	learner/ClipFrac	learner/LossQcPenalty	learner/LossVallina	learner/LossVC	learner/LossV	Eval/NaturalReward	Eval/NaturalCost	Eval/AdvUniformReward	Eval/AdvUniformCost	worker/Epoch	worker/Time
0	80000	1.5	0.0	0.044043947	-0.025230868	-1880.5641	1219.0	467.7595	2.2547498	0.007139218	5.0	9.433151	48.189274	36.613464	0.020049023	0.9164323	0.2983625	463.8225	-0.0029413379	1391.1873	21004.785	-1673.0168	466.334	-1672.9971	466.33572	0.0	43.650196
1	160000	1.5	0.0	-60.23182	39.529705	-1683.2698	1219.0	463.13687	1.031938	0.0015298768	5.0	-0.09261167	48.64227	39.342354	0.015293657	0.91466814	0.25255	-4.7786703	-0.0025089253	8.939597	5624.822	-1486.0319	462.0002	-1485.9116	461.9933	1.0	87.22574
2	240000	1.5	0.0023027735	-126.14805	39.186634	-1517.6433	1219.0	457.96017	0.93976957	0.0008497244	5.0	-0.09526688	49.49273	39.12753	0.015755985	0.91340166	0.249075	-4.9422364	-0.0015450239	3.4652727	405.9555	-1304.6051	455.9624	-1304.6443	455.96036	2.0	133.22374
3	320000	1.5	0.004252031	-121.2649	39.031155	-1350.2656	1219.0	450.8653	0.85564864	0.0005635212	6.0	-0.18997715	50.12249	38.70243	0.02148686	0.9123917	0.3307875	-9.91619	-0.0015914231	3.6829286	358.55118	-1087.0874	442.64044	-1086.999	442.60806	3.0	179.30821
4	400000	1.5	0.0059020403	-108.66489	38.552143	-1169.8561	1219.0	439.4912	0.8316577	0.000461022	5.0	-0.30432746	50.28571	37.847324	0.016665494	0.9119654	0.2488	-15.765877	-0.009303945	5.6498275	335.5911	-904.2491	425.62344	-904.37177	425.6716	4.0	225.43282
5	480000	1.5	0.0072987443	-94.20798	37.67307	-1015.4947	1219.0	426.44153	0.7673894	0.00036874702	6.0	-0.35794666	50.264324	36.806625	0.019942718	0.9111882	0.3159125	-18.578432	-0.011652578	8.14373	263.05566	-699.89343	392.39944	-699.89417	392.37607	5.0	271.51703
6	560000	1.5	0.008481027	-81.15314	36.465973	-863.4575	1219.0	406.67218	0.6928731	0.00031911148	6.0	-0.4700828	49.503105	35.21594	0.017063482	0.9101009	0.2608625	-24.04165	-0.013099182	12.800363	237.50215	-529.3647	327.9816	-529.27423	327.92023	6.0	317.69247
7	640000	1.5	0.009481809	-68.86215	34.634037	-728.7377	1219.0	379.52487	0.63739544	0.00027241954	8.0	-0.5710542	47.923748	32.973713	0.017390963	0.90794766	0.2810625	-28.311453	-0.011700033	17.14447	197.70815	-398.95917	161.28043	-398.97086	161.37271	7.0	364.09006
8	720000	1.5	0.010328949	-57.380108	31.495497	-608.0472	1219.0	331.6544	0.58930767	0.00024934844	13.0	-0.7777008	44.159485	28.971891	0.015502771	0.90149295	0.2358	-35.657463	-0.0117746275	24.948696	127.921524	-275.71152	45.074493	-275.59244	45.077755	8.0	410.7965
9	800000	1.5	0.011046043	-47.51868	25.915113	-508.866	1219.0	254.74919	0.46970186	0.00026313862	142.0	-1.0091256	37.189224	22.305334	0.015036682	0.8086069	0.1308	-38.951424	-0.014470277	28.305769	68.938805	-51.706593	319.63934	-51.666023	319.6399	9.0	468.2855
10	880000	1.5	0.01165305	-39.417294	16.435062	-415.8727	1219.0	131.69214	0.33543876	0.00031676414	149.0	-1.3200306	25.419842	11.319502	0.0073657073	0.72652966	0.065525	-34.93118	-0.008246415	34.70832	46.063496	-7.3747716	332.53018	-7.391382	332.53033	10.0	526.6341
11	960000	1.5	0.012166867	-33.969925	10.083136	-394.89682	1219.0	109.7337	0.30528957	0.00033984723	149.0	-0.27186558	23.599037	9.032197	0.0068609575	0.6473151	0.060075	-6.7541485	-0.00794926	7.776028	18.435144	-6.0550246	332.64883	-6.0253596	332.65012	11.0	585.0021
12	1040000	1.5	0.012601807	-31.701557	7.1964984	-363.61908	1219.0	80.94631	0.27476737	0.0004650904	149.0	-0.21057951	20.911863	6.3500137	0.0059898575	0.5695371	0.058025	-4.673063	-0.0072683273	6.287073	17.603838	-5.1536465	332.73312	-5.126909	332.73654	12.0	643.3667
13	1120000	1.5	0.012969971	-29.081732	4.9557576	-337.18124	1219.0	58.780266	0.23143014	0.00033758744	149.0	-0.076242216	18.890358	4.6320233	0.0061325156	0.49254468	0.0563875	-1.5614108	-0.007190904	4.591715	13.405525	-5.0946484	332.73776	-5.1656656	332.73114	13.0	701.84686
14	1200000	1.5	0.0132816145	-27.070784	3.864786	-316.3137	1219.0	47.572548	0.21367088	0.00020737978	149.0	-0.015899124	17.924393	3.779541	0.005955971	0.41604567	0.0562	-0.3315894	-0.0077269045	3.1428444	9.879858	-3.7246692	332.8843	-3.7159991	332.8845	14.0	760.1371
15	1280000	1.5	0.013545423	-25.25134	3.0321336	-292.48157	1219.0	37.757084	0.18434507	0.00017043963	149.0	0.013648077	17.054874	3.0658505	0.003474176	0.35746115	0.0326875	0.2376979	-0.0067062853	4.1099963	10.696334	-3.9394798	332.8475	-3.942104	332.8485	15.0	818.5374
16	1360000	1.5	0.013768726	-23.508629	2.9138017	-279.77496	1219.0	36.666832	0.16279212	0.00016424096	149.0	0.060645156	17.042463	3.1458018	0.0025360081	0.30597925	0.0235875	1.0889908	-0.0063684015	3.910811	7.7324696	-2.791755	332.96243	-2.84755	332.95978	16.0	876.75287
17	1440000	1.5	0.013957752	-22.460815	3.0371618	-266.93927	1219.0	36.053013	0.16357733	0.00014863172	149.0	0.06347553	17.079506	3.2875824	0.0026573136	0.25563094	0.0239	1.1432928	-0.006206155	4.264303	7.1720185	-2.4870176	332.9749	-2.4574666	332.97598	17.0	935.16724
18	1520000	1.5	0.014117749	-21.454203	3.3130515	-256.35645	1219.0	37.697876	0.15184261	0.00014212626	149.0	0.0790317	17.348545	3.6327753	0.00018795095	0.24469854	0.0	1.4513509	-0.0016001045	4.439176	6.6790867	0.0	333.04065	0.0	333.04065	18.0	993.567
19	1600000	1.5	0.014253196	-20.616129	3.6704767	-251.83752	1219.0	38.681362	0.15298922	0.00013637745	149.0	0.07009361	17.554161	3.9573102	0.0026318855	0.18960953	0.027325	1.2952707	-0.0065528685	3.96348	5.5716195	-3.9776838	332.84277	-3.9498012	332.84793	19.0	1051.7322
20	1680000	1.5	0.014367847	-20.18763	4.07582	-241.78885	1219.0	41.64308	0.13930324	0.00012783488	87.0	0.09691926	17.966492	4.478751	0.028795721	0.19392577	0.070975	1.7835449	0.023866123	4.6372786	5.5020094	-244.0408	149.98949	-244.18254	150.033	20.0	1105.0099
21	1760000	1.5	0.014464887	-19.649137	4.332095	-262.3677	1219.0	37.04307	0.16741425	0.00012897195	2.0	-0.020988451	17.615208	4.241392	0.025066126	0.19405152	0.061875	-0.41463092	0.025957868	2.8780522	10.691152	-272.8958	101.58202	-272.29184	101.51043	21.0	1150.8643
22	1840000	1.5	0.014547037	-21.233316	4.095285	-279.20844	1219.0	31.37302	0.18950574	0.00012964316	1.0	-0.080525585	17.14641	3.7573547	0.017192679	0.19409537	0.0631	-1.53558	0.030264007	2.761959	14.025858	-297.72357	67.61849	-297.58585	67.6749	22.0	1196.6047
23	1920000	1.5	0.014616577	-22.728632	3.6478634	-293.8581	1219.0	26.047596	0.20790377	0.00015269403	1.0	-0.12545732	16.69308	3.12413	0.038372435	0.19412923	0.0991625	-2.2601514	0.058961883	2.938831	20.636074	-327.61176	33.99562	-327.37042	33.93937	23.0	1242.3511
24	2000000	1.5	0.014675439	-24.01393	2.8128247	-319.51923	1219.0	18.503819	0.24227777	0.0001782374	1.0	-0.18209554	16.002121	2.0501473	0.07487958	0.19414558	0.1742625	-3.0133505	0.0840302	4.832097	33.329094	-364.80127	7.899916	-364.56033	7.7720795	24.0	1288.3967
25	2080000	1.5	0.014725265	-26.255169	1.8621992	-357.34583	1219.0	12.919696	0.2646555	0.00023596126	1.0	-0.1751259	15.49358	1.1240205	0.10276259	0.19411431	0.250075	-2.954385	0.120726906	5.761674	60.484642	-405.69995	2.3929627	-405.90686	2.383949	25.0	1334.174
26	2160000	1.5	0.014767439	-29.545462	1.7607373	-401.56396	1219.0	33.568348	0.3091645	0.0004742379	1.0	0.25001502	17.65009	2.8047578	0.03659668	0.19408044	0.1531875	4.7365108	0.053794447	2.929576	87.27182	-432.22375	8.438899	-432.29675	8.528514	26.0	1380.1681
27	2240000	1.5	0.014803143	-33.01461	3.7781222	-426.8887	1219.0	60.014687	0.31608415	0.0005494263	4.0	0.37492564	20.453178	5.311433	0.052242205	0.19392824	0.3043875	7.841748	0.04485867	4.6759377	93.1489	-404.25388	2.2054052	-404.02643	2.1699722	27.0	1426.1788
28	2320000	1.5	0.014833362	-33.792225	2.9981656	-392.51917	1219.0	11.4794	0.31219548	0.00040592664	1.0	-0.44031414	15.644976	1.1338956	0.03191323	0.19388351	0.137125	-7.4309945	0.03759362	5.030849	113.4365	-380.5194	3.0754569	-380.55948	3.0184786	28.0	1472.0133
29	2400000	1.5	0.014858946	-31.879753	0.89287806	-368.18317	1219.0	4.6993403	0.2895081	0.00025008997	5.0	-0.12027331	14.98311	0.3861874	0.024385078	0.19357371	0.0656625	-1.9548022	0.028423553	0.690466	81.71554	-384.54486	1.8898727	-384.2785	1.8298784	29.0	1518.133
30	2480000	1.5	0.0148806	-30.476862	0.2989638	-382.3148	1219.0	3.5105643	0.29775995	0.00022836865	149.0	-0.00070067344	14.872815	0.29985458	0.0029485263	0.1712822	0.026475	-0.01619861	-0.002725901	0.13765436	118.81093	-358.04935	12.353019	-357.0897	12.358434	30.0	1576.6788
31	2560000	1.5	0.014898927	-31.25195	0.2204027	-374.7354	1219.0	1.7532973	0.27563196	0.00016972655	149.0	-0.019465435	14.699153	0.14495765	0.0016546875	0.16370524	0.019075	-0.30629554	-0.00043686238	0.0629076	137.0928	-353.9107	19.242256	-354.91364	18.790846	31.0	1635.0369
32	2640000	1.5	0.014914451	-30.721409	0.15159397	-372.44214	1219.0	1.6105776	0.28135976	0.00013766995	149.0	-0.007054532	14.685363	0.12934089	0.0014503398	0.14170527	0.008	-0.11249871	0.00019599815	0.036368378	134.83449	-355.29126	14.226098	-355.0957	13.828634	32.0	1693.5624
33	2720000	1.5	0.01492758	-30.495329	0.12342588	-373.1562	1219.0	1.576127	0.27710444	0.0001293835	149.0	-0.0005603389	14.682121	0.12822919	0.0008337559	0.14635122	0.0061	-0.009158658	-0.001049979	0.033526022	134.6627	-352.05963	19.17215	-351.81665	19.031704	33.0	1751.9211
34	2800000	1.5	0.014938699	-30.560022	0.13266937	-371.51852	1219.0	1.493448	0.30041602	0.00011413478	149.0	-0.0041705663	14.676807	0.1196234	0.0006024191	0.13658082	0.0036	-0.06644688	0.0003625865	0.026778901	131.00356	-352.6613	18.028004	-353.64432	17.975258	34.0	1810.3119
35	2880000	1.5	0.014948113	-30.483612	0.117902115	-372.16245	1219.0	1.5364579	0.2824095	0.00010954393	149.0	0.0006014207	14.678265	0.12471659	0.0007120611	0.12658429	0.002325	0.009563084	-0.001115393	0.028334234	130.11018	-350.57068	21.848839	-350.19955	21.890438	35.0	1868.9104
36	2960000	1.5	0.014956073	-30.512512	0.12835856	-370.4431	1219.0	1.4814188	0.27263138	9.892471e-05	149.0	-0.002796771	14.676725	0.11952842	0.0007566397	0.118312	0.0036	-0.04429383	-5.3918266e-05	0.023729255	128.69908	-349.4591	15.626613	-350.3748	15.461347	36.0	1927.488
37	3040000	1.5	0.01496282	-30.299753	0.11724471	-369.60352	1219.0	1.3838698	0.2785913	9.802203e-05	149.0	-0.0018496012	14.676316	0.11216112	0.00069672003	0.119073264	0.00195	-0.02895176	-0.00041941385	0.020930424	120.60023	-347.6637	21.580486	-347.568	21.620653	37.0	1985.988
38	3120000	1.5	0.0149685275	-30.370035	0.112180956	-367.01285	1219.0	1.3153231	0.27820975	7.7531964e-05	149.0	-0.0021798061	14.675703	0.105984144	0.000572219	0.109384425	0.0028125	-0.03498935	0.00021254606	0.015755976	121.96591	-347.04648	16.71157	-347.19568	16.325016	38.0	2045.3702
39	3200000	1.5	0.014973358	-30.103678	0.104109764	-366.31433	1219.0	1.2800454	0.28764245	7.239372e-05	149.0	-0.0007993449	14.674985	0.103667066	0.00061370945	0.097302675	0.0044125	-0.012878855	-0.0004751462	0.014934114	119.13684	-348.0986	22.92186	-347.81656	22.96846	39.0	2103.9402
40	3280000	1.5	0.014977453	-30.188366	0.1079693	-366.64587	1219.0	1.2933636	0.27296543	6.805202e-05	149.0	-0.0012200236	14.6743355	0.1054798	0.00045034653	0.08408582	0.0024	-0.0196926	-0.00033256988	0.016434299	119.991066	-347.7796	24.78138	-349.44098	24.641909	40.0	2162.842
41	3360000	1.5	0.014980911	-30.116594	0.10609363	-366.51962	1219.0	1.2721301	0.26887736	6.254978e-05	149.0	-0.0010537121	14.673577	0.103591725	0.0006334417	0.07608628	0.0048375	-0.017405827	0.00017296638	0.01650988	117.027176	-347.60886	20.483526	-347.557	20.802732	41.0	2221.934
42	3440000	1.5	0.014983846	-29.993938	0.10314237	-365.8665	1219.0	1.2302208	0.2868895	5.703505e-05	149.0	-0.0010558682	14.672713	0.10026317	0.00064208795	0.053317424	0.00455	-0.01681783	-0.0008424535	0.015207726	111.29705	-346.2404	22.13352	-346.51505	21.754906	42.0	2280.9517
43	3520000	1.5	0.014986322	-30.374172	0.101061225	-364.5917	1219.0	1.2305946	0.2615071	5.4610777e-05	149.0	-0.00045698002	14.671851	0.10109894	0.0006413763	0.04342711	0.0015625	-0.007754278	0.00020015109	0.014305435	110.90768	-348.02246	21.05452	-347.73962	20.913546	43.0	2339.7988
44	3600000	1.5	0.0149884205	-30.077225	0.1024438	-365.83105	1219.0	1.2729392	0.27525005	5.2245636e-05	149.0	0.0003025347	14.671153	0.1053068	0.00020900984	0.039955616	0.001125	0.004470117	1.4629173e-05	0.017559562	110.529686	-348.92978	22.47548	-350.42786	22.130133	44.0	2398.5715
45	3680000	1.5	0.0149901975	-30.09539	0.10606996	-366.64194	1219.0	1.3320389	0.2641378	5.3871947e-05	149.0	0.0008868366	14.670607	0.11101627	0.0005963902	0.030953405	0.0015125	0.013729806	-0.00025192433	0.019634943	107.96901	-348.55145	24.41666	-350.1344	24.614162	45.0	2457.2922
46	3760000	1.5	0.0149917025	-30.480091	0.111076735	-365.9274	1219.0	1.3127677	0.26650745	5.4778367e-05	149.0	-0.00051501126	14.669927	0.10959662	0.00050930155	0.018765211	0.002375	-0.008205551	-0.00074286567	0.018686257	99.801315	-348.54736	27.002764	-349.3679	27.253521	46.0	2516.1614
47	3840000	1.5	0.014992981	-30.416672	0.1093529	-365.11188	1219.0	1.2866033	0.26176825	4.7780966e-05	149.0	-0.0004956794	14.669229	0.10778386	0.00031274938	0.012930632	0.0018125	-0.008368167	0.00020368157	0.016733805	92.70551	-350.77377	29.088438	-350.72916	29.118465	47.0	2575.0981
48	3920000	1.5	0.014994055	-30.258974	0.1073329	-365.12668	1219.0	1.2971934	0.24644713	4.4291904e-05	149.0	0.00036867545	14.668572	0.10968425	0.0007085052	-0.003047943	0.004425	0.005666049	-0.0007462606	0.017628396	87.826416	-349.97882	30.064074	-349.37332	30.132153	48.0	2633.9424
49	4000000	1.5	0.014994966	-30.775831	0.10894685	-363.50174	1219.0	1.2439781	0.27414048	4.4056873e-05	149.0	-0.0010475594	14.667737	0.105022006	0.0010484812	-0.019552946	0.0103125	-0.017269434	-0.00040740072	0.01498253	82.39906	-349.37628	27.60643	-348.78058	27.735014	49.0	2692.3975
50	4080000	1.5	0.01499574	-29.788809	0.10141398	-362.29294	1219.0	1.1976968	0.27447203	3.9655435e-05	149.0	-2.194441e-05	14.666776	0.10189368	0.0010786215	-0.045048	0.007825	-0.0010496648	-0.00038724116	0.0135242175	84.15545	-349.80103	27.977568	-350.35934	28.080265	50.0	2754.8188
51	4160000	1.5	0.0149963945	-30.144787	0.103207506	-362.81607	1219.0	1.2053447	0.26162893	3.8605584e-05	149.0	-0.00021053597	14.665845	0.10280705	0.0005535409	-0.05323934	0.004675	-0.0037969162	-0.00013540115	0.014307385	84.396484	-348.45288	26.597864	-348.10562	26.568312	51.0	2852.3027
52	4240000	1.5	0.014996949	-29.99185	0.09776051	-361.77832	1219.0	1.1765383	0.26910657	3.21864e-05	149.0	0.00066554575	14.664813	0.1010504	0.0010857948	-0.07735598	0.006075	0.00995182	-0.0002957401	0.012822012	89.818016	-349.4907	26.61508	-349.46042	25.840015	52.0	2933.9321
53	4320000	1.5	0.014997421	-29.749134	0.10197673	-361.9491	1219.0	1.1879156	0.2549718	3.0576273e-05	149.0	6.414112e-06	14.663835	0.10256322	0.0012519677	-0.1048336	0.006725	-0.00033223495	-0.0003787935	0.013391742	90.51287	-349.4976	23.681135	-349.34955	23.699554	53.0	3051.5247
54	4400000	1.5	0.014997812	-30.481169	0.099273495	-361.48444	1219.0	1.1876533	0.24942532	3.0302723e-05	149.0	0.00082613406	14.662832	0.10333963	0.0010208508	-0.12962723	0.0049125	0.012686032	-0.0003611843	0.01396337	107.79043	-349.91785	24.919127	-348.6542	24.97775	54.0	3170.013
55	4480000	1.5	0.014998151	-30.419012	0.101468	-361.92136	1219.0	1.2160823	0.2488387	3.056535e-05	149.0	0.0011897847	14.661954	0.10717714	0.002408465	-0.15930223	0.0187625	0.017828483	-0.0003206951	0.014457167	104.642525	-350.26782	23.181797	-350.1133	22.772823	55.0	3236.7905
56	4560000	1.5	0.014998434	-30.336582	0.10744788	-361.54196	1219.0	1.2099556	0.25782022	2.943482e-05	149.0	-4.613853e-05	14.661	0.10822891	0.00022766707	-0.17080078	0.002325	-0.0011324235	-7.267284e-06	0.015786266	115.9727	-348.61874	21.73825	-348.81287	21.138943	56.0	3295.6387
57	4640000	1.5	0.0149986725	-30.067781	0.10665426	-360.2236	1219.0	1.1564238	0.22876206	2.8357415e-05	149.0	-0.0007774639	14.659918	0.10446638	0.0013949838	-0.17823625	0.0257375	-0.013430307	0.0003485077	0.013321802	113.00507	-347.82816	23.101448	-347.12805	22.8007	57.0	3354.195
58	4720000	1.5	0.014998881	-30.039694	0.10044994	-359.8561	1219.0	1.1297412	0.2475861	2.5420206e-05	149.0	0.00017552575	14.658756	0.102450624	0.001054466	-0.21091084	0.008825	0.0021830916	-0.0003731846	0.011512248	113.13596	-347.43063	21.996826	-347.66763	21.95601	58.0	3412.7937
59	4800000	1.5	0.014999048	-30.22266	0.10118551	-359.68893	1219.0	1.1481513	0.24702735	2.3773231e-05	149.0	0.00046606088	14.657667	0.10449796	0.0010460024	-0.23543046	0.0115125	0.0065335054	-0.00034781088	0.0120678535	117.68764	-347.40338	21.773329	-348.52655	22.354954	59.0	3471.277
60	4880000	1.5	0.014999196	-29.844835	0.10693726	-360.51212	1219.0	1.182936	0.2376904	2.661737e-05	149.0	0.00015413872	14.656678	0.10914168	0.0012459776	-0.24660589	0.0125125	0.0018383763	-3.1387328e-05	0.01327105	120.83431	-348.01544	22.943913	-349.22714	22.833345	60.0	3529.8372
61	4960000	1.5	0.014999316	-29.97507	0.10912186	-360.57266	1219.0	1.202237	0.24673405	2.8071105e-05	149.0	0.00023244326	14.655715	0.11167368	0.001125989	-0.27331996	0.008375	0.0032120133	-0.00046103515	0.013890286	128.87881	-347.73276	20.097029	-347.80865	20.128944	61.0	3588.8037
62	5040000	1.5	0.014999421	-30.031897	0.11021989	-360.04187	1219.0	1.1906549	0.25114703	2.425665e-05	149.0	-1.8487397e-05	14.654715	0.112028226	0.0011438151	-0.30560878	0.0068	-0.000665582	-0.000103534316	0.0133425305	136.61076	-348.22284	19.426424	-349.18958	19.062132	62.0	3647.4097
63	5120000	1.5	0.01499951	-30.182688	0.11124554	-360.6062	1219.0	1.2163825	0.2402596	2.5536452e-05	149.0	0.00057863543	14.653835	0.11579977	0.0013275804	-0.3415355	0.0127625	0.008465167	-0.00043600198	0.014014578	145.74146	-346.97998	16.187635	-348.89432	16.049889	63.0	3706.0027
64	5200000	1.5	0.014999585	-30.120218	0.11689338	-359.87964	1219.0	1.1812043	0.23880371	2.4198012e-05	149.0	-0.0012099954	14.652799	0.11433149	0.0020280182	-0.37539154	0.0151	-0.019929903	0.00014380798	0.013555844	153.94278	-346.581	16.746828	-347.98788	15.5742235	64.0	3764.6504
65	5280000	1.5	0.014999655	-30.390482	0.11182914	-359.6202	1219.0	1.1692839	0.24828443	2.276689e-05	149.0	-0.00015830301	14.651752	0.11381084	0.0011920404	-0.3993004	0.0088625	-0.0027603135	-0.00033700257	0.012282576	158.98752	-347.0817	18.295214	-347.20856	17.919	65.0	3823.3206
66	5360000	1.5	0.014999704	-29.961227	0.11515216	-359.9277	1219.0	1.1904467	0.24091525	2.260158e-05	149.0	0.00024542402	14.65079	0.11910735	0.00029729377	-0.40094575	0.0034875	0.0034008133	-9.966011e-05	0.013297441	161.33789	-346.76276	17.25276	-346.9334	16.3146	66.0	3883.872
67	5440000	1.5	0.014999748	-29.030697	0.11802167	-360.0959	1219.0	1.1876893	0.27061814	2.3510536e-05	149.0	0.0010828037	14.649779	0.12540388	0.002179139	-0.43744555	0.0167125	0.016319545	-0.00053512916	0.014534221	159.48175	-345.92258	15.558355	-346.2683	15.225273	67.0	3942.438
68	5520000	1.5	0.014999791	-29.96436	0.12539184	-359.66785	1219.0	1.1902997	0.258777	2.5062991e-05	149.0	-0.00022444405	14.648799	0.12768212	0.0006635778	-0.44311002	0.002925	-0.003998091	-8.3727165e-05	0.014127324	166.43204	-344.46136	14.613953	-344.90552	14.710137	68.0	4001.0696
69	5600000	1.5	0.01499982	-29.874075	0.12324629	-358.73206	1219.0	1.1739769	0.26651233	2.3502962e-05	149.0	-0.0002937216	14.647765	0.12538014	0.00039832128	-0.44040397	0.0022	-0.004945695	-0.00011669273	0.012662834	161.96513	-344.13455	14.433411	-345.43814	13.98174	69.0	4059.7754
70	5680000	1.5	0.014999851	-29.244785	0.12433838	-358.3815	1219.0	1.1618617	0.2980075	2.321848e-05	149.0	-0.00087652623	14.646697	0.123860866	0.0018178885	-0.4683128	0.0097	-0.014146683	-0.00010035	0.012368555	156.27534	-344.4549	13.029993	-345.13956	12.3933525	70.0	4118.386
71	5760000	1.5	0.014999868	-29.71273	0.12363055	-358.67673	1219.0	1.1768821	0.28603357	2.2123404e-05	149.0	-0.00025351986	14.64569	0.12539618	0.0011124202	-0.49545386	0.0068875	-0.0043470636	-0.00036087513	0.01203676	159.88245	-344.87155	11.077767	-345.7853	11.095883	71.0	4176.9136
72	5840000	1.5	0.014999894	-29.781944	0.12560925	-358.97577	1219.0	1.1956389	0.29250422	2.4203266e-05	149.0	0.00014949345	14.644726	0.12933347	0.0017682003	-0.5160393	0.027875	0.0020790333	0.0003211338	0.012728082	165.09305	-343.97974	11.080368	-345.96872	11.170548	72.0	4235.9795
73	5920000	1.5	0.01499991	-29.617447	0.12850069	-358.78702	1219.0	1.2219597	0.29475087	2.2870656e-05	149.0	0.00018424286	14.643845	0.13276237	0.00125649	-0.5365687	0.0079875	0.0024546992	-0.00020152502	0.012630538	164.66594	-343.87744	11.495747	-345.0491	11.293895	73.0	4294.7964
74	6000000	1.5	0.014999923	-29.731668	0.13439715	-358.5115	1219.0	1.2353951	0.2982332	2.7818434e-05	149.0	-0.0008453186	14.6429825	0.13416001	0.0016571827	-0.5481839	0.0241125	-0.014129653	0.00056614325	0.012351937	169.85782	-344.51617	10.297809	-345.01935	10.02707	74.0	4353.314
75	6080000	1.5	0.014999928	-29.148344	0.13760495	-359.0494	1219.0	1.2168957	0.29298362	2.2354163e-05	52.0	-0.0013719047	14.642064	0.13512546	0.021297337	-0.55562586	0.1256625	-0.023642087	0.018010423	0.012789635	176.06145	-340.3229	11.961755	-341.73596	11.750222	75.0	4403.559
76	6160000	1.5	0.014999942	-30.160194	0.12379312	-356.32135	1219.0	1.333471	0.2976894	2.3013221e-05	149.0	0.0029389258	14.641619	0.1394746	0.0010518288	-0.54762167	0.007875	0.045797642	0.00022618294	0.01290133	165.44276	-340.27728	12.162408	-341.8251	11.2394	76.0	4462.248
77	6240000	1.5	0.014999954	-28.781124	0.1385937	-356.26733	1219.0	1.3242211	0.29698667	2.2507575e-05	149.0	-0.00046204258	14.640917	0.13914171	0.00069416664	-0.53203636	0.0052625	-0.008074648	6.8792346e-05	0.01164184	159.22392	-340.63684	11.812603	-341.71054	11.395596	77.0	4521.5654
78	6320000	1.5	0.014999957	-28.536419	0.13972983	-356.3706	1219.0	1.2968686	0.33096427	2.2600323e-05	149.0	-0.00085647707	14.640249	0.13854943	0.0009939428	-0.55596775	0.0061125	-0.0138553465	-0.00033058433	0.011781779	156.71161	-340.68738	11.189711	-341.0074	10.969738	78.0	4580.7773
79	6400000	1.5	0.01499997	-29.447271	0.14089152	-356.49844	1219.0	1.2578874	0.35651273	2.1375181e-05	149.0	-0.0018444142	14.639465	0.13552634	0.00027258028	-0.56274223	0.0020625	-0.029489135	-0.00025084152	0.0109400395	164.56935	-341.0347	9.57127	-342.74255	9.282731	79.0	4639.427
80	6480000	1.5	0.014999973	-28.560543	0.1359087	-357.06372	1219.0	1.2482368	0.3563909	2.4942598e-05	149.0	-0.00030892098	14.638654	0.13714524	0.0026713193	-0.5893129	0.0291625	-0.0059225713	0.00014596348	0.0119897565	160.34686	-340.48657	9.056242	-341.5869	8.797102	80.0	4698.225
81	6560000	1.5	0.014999973	-29.41468	0.13565125	-356.614	1219.0	1.2483566	0.33381265	2.1920348e-05	149.0	-0.0007487267	14.637842	0.13501486	0.00054891384	-0.5971895	0.001025	-0.011813713	-0.00041454582	0.010793724	163.29443	-340.40146	9.984841	-341.85672	9.935196	81.0	4756.7046
82	6640000	1.5	0.014999983	-29.41085	0.13706508	-356.5418	1219.0	1.2734022	0.34710127	2.5413907e-05	149.0	-0.000222769	14.637129	0.138669	0.0013367191	-0.6296887	0.0111625	-0.0040261745	-0.0002676256	0.011087804	165.79543	-340.40594	9.908285	-341.20752	9.651691	82.0	4815.202
83	6720000	1.5	0.014999985	-29.443174	0.13953824	-357.05264	1219.0	1.2811196	0.35500592	2.5904481e-05	149.0	-0.00037781088	14.636397	0.14045236	0.0018620163	-0.6569949	0.0251375	-0.006783442	0.00020419012	0.010764244	171.42612	-339.54822	10.7606325	-339.97852	10.777534	83.0	4875.513
84	6800000	1.5	0.014999987	-29.479912	0.13816197	-355.9398	1219.0	1.3668259	0.34906077	2.2818818e-05	149.0	0.0012032671	14.636013	0.14600092	0.0015899681	-0.67932993	0.0093625	0.017853623	-0.0001541317	0.0110657	168.69403	-339.43506	9.882093	-341.39438	9.500047	84.0	4934.041
85	6880000	1.5	0.014999988	-29.136513	0.14604406	-355.99042	1219.0	1.3857145	0.34813613	2.5528236e-05	149.0	-0.0004690335	14.63554	0.14690207	0.0020250198	-0.68492734	0.0250875	-0.008424887	0.0007004508	0.010872936	167.86383	-340.68393	8.229934	-342.8656	8.209292	85.0	4992.698
86	6960000	1.5	0.014999988	-28.486383	0.14886537	-357.10837	1219.0	1.2956666	0.36246806	2.3570032e-05	149.0	-0.0021287343	14.63485	0.14268139	0.0008485216	-0.69115794	0.00875	-0.033917878	0.00010918813	0.010969541	170.32684	-340.48337	7.138844	-341.14423	7.16146	86.0	5051.5176
87	7040000	1.5	0.014999988	-28.888887	0.14108802	-356.3823	1219.0	1.2607558	0.36118394	2.7962558e-05	122.0	-0.0013142398	14.634075	0.13847807	0.017057765	-0.70589644	0.1187875	-0.021875922	0.013274389	0.010345732	168.03564	-343.06302	6.524345	-343.13052	6.5892763	87.0	5107.8975
88	7120000	1.5	0.014999988	-28.464622	0.14730036	-359.07452	1219.0	1.2119191	0.38463587	2.5180945e-05	149.0	-0.0015361174	14.633155	0.1436167	0.00090674305	-0.73183846	0.005	-0.0244681	-0.00030802898	0.012556509	179.2892	-342.41876	6.3613286	-343.88953	6.138739	88.0	5166.43
89	7200000	1.5	0.014999988	-29.38158	0.14192608	-358.6992	1219.0	1.2207897	0.412925	2.4535335e-05	149.0	2.5985739e-05	14.63227	0.14569888	0.0011846358	-0.75905204	0.0090625	-9.551353e-05	-0.00014409065	0.0120394435	176.4143	-342.481	6.2277822	-343.83868	6.339038	89.0	5225.7
90	7280000	1.5	0.014999999	-29.486187	0.14493148	-358.88742	1219.0	1.2670379	0.4011802	2.4239469e-05	149.0	0.0003558949	14.631552	0.15006873	0.0013080497	-0.784275	0.01165	0.0048202793	0.0003188688	0.0120205805	176.54523	-342.00287	6.3057337	-342.26343	5.932348	90.0	5284.3794
91	7360000	1.5	0.014999999	-29.55694	0.15061241	-358.58786	1219.0	1.301766	0.40748176	2.5456695e-05	149.0	-0.0002785436	14.630886	0.15324703	0.00054527534	-0.7782888	0.0026	-0.004710996	-4.8032092e-05	0.012011121	177.49066	-341.95905	5.4614916	-342.85117	5.338162	91.0	5343.102
92	7440000	1.5	0.014999999	-28.608356	0.15165082	-358.59085	1219.0	1.211868	0.40226525	2.7091772e-05	86.0	-0.0021700207	14.629932	0.14627452	0.01604887	-0.81074435	0.1246	-0.034428705	0.01261162	0.011423729	173.62703	-339.77127	6.006567	-339.92596	5.6669674	92.0	5396.142
93	7520000	1.5	0.014999999	-30.08665	0.14051415	-356.5752	1219.0	1.3788866	0.39426476	2.73037e-05	149.0	0.0020738863	14.629672	0.15287967	0.0010306957	-0.815651	0.0079625	0.031847294	-8.812677e-05	0.0112699475	172.3282	-339.17056	7.188768	-340.67166	6.5131855	93.0	5454.665
94	7600000	1.5	0.014999999	-29.37994	0.15301901	-355.97192	1219.0	1.4684293	0.45156807	2.6972732e-05	149.0	0.00050256425	14.629434	0.15831041	0.0013419936	-0.83427423	0.01125	0.0075118714	4.7196245e-05	0.010937216	171.724	-338.1412	7.792506	-338.9777	7.470661	94.0	5515.4443
95	7680000	1.5	0.014999999	-29.379156	0.15819375	-355.57422	1219.0	1.6534989	0.5027873	2.8758e-05	149.0	0.002377295	14.642761	0.17126678	0.0025068913	-0.8427058	0.02825	0.036050227	0.0003069218	0.012574454	168.75775	-337.80243	7.607576	-338.87207	7.6808214	95.0	5574.122
96	7760000	1.5	0.014999999	-28.997797	0.16965741	-354.78162	1219.0	1.7006915	0.4596302	2.6136267e-05	149.0	-0.0001419366	14.647805	0.17168368	0.0008647647	-0.8207988	0.0053125	-0.0027517155	2.6148438e-05	0.0117620565	167.64359	-338.13046	7.385016	-339.0722	7.6053114	96.0	5632.7817
97	7840000	1.5	0.014999999	-28.43894	0.1705182	-355.48944	1219.0	1.6146126	0.49045324	2.7535256e-05	82.0	-0.0015453491	14.639561	0.16685618	0.019442558	-0.83616173	0.1425375	-0.026265662	0.016235558	0.011589862	164.54979	-340.12354	5.3477983	-343.39883	5.399702	97.0	5685.5864
98	7920000	1.5	0.014999999	-27.946478	0.17066926	-357.50003	1219.0	1.3550096	0.52332485	2.793381e-05	149.0	-0.00495458	14.630031	0.15246846	0.001486865	-0.8587838	0.0133	-0.07805618	-0.00024181357	0.011402107	169.35735	-341.19318	4.2499523	-342.88174	4.1339765	98.0	5744.361
99	8000000	1.5	0.014999999	-28.961956	0.15225793	-357.76077	1219.0	1.3067085	0.5300392	2.6193675e-05	149.0	-0.0009198581	14.629392	0.15134905	0.0011552267	-0.884429	0.0074	-0.014968378	-0.00032979282	0.010440671	167.94864	-341.7675	3.2522705	-343.66977	3.5180213	99.0	5803.1245
100	8080000	1.5	0.014999999	-28.710571	0.15335171	-358.25897	1219.0	1.2250018	0.44660586	2.4909485e-05	149.0	-0.0020768251	14.628511	0.1481716	0.0010215248	-0.9047318	0.0056375	-0.032814518	-0.0005066712	0.010676242	168.81784	-342.29913	3.209083	-344.50925	3.0995562	100.0	5862.3203
101	8160000	1.5	0.014999999	-28.969877	0.14834246	-358.7052	1219.0	1.2416425	0.52103716	2.5909976e-05	149.0	4.697789e-05	14.627695	0.15205386	0.00057287246	-0.8937551	0.001925	0.0004061203	-3.4567165e-05	0.011018685	168.83885	-342.9689	2.792684	-343.9617	2.6319058	101.0	5921.1577
102	8240000	1.5	0.014999999	-28.746788	0.15161788	-358.89688	1219.0	1.1916318	0.49614778	2.8422446e-05	76.0	-0.0011697375	14.626699	0.15033314	0.016631937	-0.9100293	0.1255	-0.017567098	0.013202634	0.011144366	166.08928	-344.54718	2.4515715	-345.76666	2.323629	102.0	5973.3467
103	8320000	1.5	0.014999999	-28.45921	0.15681258	-360.97372	1219.0	1.2046944	0.529386	3.056613e-05	65.0	0.00019119945	14.6257715	0.16148953	0.018885223	-0.8964701	0.13675	0.0010350767	0.01742409	0.013777606	169.83937	-342.71817	2.8551893	-343.58957	2.958368	103.0	6024.647
104	8400000	1.5	0.014999999	-29.749805	0.15470506	-358.84213	1219.0	1.2113655	0.5478415	4.0783583e-05	24.0	-0.0007909069	14.624845	0.15601212	0.017600134	-0.8989963	0.1538875	-0.013580525	0.015285515	0.012204035	165.0161	-343.94186	2.0607994	-344.5966	1.9782735	104.0	6072.343
105	8480000	1.5	0.014999999	-27.99229	0.15995194	-360.43866	1219.0	1.1261476	0.5525637	3.176167e-05	53.0	-0.002133457	14.623664	0.15466936	0.017995559	-0.90810585	0.1688375	-0.03345551	0.017684003	0.012713451	166.58731	-345.60773	1.6315544	-345.79156	1.5233942	105.0	6122.649
106	8560000	1.5	0.014999999	-28.32921	0.16156806	-361.3218	1219.0	1.164201	0.5228119	3.3713073e-05	38.0	0.00011691041	14.622641	0.16626516	0.016925884	-0.9057664	0.1367625	-0.000325177	0.01604354	0.014511261	168.95364	-344.03873	1.766331	-343.8379	1.786015	106.0	6172.01
107	8640000	1.5	0.014999999	-29.899265	0.15701583	-359.9511	1219.0	1.0991888	0.525462	2.650185e-05	84.0	-0.0013698204	14.621351	0.15556039	0.01648007	-0.91995245	0.13425	-0.02293036	0.012647342	0.012076498	163.55534	-342.27548	2.2639925	-343.02362	2.1875887	107.0	6224.899
108	8720000	1.5	0.014999999	-30.11689	0.14892432	-358.05356	1219.0	1.1362345	0.5661335	2.6673602e-05	149.0	-0.00033963862	14.620245	0.15186962	0.0015713654	-0.93920237	0.012525	-0.0053263763	0.00025716674	0.0111725805	162.70721	-341.7328	2.4718366	-342.8621	2.6158354	108.0	6283.393
109	8800000	1.5	0.014999999	-29.395147	0.1520661	-358.30698	1219.0	1.1678938	0.58451295	2.6891463e-05	9.0	-0.0008625158	14.619191	0.15219748	0.02413353	-0.9377613	0.16075	-0.013951013	0.020563502	0.010557697	160.72743	-339.73492	3.4188426	-340.8041	3.1869454	109.0	6329.738
110	8880000	1.5	0.014999999	-29.817057	0.14378834	-355.95105	1219.0	1.3465297	0.59853154	2.8013092e-05	149.0	0.0020584052	14.618814	0.15581599	0.008926946	-0.94573015	0.1077	0.031015951	0.008260135	0.011341448	158.7389	-341.06165	2.9921362	-343.3905	2.8017588	110.0	6388.2573
111	8960000	1.5	0.014999999	-28.221502	0.16042483	-357.86896	1219.0	1.2082987	0.5747973	2.4481124e-05	149.0	-0.0027831902	14.617708	0.15139106	0.00082482345	-0.95184416	0.007725	-0.043946546	-0.00023527231	0.0101352325	159.8299	-341.69687	2.5072808	-343.5657	2.4483542	111.0	6446.9126
112	9040000	1.5	0.014999999	-28.854176	0.1538843	-357.872	1219.0	1.1578763	0.5938916	2.8290227e-05	2.0	-0.0015043386	14.616629	0.15075068	0.02742767	-0.95183665	0.1588625	-0.025225198	0.020217732	0.010013945	159.3897	-343.65152	2.0206885	-345.8672	2.0075974	112.0	6493.154
113	9120000	1.5	0.014999999	-28.037725	0.15925257	-360.03397	1219.0	1.1265391	0.54777026	3.0242303e-05	79.0	-0.00030966027	14.615457	0.1612641	0.023318483	-0.9828006	0.144425	-0.0040465444	0.016223831	0.012464706	164.89035	-342.1089	2.4214888	-343.48758	2.3858979	113.0	6545.477
114	9200000	1.5	0.014999999	-30.271307	0.15291362	-358.10355	1219.0	1.1782674	0.6443893	3.7495323e-05	22.0	0.0003485089	14.61449	0.15807548	0.022508765	-0.9897519	0.164675	0.005539416	0.018674169	0.010642957	161.97205	-340.57755	3.4201562	-341.79993	3.4102547	114.0	6593.089
115	9280000	1.5	0.014999999	-29.993538	0.15267271	-357.0506	1219.0	1.3887877	0.6231321	3.1596024e-05	33.0	0.0028969527	14.614251	0.16844358	0.016952997	-1.007881	0.13915	0.04720664	0.014350661	0.0119479755	158.69714	-339.64548	4.0129437	-340.629	3.8488653	115.0	6641.475
116	9360000	1.5	0.014999999	-29.597475	0.16390035	-355.85477	1219.0	1.6066693	0.6614622	2.9792742e-05	81.0	0.0025211743	14.622787	0.17758648	0.015392865	-1.0368642	0.1196	0.037452154	0.010990014	0.013116925	154.52327	-340.95166	3.1500022	-341.05035	2.9569979	116.0	6694.242
117	9440000	1.5	0.014999999	-28.653135	0.18199988	-357.1206	1219.0	1.427702	0.65732986	2.9082943e-05	2.0	-0.0037532076	14.614011	0.16859795	0.019065168	-1.0366582	0.1350125	-0.0577834	0.016094448	0.010885295	156.79361	-342.46582	2.5431843	-343.22208	2.4559047	117.0	6739.9155
118	9520000	1.5	0.014999999	-28.312025	0.17257628	-359.06363	1219.0	1.243736	0.67031145	2.8182816e-05	112.0	-0.0026605034	14.613186	0.16417406	0.025005331	-1.0712148	0.1453	-0.042928096	0.018764086	0.010971753	159.3137	-343.98505	2.2133193	-344.8175	2.158463	118.0	6795.8457
119	9600000	1.5	0.014999999	-28.733303	0.17141268	-360.19318	1219.0	1.2191985	0.6715911	2.9981562e-05	149.0	-0.00033369756	14.612288	0.17326833	0.0049794493	-1.08823	0.0651625	-0.005436465	0.0034003449	0.011904905	162.60112	-344.0279	2.3118014	-345.94116	2.3524103	119.0	6854.404
120	9680000	1.5	0.014999999	-29.416666	0.17590114	-360.58136	1219.0	1.260119	0.6584565	5.284985e-05	149.0	0.0006540997	14.611552	0.18241602	0.0050119474	-1.0926706	0.06575	0.010333918	0.0043092403	0.0124834245	163.38736	-344.4141	2.4058416	-346.13345	2.36001	120.0	6912.7646
121	9760000	1.5	0.014999999	-29.325134	0.18437439	-360.89157	1219.0	1.2893759	0.71141845	4.8991722e-05	8.0	0.0004817354	14.61085	0.19028004	0.016029244	-1.0934876	0.1227125	0.006571343	0.012521116	0.013161049	163.08266	-343.04712	2.750153	-343.9337	2.5869212	121.0	6959.0835
122	9840000	1.5	0.014999999	-29.977438	0.18330206	-359.48264	1219.0	1.3353869	0.76586974	3.17962e-05	14.0	0.00020356897	14.610313	0.18806186	0.01921422	-1.096795	0.13975	0.0024340684	0.015746757	0.01264585	162.70522	-341.8641	3.2430968	-343.3135	3.3257513	122.0	7005.7666
123	9920000	1.5	0.014999999	-29.757984	0.18112727	-358.50998	1219.0	1.4075587	0.7093495	3.3952405e-05	17.0	0.00053065	14.61	0.18669209	0.024828888	-1.0990561	0.164225	0.0065125786	0.0200373	0.012206767	158.40138	-343.10553	2.5211892	-345.40652	2.3526492	123.0	7052.729
124	10000000	1.5	0.014999999	-28.54785	0.1928158	-359.52356	1219.0	1.267123	0.7615346	3.6451023e-05	62.0	-0.002774422	14.609173	0.18451653	0.01620925	-1.1273481	0.1364	-0.04325941	0.012568649	0.01237206	160.33397	-344.2124	2.2383802	-345.55942	2.143288	124.0	7103.6587
125	10080000	1.5	0.014999999	-29.063326	0.19090016	-360.88123	1219.0	1.2630067	0.7625599	3.953639e-05	35.0	3.3264634e-05	14.608405	0.1944937	0.017299548	-1.137699	0.1416125	-0.0005341316	0.01272102	0.01360387	163.27243	-342.92407	2.6574082	-344.74643	2.5099988	125.0	7152.3813
126	10160000	1.5	0.014999999	-30.035872	0.18913992	-359.71338	1219.0	1.317923	0.7433201	3.164613e-05	43.0	0.00016662799	14.607854	0.19358048	0.021861447	-1.1560448	0.1773125	0.0006261834	0.019535981	0.012687293	161.62102	-344.10782	2.0578737	-344.98285	1.9482129	126.0	7201.643
127	10240000	1.5	0.014999999	-28.77963	0.1980706	-360.66974	1219.0	1.2175971	0.7639829	3.2604567e-05	4.0	-0.0015755309	14.606899	0.19453262	0.015412091	-1.157298	0.1278375	-0.025734928	0.013306453	0.013428597	164.2758	-342.97324	2.2924023	-344.36423	2.2416887	127.0	7247.661
128	10320000	1.5	0.014999999	-29.903822	0.18725671	-359.53775	1219.0	1.261202	0.7749007	3.2536984e-05	1.0	0.00017081038	14.606169	0.19170195	0.027352938	-1.1577356	0.161925	-3.2143595e-05	0.022285545	0.012852164	160.28497	-341.32715	2.8294604	-342.47256	2.825495	128.0	7293.375
129	10400000	1.5	0.014999999	-30.049	0.18659358	-358.01834	1219.0	1.3760581	0.82422906	4.1399377e-05	1.0	-0.00021612825	14.605805	0.18913984	0.027824393	-1.1583374	0.156975	-0.0021617806	0.02062767	0.012522035	158.96962	-339.72528	3.5459049	-339.47507	3.2966688	129.0	7338.9795
130	10480000	1.5	0.014999999	-29.893066	0.1820422	-356.09155	1219.0	1.6326983	0.83601123	4.2604155e-05	1.0	0.002819866	14.617159	0.19705795	0.02589046	-1.1587564	0.1540125	0.044184633	0.021040296	0.014089697	154.86809	-338.0453	4.4532194	-338.3875	4.0415425	130.0	7384.5356
131	10560000	1.5	0.014999999	-29.8602	0.19277318	-354.5933	1219.0	2.0041606	0.873127	2.607128e-05	10.0	0.004298616	14.655395	0.21329239	0.016337719	-1.1617024	0.13695	0.06455816	0.014314261	0.01677339	153.33315	-339.29453	3.5575738	-340.68286	3.3962085	131.0	7431.483
132	10640000	1.5	0.014999999	-28.31436	0.21371011	-355.77493	1219.0	1.6630113	0.8090149	3.1139127e-05	18.0	-0.006136865	14.621693	0.1904676	0.016989352	-1.1614808	0.1281	-0.09623934	0.013094766	0.013151099	153.05031	-338.22598	4.1215034	-339.3356	4.0038967	132.0	7478.701
133	10720000	1.5	0.014999999	-29.590637	0.18719281	-354.85812	1219.0	1.9337008	0.88423395	3.2137898e-05	21.0	0.0034859073	14.649887	0.20473139	0.019094784	-1.1616241	0.1399	0.054976203	0.015066278	0.015225449	151.63347	-337.73053	5.217733	-339.67355	4.6653023	133.0	7526.1216
134	10800000	1.5	0.014999999	-29.501553	0.20527852	-353.9956	1219.0	2.3045287	0.90700454	2.8656848e-05	17.0	0.0055592833	14.689294	0.231243	0.019273873	-1.1605684	0.1621	0.08525252	0.017623534	0.019309932	149.12993	-339.25537	3.934342	-340.45477	3.589483	134.0	7573.2876
135	10880000	1.5	0.014999999	-28.147844	0.23028083	-355.84177	1219.0	1.9011115	0.9427146	3.486893e-05	14.0	-0.006250436	14.6498575	0.20648018	0.023024853	-1.1606883	0.151875	-0.09903862	0.0185139	0.015437236	150.40657	-340.73602	3.1129754	-341.15924	2.8793771	135.0	7620.0435
136	10960000	1.5	0.014999999	-28.423138	0.20839155	-357.1708	1219.0	1.6045014	0.8479621	3.316091e-05	1.0	-0.0041395146	14.620903	0.19352238	0.019113043	-1.1606206	0.1424625	-0.065662	0.015501388	0.01345503	151.47217	-341.94266	2.4984257	-342.57904	2.6955438	136.0	7665.8594
137	11040000	1.5	0.014999999	-28.553757	0.19736663	-358.24588	1219.0	1.3833249	0.8647749	3.6523503e-05	14.0	-0.0033418916	14.612354	0.18627065	0.020476531	-1.157404	0.15035	-0.052795697	0.016509505	0.012611758	153.49002	-340.73367	3.1938207	-342.30225	2.8659477	137.0	7712.69
138	11120000	1.5	0.014999999	-29.791609	0.18086779	-356.80777	1219.0	1.6333126	0.8791585	3.434252e-05	12.0	0.0035544	14.623868	0.1990558	0.016558357	-1.1564742	0.1477	0.05480799	0.013090486	0.013777692	151.31482	-342.2581	2.4167418	-342.75858	2.2556362	138.0	7759.906
139	11200000	1.5	0.014999999	-28.352453	0.20079753	-358.2535	1219.0	1.3924056	0.91952676	4.6649766e-05	26.0	-0.0033665835	14.612295	0.18963423	0.017492881	-1.1619314	0.1488625	-0.05240744	0.014319895	0.01269478	151.19487	-341.25668	2.9435718	-342.0249	2.6477842	139.0	7808.0435
140	11280000	1.5	0.014999999	-29.918547	0.18617027	-357.16653	1219.0	1.6035227	0.8396419	4.5704983e-05	59.0	0.0023618666	14.620677	0.19966902	0.016691275	-1.1469182	0.13065	0.03632654	0.013992821	0.013970241	149.86119	-340.29733	3.4191918	-340.28955	3.5157995	140.0	7858.5537
141	11360000	1.5	0.014999999	-29.579456	0.19555505	-356.2316	1219.0	1.8333079	0.9475665	3.648515e-05	19.0	0.0026435582	14.644253	0.2097586	0.024268027	-1.1440367	0.1624875	0.036627974	0.019172866	0.016445233	148.36095	-341.6111	2.5684912	-342.297	2.4127908	141.0	7905.6826
142	11440000	1.5	0.014999999	-28.417053	0.21289964	-357.37115	1219.0	1.5068669	0.95258224	3.959692e-05	66.0	-0.0053911745	14.613404	0.1929458	0.015282274	-1.1364355	0.135025	-0.0850974	0.013585391	0.01405338	150.37683	-343.2268	2.1564488	-344.63654	2.1225734	142.0	7956.9814
143	11520000	1.5	0.014999999	-28.435532	0.19677249	-359.10226	1219.0	1.3454826	1.03248	4.0984734e-05	20.0	-0.0021680081	14.61288	0.19078824	0.016286839	-1.1502026	0.1394125	-0.03441995	0.012676021	0.01306597	150.72711	-342.27267	2.5586073	-342.85355	2.5188293	143.0	8004.426
144	11600000	1.5	0.014999999	-29.835129	0.18548132	-357.8945	1219.0	1.4933224	0.9774359	3.850417e-05	57.0	0.001070864	14.61294	0.19342656	0.016709805	-1.1616982	0.1194125	0.013837796	0.012921983	0.01360877	148.2889	-343.23975	2.2071586	-344.23053	2.0604422	144.0	8054.906
145	11680000	1.5	0.014999999	-28.908777	0.19804889	-358.87537	1219.0	1.3624741	1.0213859	3.6959063e-05	14.0	-0.002216653	14.612321	0.19161455	0.015607229	-1.1558331	0.1314375	-0.03525716	0.013087296	0.01286313	150.03204	-344.22516	1.9275719	-345.55936	1.7841159	145.0	8102.0146
146	11760000	1.5	0.014999999	-28.662468	0.1968724	-360.30072	1219.0	1.2455289	1.0266466	3.5734236e-05	92.0	-0.0009178501	14.6115	0.19608107	0.021526754	-1.1648484	0.1689125	-0.0149533935	0.017393848	0.0138233155	151.72963	-345.2318	1.5671341	-345.43704	1.5516814	146.0	8155.6895
147	11840000	1.5	0.014999999	-28.7824	0.19048062	-361.52728	1219.0	1.1796747	1.0614847	4.768093e-05	20.0	0.0028167723	14.610485	0.20515105	0.015327857	-1.1719216	0.107075	0.042100985	0.010631013	0.015438661	153.91722	-344.3462	1.6216644	-345.7415	1.5593747	147.0	8203.003
148	11920000	1.5	0.014999999	-29.727144	0.18976265	-360.18057	1219.0	1.1751875	1.0879301	4.5923785e-05	35.0	0.0008705535	14.609457	0.19675976	0.017664887	-1.1547159	0.1298	0.014332198	0.012297255	0.013840596	149.13246	-343.09363	1.9194683	-345.35577	1.8418471	148.0	8251.571
149	12000000	1.5	0.014999999	-30.07164	0.19281273	-358.81952	1219.0	1.3010693	1.0025668	4.1930296e-05	44.0	0.00043304512	14.608925	0.1981467	0.015107005	-1.1697265	0.1311125	0.0057053594	0.011179433	0.014334659	148.90816	-342.405	2.270343	-343.1641	2.2903378	149.0	8301.0625
