Epoch	TotalEnvInteracts	worker/CostLimit	worker/noise	learner/VVals	learner/CostVVals	worker/EpRet	worker/EpLen	worker/EpCost	learner/LossQ	learner/LossQC	learner/StopIter	learner/LossPi	learner/Lagrangian	learner/QcRet	learner/KL	learner/Entropy	learner/ClipFrac	learner/LossQcPenalty	learner/LossVallina	learner/LossVC	learner/LossV	Eval/NaturalReward	Eval/NaturalCost	Eval/AdvUniformReward	Eval/AdvUniformCost	worker/Epoch	worker/Time
0	80000	1.5	0.0	0.08373152	0.047062233	-1819.8579	1219.0	466.03638	2.1176486	0.006087734	4.0	9.382364	48.01288	36.526356	0.016075043	0.92092425	0.2432375	459.48184	0.02387015	1380.089	19699.197	-2001.1981	471.72012	-2001.2532	471.71985	0.0	42.967976
1	160000	1.5	0.0	-57.064754	38.77621	-1995.2971	1219.0	469.03754	1.2536618	0.00094635284	18.0	0.20964222	49.245262	39.670944	0.018559106	0.9133377	0.288175	10.472915	-0.00023420429	6.7056437	10377.156	-1800.4276	468.57697	-1800.4081	468.57642	1.0	87.05613
2	240000	1.5	0.0023027735	-149.25679	39.603264	-1802.8711	1219.0	465.6239	1.1734987	0.0004024632	8.0	-0.039924435	50.290054	39.65279	0.016045643	0.9091415	0.2650375	-2.105625	0.00011431265	1.8008782	521.4714	-1610.6794	465.02548	-1610.6842	465.02393	2.0	238.36646
3	320000	1.5	0.004252031	-145.1715	39.673126	-1630.7183	1219.0	461.8949	1.121034	0.00024418283	6.0	-0.12449505	51.283733	39.47405	0.015886258	0.90688515	0.240125	-6.6198483	-0.0038295754	1.7579973	439.79535	-1430.6036	460.42865	-1430.5867	460.42624	3.0	389.3644
4	400000	1.5	0.0059020403	-132.26288	39.45703	-1463.2677	1219.0	455.58054	1.0408833	0.0002158009	6.0	-0.19387518	52.012386	39.0683	0.020667078	0.906207	0.31505	-10.480654	-0.005127608	2.5983396	337.53387	-1224.8794	452.0098	-1224.7699	451.9902	4.0	540.99036
5	480000	1.5	0.0072987443	-118.8807	39.013283	-1281.3112	1219.0	447.3517	0.9548788	0.00020034262	5.0	-0.2483149	52.52494	38.476925	0.017303012	0.9055539	0.2662375	-13.442441	-0.010970831	3.9411647	338.65976	-1036.82	438.4273	-1036.8058	438.41495	5.0	692.19525
6	560000	1.5	0.008481027	-104.07664	38.349026	-1116.9305	1219.0	435.94083	0.92460555	0.0001538943	5.0	-0.3217247	52.676598	37.56046	0.018203892	0.90444475	0.2830875	-17.4317	-0.012305275	5.755231	303.81332	-841.3686	418.32834	-841.4084	418.32816	6.0	843.66
7	640000	1.5	0.009481809	-90.09547	37.239525	-961.2464	1219.0	419.41357	0.8592542	0.00014564986	5.0	-0.37693524	52.282787	36.2274	0.01676531	0.9029342	0.2620125	-20.36965	-0.013312875	7.3402185	264.17288	-663.2329	383.05234	-663.00256	382.9438	7.0	995.2449
8	720000	1.5	0.010328949	-77.1199	35.630783	-818.7312	1219.0	398.04263	0.8031942	0.00015786456	6.0	-0.3982935	51.339794	34.470085	0.017385576	0.90028965	0.2811375	-21.252125	-0.012200465	7.9640546	215.5945	-492.8705	302.9671	-492.87808	303.0597	8.0	1146.745
9	800000	1.5	0.011046043	-65.27705	33.31313	-688.0506	1219.0	367.69736	0.67140734	0.00016453673	8.0	-0.4486929	49.416653	31.838629	0.01665773	0.8961535	0.2805875	-23.144474	-0.012126778	9.193372	185.11012	-370.80865	117.08636	-370.81314	117.16972	9.0	1298.8625
10	880000	1.5	0.01165305	-54.367355	29.591047	-579.96533	1219.0	319.2493	0.6014314	0.00019293827	15.0	-0.54547215	45.520134	27.66819	0.015079498	0.8850957	0.1989875	-25.814436	-0.015053436	12.366599	112.64084	-243.69307	70.2501	-243.56113	70.4658	10.0	1450.8607
11	960000	1.5	0.012166867	-44.9886	22.568916	-485.41428	1219.0	222.62144	0.51709574	0.0002289648	149.0	-0.852058	36.577023	19.340094	0.014691178	0.78349406	0.1055375	-32.330845	-0.013929107	18.35301	55.27058	-20.492405	333.56732	-20.498257	333.4467	11.0	1614.9371
12	1040000	1.5	0.012601807	-38.12276	13.639891	-407.78397	1219.0	122.73628	0.3903234	0.0004633346	149.0	-0.86713403	27.017355	10.197955	0.007163019	0.69925374	0.06565	-24.418407	-0.008647182	18.079597	38.47014	-6.7238045	332.58636	-6.778362	332.58038	12.0	1778.4269
13	1120000	1.5	0.012969971	-33.178036	8.655762	-380.69388	1219.0	98.2218	0.31487352	0.00041308216	149.0	-0.1627759	24.854355	7.9890165	0.0074019553	0.6189818	0.06195	-4.275541	-0.00800532	4.367653	18.351225	-5.5326247	332.70087	-5.572841	332.6973	13.0	1941.6991
14	1200000	1.5	0.0132816145	-30.562618	6.279608	-353.7539	1219.0	72.36373	0.27180645	0.0003996337	149.0	-0.09473344	22.498505	5.9006057	0.0066095176	0.5404534	0.0590125	-2.266366	-0.007932623	3.5585356	15.033257	-4.8345866	332.75882	-4.852434	332.75684	14.0	2105.0144
15	1280000	1.5	0.013545423	-28.415234	4.7269373	-326.60666	1219.0	53.985382	0.24253933	0.00014585521	149.0	-0.06287369	20.830433	4.473535	0.0047818483	0.462903	0.0536625	-1.4111701	-0.008180574	3.6209474	13.711794	-5.2149396	332.72812	-5.2545657	332.7248	15.0	2268.1492
16	1360000	1.5	0.013768726	-26.116589	3.5595665	-303.71875	1219.0	40.14658	0.21658075	6.337273e-05	117.0	-0.04156826	19.58791	3.3913329	0.015497366	0.41369003	0.066275	-0.8979537	0.007270295	3.3903196	10.676235	-293.732	86.604355	-294.1094	86.60258	16.0	2428.7346
17	1440000	1.5	0.013957752	-24.640371	3.388517	-309.05283	1219.0	39.46182	0.22094175	4.643655e-05	3.0	-0.01959574	19.619469	3.3015835	0.034165036	0.41252524	0.0666375	-0.4593355	0.028608536	2.1132872	9.979631	-317.84146	37.962257	-318.0482	37.67711	17.0	2580.1255
18	1520000	1.5	0.014117749	-25.059189	3.475299	-329.4633	1219.0	39.856415	0.26915854	5.8199035e-05	2.0	-0.0372481	19.806175	3.309196	0.030058023	0.41172594	0.0687125	-0.8676421	0.043267123	2.4310284	16.120544	-342.62634	16.354267	-342.79532	16.426645	18.0	2731.2058
19	1600000	1.5	0.014253196	-26.668266	3.5336254	-348.3301	1219.0	40.413475	0.29524547	4.7282712e-05	11.0	-0.04477599	19.983744	3.3365774	0.017515099	0.40721133	0.0813875	-0.96868634	0.010797853	2.1266313	21.396845	-303.31543	62.864437	-304.5368	62.311035	19.0	2882.7583
20	1680000	1.5	0.014367847	-27.752838	2.445309	-320.26785	1219.0	30.455557	0.2693334	3.8738974e-05	142.0	0.020340774	19.049856	2.5302792	0.015206366	0.340858	0.0711875	0.36693558	0.0063503142	2.8377197	18.184956	-297.38727	78.421974	-298.76968	77.79312	20.0	3045.6091
21	1760000	1.5	0.014464887	-25.842354	2.140304	-314.70563	1219.0	23.70938	0.26819015	2.2679245e-05	2.0	-0.03731796	18.44461	1.9858582	0.019249018	0.34016877	0.0496875	-0.8161479	0.033773314	1.5079403	28.479593	-309.54755	61.600388	-310.46005	61.57398	21.0	3196.4307
22	1840000	1.5	0.014547037	-25.533484	1.9842817	-321.99298	1219.0	21.603022	0.26835304	1.81505e-05	1.0	-0.046880413	18.296204	1.7886504	0.016779883	0.33986333	0.0508875	-0.9405542	0.03207236	1.3024492	30.093822	-321.9377	46.511475	-321.8704	46.44793	22.0	3347.3125
23	1920000	1.5	0.014616577	-26.137629	1.7403076	-328.76514	1219.0	18.574	0.2837487	2.0266167e-05	1.0	-0.04962435	18.054873	1.5313501	0.026885245	0.33957273	0.06035	-0.94091886	0.044382893	1.0351821	37.800385	-334.77142	28.086424	-334.00867	27.429232	23.0	3498.35
24	2000000	1.5	0.014675439	-26.789679	1.5186554	-338.2681	1219.0	15.477158	0.30612722	2.4940102e-05	1.0	-0.061329365	17.785925	1.2598761	0.039997626	0.33930093	0.0683625	-1.1701262	0.057310924	0.8667967	46.754997	-350.56613	9.246309	-351.08936	9.271195	24.0	3649.1191
25	2080000	1.5	0.014725265	-27.62774	1.244392	-350.41824	1219.0	11.597554	0.3260424	3.298637e-05	1.0	-0.070433676	17.437918	0.9479922	0.053226575	0.33905315	0.0793875	-1.4311931	0.07321631	0.7484459	62.218037	-368.01785	1.7092471	-367.81784	1.7015971	25.0	3800.2087
26	2160000	1.5	0.014767439	-28.735266	0.9389453	-364.84418	1219.0	7.6301446	0.35982642	4.022456e-05	1.0	-0.07189824	17.078053	0.6369455	0.07057445	0.33882478	0.098125	-1.4258705	0.07867848	0.7152244	79.6062	-386.76163	2.2498627	-386.8137	2.3161247	26.0	3951.8948
27	2240000	1.5	0.014803143	-30.13618	0.65024024	-382.4715	1219.0	8.38659	0.38669485	5.9039547e-05	1.0	0.010483201	17.170881	0.6899756	0.07867108	0.33859426	0.120425	0.18691756	0.070580274	0.33679253	97.88013	-411.1094	5.0255084	-408.818	4.962392	27.0	4102.7134
28	2320000	1.5	0.014833362	-31.458544	0.81811994	-400.81665	1219.0	13.521432	0.39193606	0.00014962602	1.0	0.0798835	17.70537	1.1479421	0.06400768	0.33836317	0.130975	1.4747567	0.060532685	0.81626296	117.46967	-427.98016	9.221582	-423.04092	9.141963	28.0	4253.549
29	2400000	1.5	0.014858946	-32.835766	1.3305588	-418.70123	1219.0	19.824707	0.44386187	0.00021002472	1.0	0.11673111	18.383467	1.817061	0.027953412	0.33813813	0.1090375	2.2748694	0.034117524	1.5881783	132.8517	-438.35745	12.65537	-434.63712	12.641754	29.0	4404.968
30	2480000	1.5	0.0148806	-34.240047	2.090179	-429.9065	1219.0	27.965223	0.4523964	0.00025727128	6.0	0.12870325	19.287258	2.6269145	0.052203804	0.33700702	0.1373625	2.5341895	0.035226293	1.8143901	136.99365	-412.61676	7.864067	-408.5713	7.721693	30.0	4556.7437
31	2560000	1.5	0.014898927	-34.930862	2.146264	-412.65158	1219.0	14.017732	0.40450898	0.00017923195	1.0	-0.18828924	17.923368	1.361529	0.025234211	0.33683822	0.090425	-3.6109726	0.02472737	1.6396827	134.16853	-397.56064	5.1868834	-394.79968	5.336707	31.0	4707.4116
32	2640000	1.5	0.014914451	-33.67637	1.2304598	-400.74887	1219.0	10.023431	0.42022285	0.00011653469	1.0	-0.08093434	17.55148	0.8876539	0.030367112	0.33666563	0.0861875	-1.4933896	0.021874692	0.78480595	118.004715	-386.05624	3.289622	-383.7114	3.2469127	32.0	4858.2554
33	2720000	1.5	0.01492758	-32.50668	0.8730414	-388.3356	1219.0	8.3186655	0.38980848	7.255033e-05	1.0	-0.04470371	17.406303	0.6852231	0.032586385	0.33650512	0.0798625	-0.88893837	0.03308316	0.5421852	101.77274	-374.68567	1.7696922	-371.3587	1.6848556	33.0	5008.8496
34	2800000	1.5	0.014938699	-31.603237	0.6327241	-377.00488	1219.0	6.3945255	0.39269724	3.961469e-05	1.0	-0.026111854	17.230362	0.5200464	0.017142989	0.33633345	0.0632875	-0.45816636	0.016218835	0.2803185	89.09774	-365.9555	1.5745466	-364.8392	1.6496195	34.0	5159.7715
35	2880000	1.5	0.014948113	-30.592138	0.57556516	-368.7984	1219.0	8.224117	0.3808269	2.702538e-05	7.0	0.02351819	17.43352	0.6737512	0.022696331	0.33529428	0.0656125	0.41235	0.0299301	0.33988956	75.0761	-371.65784	1.9165332	-370.70837	1.976719	35.0	5311.9976
36	2960000	1.5	0.014956073	-30.241734	0.59639996	-377.71655	1219.0	6.3932	0.3885755	2.9814531e-05	149.0	-0.017886365	17.262114	0.52099025	0.0014578869	0.30466795	0.0119375	-0.3320255	-0.000240202	0.2263561	87.778114	-362.20267	2.3752651	-364.68402	2.3446069	36.0	5475.3403
37	3040000	1.5	0.01496282	-31.038202	0.41456738	-377.16656	1219.0	4.4058642	0.37608528	3.593211e-05	149.0	-0.013263377	17.074608	0.35894597	0.0009559566	0.2779343	0.0039875	-0.24251907	-0.00032369365	0.13712068	94.04208	-361.98938	2.2908008	-363.87256	2.2588842	37.0	5638.57
38	3120000	1.5	0.0149685275	-31.053482	0.30203328	-376.91226	1219.0	3.118012	0.36835623	3.229033e-05	149.0	-0.011773311	16.950281	0.2538514	0.00076704787	0.2550073	0.0046	-0.21399431	-1.671021e-05	0.08685163	99.22151	-361.5767	2.4597225	-363.1645	2.4804664	38.0	5802.0234
39	3200000	1.5	0.014973358	-31.025957	0.22522378	-376.0346	1219.0	2.7176745	0.3589961	3.1916272e-05	149.0	-0.0006687327	16.916685	0.22333246	0.00071876775	0.23476958	0.0018125	-0.013311055	-0.00067413825	0.07600504	99.65949	-359.3252	2.5005221	-359.93777	2.3850057	39.0	5965.4487
40	3280000	1.5	0.014977453	-31.00514	0.19928764	-374.53647	1219.0	2.0695214	0.37298313	3.2126736e-05	149.0	-0.0073209456	16.853367	0.16910657	0.0006965745	0.2161284	0.0019375	-0.13173456	-0.00045453606	0.045574304	93.437744	-358.58023	4.139399	-360.69485	3.8941393	40.0	6130.155
41	3360000	1.5	0.014980911	-30.863693	0.16721785	-374.63565	1219.0	2.0829508	0.3942654	3.4742967e-05	149.0	0.000375906	16.8551	0.16952181	0.0006320832	0.20159483	0.004125	0.005222017	0.00021652169	0.046936445	84.06148	-358.69687	3.1555505	-361.43024	3.1779258	41.0	6293.54
42	3440000	1.5	0.014983846	-31.091322	0.15701236	-373.61154	1219.0	1.712248	0.36579853	3.2507764e-05	149.0	-0.0043481505	16.81912	0.14001292	0.0010004652	0.18834744	0.006	-0.078552745	-0.00014252796	0.036960695	75.3394	-357.80478	2.479512	-358.8586	2.3511958	42.0	6457.0537
43	3520000	1.5	0.014986322	-31.114548	0.14161672	-371.75925	1219.0	1.5542058	0.3690686	3.135665e-05	149.0	-0.0037009206	16.80364	0.1274573	-1.0154822e-05	0.18183899	0.000725	-0.066094674	-9.1295886e-05	0.031561673	69.12313	-357.1616	2.3894224	-359.02173	2.3809133	43.0	6620.4214
44	3600000	1.5	0.0149884205	-30.482756	0.13429067	-371.53558	1219.0	1.4971141	0.37205276	3.030264e-05	149.0	-0.0030786814	16.800497	0.12257473	0.00077184266	0.17293969	0.0044625	-0.05541382	-0.00013851862	0.028785113	59.49657	-357.50467	2.416995	-359.31772	2.5211987	44.0	6783.9634
45	3680000	1.5	0.0149901975	-29.87125	0.1309415	-372.29794	1219.0	1.6046108	0.36830696	3.0243998e-05	149.0	-0.0003304868	16.808945	0.12973869	0.0007751777	0.15372264	0.001525	-0.006298636	-0.00056015834	0.03095536	56.23805	-357.1074	2.3529253	-359.7109	2.318337	45.0	6948.504
46	3760000	1.5	0.0149917025	-30.85564	0.13069788	-372.12103	1219.0	1.5061057	0.3590338	3.3537723e-05	149.0	-0.0019162829	16.800697	0.12452489	0.0011765786	0.13094962	0.00765	-0.03508103	-0.0005938702	0.031838726	53.689495	-357.80618	2.229876	-359.16122	2.1879086	46.0	7112.9946
47	3840000	1.5	0.014992981	-30.929403	0.13329884	-371.74286	1219.0	1.5425781	0.36173582	3.414877e-05	149.0	-0.001890037	16.80271	0.12738003	0.0011164871	0.12780488	0.01545	-0.035207894	0.00029017698	0.03315517	57.245075	-358.30457	2.4003701	-360.47757	2.4019132	47.0	7276.497
48	3920000	1.5	0.014994055	-30.350443	0.13348843	-372.24698	1219.0	1.6267363	0.37144828	3.8653136e-05	149.0	-0.00028288577	16.811577	0.13406828	0.00063633913	0.1297245	0.0109125	-0.006051016	7.991409e-06	0.03688462	56.84082	-358.05035	2.3682375	-360.13675	2.3670835	48.0	7440.189
49	4000000	1.5	0.014994966	-30.1559	0.14081372	-372.19937	1219.0	1.6310409	0.39370877	3.8986782e-05	149.0	-0.0019260237	16.812082	0.13476136	0.000417613	0.124584205	0.0060125	-0.034994937	-1.2700176e-05	0.035622176	61.70235	-357.80682	2.2572641	-361.26093	2.388332	49.0	7603.6436
50	4080000	1.5	0.01499574	-30.64577	0.1414271	-371.77338	1219.0	1.5479481	0.36402008	4.6049983e-05	149.0	-0.0036384445	16.803911	0.12831049	0.0008978058	0.11641526	0.0066	-0.06530528	-0.00034660977	0.033601955	57.538673	-357.20322	2.1637983	-357.66794	2.1224957	50.0	7767.654
51	4160000	1.5	0.0149963945	-30.321556	0.13562502	-371.53485	1219.0	1.5170404	0.3978823	4.8439077e-05	149.0	-0.0029220283	16.801443	0.12496943	0.0006184831	0.105636954	0.0033625	-0.05229041	-0.00041130141	0.03110563	58.092827	-356.8431	2.2258554	-358.45694	2.1881375	51.0	7930.833
52	4240000	1.5	0.014996949	-30.937075	0.13253237	-371.1374	1219.0	1.5729758	0.3904114	3.563917e-05	149.0	-0.001141372	16.80656	0.1290537	0.0020104107	0.07385886	0.0176375	-0.021466248	-0.0012138509	0.03317199	59.172325	-357.67926	2.269658	-360.05975	2.2103264	52.0	8094.245
53	4320000	1.5	0.014997421	-30.588957	0.13558534	-370.59222	1219.0	1.5718824	0.36648577	3.203634e-05	149.0	-0.0018452108	16.806541	0.12965003	0.0018065638	0.04849946	0.014525	-0.03394458	-0.00085737533	0.033429466	66.39288	-357.1371	2.2585933	-358.69876	2.251461	53.0	8257.594
54	4400000	1.5	0.014997812	-30.559397	0.1361852	-370.302	1219.0	1.5739331	0.38223106	3.3942873e-05	149.0	-0.0019334326	16.80698	0.12995274	0.0053594084	0.04508269	0.0639125	-0.037588652	0.003419309	0.033623066	69.70805	-359.79367	2.6864274	-361.8617	2.598001	54.0	8421.043
55	4480000	1.5	0.014998151	-28.42747	0.13129108	-373.29044	1219.0	1.9436413	0.34048635	4.4010587e-05	149.0	0.006329053	16.844912	0.15958796	0.0017523732	0.01660192	0.016425	0.11153815	-0.0008000787	0.05293337	93.73963	-360.30096	2.7218757	-362.64825	2.6703	55.0	8584.367
56	4560000	1.5	0.014998434	-30.929482	0.161109	-372.44778	1219.0	1.9487715	0.34285837	3.5850382e-05	149.0	-0.00056457665	16.846327	0.1608114	0.00049190247	0.013239026	0.0024375	-0.01030722	-0.0002908638	0.048324414	91.14345	-360.64145	2.6680262	-362.41724	2.6552742	56.0	8747.559
57	4640000	1.5	0.0149986725	-30.536053	0.16239715	-372.16312	1219.0	1.9034647	0.34366012	4.64706e-05	149.0	-0.0017154954	16.842976	0.1573946	0.0017280222	-0.008660436	0.0166125	-0.031777106	-0.0003983528	0.046411633	93.26135	-361.88904	2.6804686	-363.9884	2.7682066	57.0	8910.757
58	4720000	1.5	0.014998881	-30.54523	0.15920535	-371.47916	1219.0	1.910604	0.3389884	3.8986025e-05	149.0	-0.0008113932	16.844885	0.15804794	0.00085656234	0.005423546	0.0070625	-0.015322549	-9.5500756e-05	0.04663939	105.98048	-361.50467	2.8119195	-363.36053	2.822081	58.0	9074.162
59	4800000	1.5	0.014999048	-30.23062	0.15963593	-372.9592	1219.0	2.0026627	0.35999078	3.3018463e-05	149.0	0.0008339173	16.855398	0.16530159	0.0018298292	-0.020281672	0.0155375	0.012872213	0.00016121836	0.050268397	99.94392	-359.76755	2.6234326	-362.59485	2.6597629	59.0	9237.621
60	4880000	1.5	0.014999196	-30.549953	0.16713782	-371.95676	1219.0	1.9115399	0.34757376	3.208223e-05	149.0	-0.0027576122	16.84748	0.15743661	0.00066286	-0.03989327	0.0021875	-0.049910095	-0.00054109126	0.046133984	107.54255	-358.93338	2.6046996	-361.98618	2.6987946	60.0	9400.675
61	4960000	1.5	0.014999316	-31.0661	0.16076204	-370.668	1219.0	1.8676821	0.34265995	3.0056855e-05	149.0	-0.0020155045	16.844315	0.15445139	0.0022193505	-0.07108581	0.0160625	-0.036945943	-0.00053154374	0.044200316	119.9483	-361.02744	2.6994898	-362.6277	2.7060003	61.0	9564.227
62	5040000	1.5	0.014999421	-30.620275	0.15653045	-370.23096	1219.0	1.9218309	0.3393127	2.4197969e-05	149.0	7.189306e-05	16.850744	0.15916887	0.001420037	-0.08785403	0.0142125	0.00036986885	-0.00027180542	0.046726596	137.2943	-359.3934	2.527627	-361.68677	2.590505	62.0	9727.677
63	5120000	1.5	0.01499951	-30.523937	0.16112189	-368.2845	1219.0	1.7653682	0.35322624	2.1154321e-05	149.0	-0.004063921	16.836002	0.14624402	0.008908517	-0.09633052	0.02645	-0.08160486	0.005278721	0.04098013	141.74358	-354.7253	1.8303107	-357.32025	1.8939147	63.0	9891.256
64	5200000	1.5	0.014999585	-29.904604	0.15397625	-363.78738	1219.0	1.2022227	0.39120978	3.1465574e-05	149.0	-0.013209926	16.811192	0.100731745	0.0012111921	-0.10331321	0.013875	-0.23910552	0.0010657434	0.033246063	149.50287	-354.29974	1.6965333	-354.85178	1.6435616	64.0	10054.911
65	5280000	1.5	0.014999655	-30.0769	0.110263675	-362.94894	1219.0	1.0951653	0.39027286	3.275216e-05	149.0	-0.0049354867	16.809927	0.09165568	0.0014365932	-0.13484323	0.010825	-0.08855199	-0.00058520975	0.017706098	156.58328	-354.0397	1.7391974	-355.3105	1.6896362	65.0	10218.669
66	5360000	1.5	0.014999704	-30.010021	0.10017773	-362.7278	1219.0	1.1450174	0.39317495	2.5096884e-05	149.0	-0.0015681959	16.808859	0.09563656	0.0010277875	-0.1658485	0.0078375	-0.028859429	-0.00015634309	0.019068444	163.00108	-354.61688	1.8124046	-354.80695	1.700301	66.0	10383.292
67	5440000	1.5	0.014999748	-30.44941	0.10324309	-362.75284	1219.0	1.1683855	0.39279357	2.454036e-05	149.0	-0.0018481291	16.807785	0.09742138	0.0017575127	-0.19419391	0.0112875	-0.033382256	-0.0004446249	0.019640693	176.18893	-353.37354	1.7245857	-355.34824	1.761054	67.0	10546.906
68	5520000	1.5	0.014999791	-29.70428	0.10441483	-361.51584	1219.0	1.1137185	0.39675155	2.4562014e-05	66.0	-0.0031936255	16.806553	0.09287743	0.015314556	-0.19601259	0.115125	-0.06009182	0.014182445	0.017611446	179.09932	-356.98123	2.149187	-357.954	2.1221242	68.0	10703.657
69	5600000	1.5	0.01499982	-28.81876	0.09592794	-365.50256	1219.0	1.4792095	0.38830224	2.6329315e-05	149.0	0.00590656	16.806784	0.12272528	0.0017333983	-0.22349882	0.0137125	0.10427227	-0.0005393155	0.03447538	188.37787	-355.63913	2.1165438	-357.2234	2.057291	69.0	10868.319
70	5680000	1.5	0.014999851	-30.063234	0.12634523	-365.0091	1219.0	1.4503511	0.39801434	2.1599873e-05	14.0	-0.0018982273	16.806208	0.120224364	0.015559947	-0.2257147	0.12325	-0.036090117	0.015679235	0.02858527	186.60751	-359.2452	2.6041358	-362.24234	2.7945771	70.0	11020.339
71	5760000	1.5	0.014999868	-29.269394	0.118850514	-368.88864	1219.0	1.8595505	0.4249834	2.1202903e-05	149.0	0.0077888086	16.840744	0.15347457	0.0018038544	-0.25438714	0.014375	0.13810383	-0.00024412146	0.04958466	193.32652	-360.13385	2.5859542	-362.09695	2.5257614	71.0	11183.846
72	5840000	1.5	0.014999894	-31.020472	0.15247452	-368.11816	1219.0	1.8313376	0.41792965	2.3971943e-05	149.0	-0.00072648627	16.838472	0.15128353	0.0018078083	-0.28227088	0.0144375	-0.014794658	0.0005066602	0.042098798	200.76286	-361.07385	2.543161	-363.66016	2.6575205	72.0	11347.321
73	5920000	1.5	0.01499991	-30.663809	0.15052123	-367.6259	1219.0	1.8017018	0.44422668	2.3087992e-05	149.0	-0.0008162766	16.836378	0.14902787	0.0033313164	-0.31753084	0.0298125	-0.019160975	0.0018595257	0.041050304	201.25693	-361.2327	2.7747123	-362.81577	2.739446	73.0	11510.953
74	6000000	1.5	0.014999923	-30.50531	0.14694048	-368.96063	1219.0	1.9981565	0.42723447	2.1028562e-05	149.0	0.003816014	16.85732	0.16492468	0.0007592992	-0.31064776	0.0038875	0.067531	-0.00018786473	0.049572624	202.20427	-363.06134	2.8705547	-365.6169	2.9748323	74.0	11674.913
75	6080000	1.5	0.014999928	-30.751053	0.16285603	-369.46365	1219.0	2.0668783	0.4192234	2.146616e-05	149.0	0.001373829	16.86557	0.17060135	0.0006940973	-0.3237915	0.0064625	0.023746977	-0.00019816385	0.050890386	201.70926	-361.6477	2.7922344	-362.38998	2.7363727	75.0	11838.736
76	6160000	1.5	0.014999942	-30.744091	0.16911855	-368.9961	1219.0	2.0017016	0.42022	3.4135333e-05	10.0	-0.0013743895	16.860498	0.1653448	0.017447745	-0.3237791	0.1249625	-0.029217456	0.015852468	0.04806992	198.32236	-365.8429	3.4855628	-366.7973	3.4753268	76.0	11990.649
77	6240000	1.5	0.014999954	-30.076809	0.158389	-372.48056	1219.0	2.3856442	0.43341225	2.6233087e-05	149.0	0.008596935	16.901237	0.19657531	0.002079867	-0.33196115	0.019525	0.14813676	0.0026071412	0.06924104	207.37822	-364.4553	3.3119388	-367.2052	3.4104106	77.0	12154.433
78	6320000	1.5	0.014999957	-30.65877	0.19544068	-371.25714	1219.0	2.2305582	0.45026237	2.7618677e-05	149.0	-0.003186516	16.887676	0.18416044	0.0017683567	-0.36673075	0.015975	-0.058192052	-4.3269265e-05	0.057270326	206.46692	-363.8384	3.157589	-365.72998	3.2259321	78.0	12318.292
79	6400000	1.5	0.01499997	-31.2523	0.18140803	-370.50333	1219.0	2.111556	0.45285636	2.437898e-05	149.0	-0.002150631	16.877695	0.17451642	0.001037224	-0.35729676	0.0153	-0.040554695	0.0005830024	0.052253596	212.59743	-362.66312	3.0193624	-364.02405	2.979983	79.0	12485.394
80	6480000	1.5	0.014999973	-30.728697	0.17293453	-369.76605	1219.0	1.9914469	0.50227493	2.4259622e-05	149.0	-0.002457576	16.86725	0.16477756	0.00084860536	-0.3608561	0.0099125	-0.04573362	-5.1552342e-05	0.047385354	208.66612	-364.74216	3.1643004	-365.73447	3.1756282	80.0	12649.559
81	6560000	1.5	0.014999973	-30.42975	0.16497512	-370.461	1219.0	2.038529	0.44850272	2.5739835e-05	149.0	0.00034050955	16.873457	0.16858682	0.0025672065	-0.39232272	0.0315375	0.003310795	0.00019691543	0.04808576	214.20544	-366.4654	3.148864	-366.15298	3.1244051	81.0	12813.371
82	6640000	1.5	0.014999983	-31.136074	0.1671684	-370.00626	1219.0	2.0553694	0.48420984	3.2352727e-05	149.0	0.00014288884	16.876661	0.16994736	0.0033515242	-0.42898646	0.031775	0.0014463732	0.00065986754	0.048990343	224.3904	-366.66666	2.9394498	-365.66467	2.9222906	82.0	12977.208
83	6720000	1.5	0.014999985	-31.05811	0.171788	-369.44366	1219.0	1.9531657	0.5047637	2.4853283e-05	95.0	-0.0029213596	16.867846	0.16170107	0.017159196	-0.4456601	0.1232125	-0.054353643	0.015750816	0.04560188	232.03767	-371.19772	3.5900185	-369.42517	3.5580153	83.0	13136.786
84	6800000	1.5	0.014999987	-30.44124	0.15831095	-372.55588	1219.0	2.3631284	0.4965805	2.5761012e-05	149.0	0.008200034	16.911108	0.19497657	0.003207775	-0.43512774	0.0472625	0.1458653	0.0022425533	0.066605635	238.68767	-369.15344	3.1983798	-368.69574	3.2340605	84.0	13301.042
85	6880000	1.5	0.014999988	-31.24095	0.1953116	-370.93442	1219.0	2.1668427	0.49707252	2.2919075e-05	101.0	-0.0043773376	16.893272	0.1791406	0.015079994	-0.43697694	0.1247125	-0.078126095	0.013184287	0.054451503	234.5765	-365.43942	2.6786592	-365.94315	2.7764914	85.0	13460.947
86	6960000	1.5	0.014999988	-31.289024	0.18337637	-367.907	1219.0	1.8194731	0.50227994	2.279197e-05	149.0	-0.008254334	16.85994	0.15089868	0.0011501468	-0.4493985	0.0094875	-0.14850768	8.312945e-05	0.0444883	231.7509	-365.22986	2.6934457	-364.7984	2.7224224	86.0	13625.208
87	7040000	1.5	0.014999988	-30.64335	0.15222584	-368.2744	1219.0	1.8430701	0.5123609	3.080152e-05	149.0	-0.0004127516	16.863232	0.15267056	0.001046394	-0.42877436	0.0118125	-0.009469521	0.0007045674	0.04101425	236.04155	-366.32465	2.8479536	-366.8713	2.8763397	87.0	13789.584
88	7120000	1.5	0.014999988	-30.566479	0.15385315	-368.7221	1219.0	1.9133503	0.55291355	3.30968e-05	135.0	0.000562596	16.871351	0.15837778	0.01712521	-0.43626645	0.060675	-0.0079649	0.013122847	0.043126434	234.4285	-360.5531	1.987198	-359.90698	2.000691	88.0	13952.157
89	7200000	1.5	0.014999988	-30.779257	0.1646111	-366.28955	1219.0	1.6563667	0.54781544	2.3940403e-05	149.0	-0.0069652903	16.846367	0.13744454	0.002354438	-0.47279269	0.0218125	-0.12562779	-7.135214e-05	0.038399853	228.91315	-360.99057	2.0432653	-360.43604	2.0185075	89.0	14123.916
90	7280000	1.5	0.014999999	-30.51499	0.13991714	-363.7437	1219.0	1.2948891	0.59463835	2.755783e-05	149.0	-0.008088638	16.832567	0.10796358	0.0004913227	-0.48931792	0.001775	-0.14463696	-0.0002735706	0.026044732	236.3393	-361.21835	2.1055298	-361.38058	2.1057594	90.0	14287.758
91	7360000	1.5	0.014999999	-30.237293	0.11117256	-364.24396	1219.0	1.3613466	0.60091174	3.256672e-05	149.0	1.5482186e-05	16.832153	0.11318164	0.0031641128	-0.51986307	0.0434625	-0.0006501983	0.002516304	0.024277225	236.06027	-362.5453	2.2583683	-362.85443	2.3527148	91.0	14451.793
92	7440000	1.5	0.014999999	-30.308456	0.11574225	-364.9451	1219.0	1.4518813	0.57928663	2.5031903e-05	149.0	0.0006742481	16.831968	0.120434396	0.0027661305	-0.54618365	0.034525	0.012150683	0.00017038136	0.02687351	242.012	-361.8323	2.131979	-361.54538	2.0336049	92.0	14616.631
93	7520000	1.5	0.014999999	-30.516865	0.12245788	-364.20978	1219.0	1.366193	0.60275	2.7630787e-05	33.0	-0.0025837882	16.831415	0.113394424	0.015479845	-0.54716784	0.1286875	-0.046802416	0.013375574	0.024096124	244.26947	-358.64023	1.7569695	-358.22195	1.739343	93.0	14771.213
94	7600000	1.5	0.014999999	-30.488747	0.11634563	-360.94012	1219.0	1.0806248	0.6162343	3.565579e-05	149.0	-0.0066494937	16.830109	0.09012511	0.001432226	-0.55617434	0.017625	-0.11893828	0.0001495924	0.018438077	236.1806	-359.5073	1.8454783	-358.3325	1.8581483	94.0	14935.737
95	7680000	1.5	0.014999999	-29.906357	0.09305012	-361.8468	1219.0	1.1626081	0.6745218	2.6767055e-05	2.0	0.0004607359	16.829124	0.09664706	0.017426359	-0.5563464	0.132175	0.005220543	0.017460784	0.017992197	234.81454	-363.02322	2.28099	-362.96753	2.281858	95.0	15088.027
96	7760000	1.5	0.014999999	-29.704779	0.09755381	-366.00882	1219.0	1.5601351	0.6459599	2.363621e-05	17.0	0.0070624533	16.833195	0.12884903	0.016433181	-0.55837727	0.133825	0.12635206	0.014199175	0.03423713	239.9704	-359.73685	1.8619117	-358.42828	1.808863	96.0	15243.415
97	7840000	1.5	0.014999999	-30.514294	0.13043812	-361.84717	1219.0	1.167222	0.73784286	3.071e-05	149.0	-0.008335998	16.828102	0.096998885	0.0017756415	-0.5624847	0.0264	-0.14927134	0.0006329007	0.023226235	232.37148	-359.83768	1.9035556	-359.1596	1.9290333	97.0	15408.484
98	7920000	1.5	0.014999999	-29.893753	0.09807996	-362.77206	1219.0	1.2483889	0.72490567	3.1789423e-05	149.0	0.0009131065	16.82737	0.10349298	0.0011513593	-0.58071274	0.014175	0.015567077	0.00048067202	0.020426484	227.0343	-360.4225	1.9894844	-360.39923	1.9909886	98.0	15573.422
99	8000000	1.5	0.014999999	-29.995018	0.10231182	-372.14166	1219.0	2.3580215	0.7382556	3.9613205e-05	149.0	0.021349832	16.91308	0.19362381	0.0020918595	-0.6082569	0.0162375	0.38108334	0.00011080246	0.09417978	237.45634	-359.86874	1.9277036	-359.506	1.9377041	99.0	15737.816
100	8080000	1.5	0.014999999	-30.334984	0.19330223	-367.93652	1219.0	1.8806537	0.7401537	2.7662614e-05	67.0	-0.009473231	16.866028	0.15519352	0.015425651	-0.609765	0.11325	-0.17991628	0.013959125	0.04829953	231.20908	-356.45004	1.5209049	-355.8355	1.4847331	100.0	15915.4
101	8160000	1.5	0.014999999	-30.26907	0.15708321	-358.89682	1219.0	0.9417771	0.7577485	2.9875013e-05	5.0	-0.019010963	16.829096	0.07889811	0.019022763	-0.61011213	0.11525	-0.35016444	0.017587451	0.036808103	219.3184	-360.78885	1.9575719	-360.10248	1.9210277	101.0	16068.033
102	8240000	1.5	0.014999999	-28.987394	0.07981419	-363.4597	1219.0	1.291663	0.8253797	3.1773783e-05	149.0	0.006101071	16.828758	0.10715143	0.0011774123	-0.6396221	0.0078875	0.10764988	0.0002571672	0.024460569	221.3402	-360.40112	1.9232094	-360.252	1.8884618	102.0	16237.936
103	8320000	1.5	0.014999999	-29.565119	0.10905005	-364.43146	1219.0	1.3966197	0.8278475	3.0589596e-05	149.0	0.0011774322	16.828142	0.11565919	0.0018667688	-0.6188713	0.0181625	0.019973962	0.00036328583	0.024629964	220.1766	-360.0635	1.8789817	-360.192	1.955831	103.0	16412.572
104	8400000	1.5	0.014999999	-28.994905	0.11658533	-363.4833	1219.0	1.3269844	0.82611257	2.6910657e-05	149.0	-0.0019664187	16.82746	0.10991283	0.0015570653	-0.6317249	0.0122375	-0.03469818	0.0005126434	0.02217235	214.5031	-361.4738	2.051294	-359.67145	1.9934164	104.0	16591.127
105	8480000	1.5	0.014999999	-29.060375	0.11047384	-367.45688	1219.0	1.7774533	0.91712093	3.6654965e-05	149.0	0.008187579	16.853708	0.14645647	0.0023929602	-0.6367064	0.0341875	0.14578553	0.0012479952	0.042677283	217.95668	-359.57565	1.8062457	-359.7107	1.8080848	105.0	16791.371
106	8560000	1.5	0.014999999	-29.597712	0.1446932	-363.1824	1219.0	1.2604558	0.90823805	2.9588366e-05	11.0	-0.009924907	16.827435	0.10454536	0.02604129	-0.6371275	0.140275	-0.18100594	0.022460904	0.026417127	212.35843	-355.23804	1.3745975	-354.35034	1.3782687	106.0	16956.432
107	8640000	1.5	0.014999999	-29.406925	0.10405699	-359.925	1219.0	1.0488038	0.91893035	3.9471266e-05	22.0	-0.004359392	16.826033	0.08732696	0.015726415	-0.6375099	0.122	-0.07802212	0.013529584	0.015003125	202.45369	-352.01202	1.0936495	-351.75543	1.0612613	107.0	17124.488
108	8720000	1.5	0.014999999	-29.124172	0.08906436	-357.04865	1219.0	0.8865873	0.9270563	3.1114272e-05	11.0	-0.003939915	16.82415	0.073937796	0.02265903	-0.6377892	0.14425	-0.07014042	0.019215697	0.00826003	194.90726	-348.6943	0.8876478	-347.12814	0.8412936	108.0	17288.305
109	8800000	1.5	0.014999999	-29.343306	0.07534156	-354.41022	1219.0	0.8479939	0.94158953	3.2049717e-05	149.0	-0.001438089	16.822155	0.07052714	0.004446269	-0.63999885	0.0553875	-0.024871998	0.002148535	0.0046499884	190.59496	-347.7847	0.86721355	-345.6574	0.87515694	109.0	17472.918
110	8880000	1.5	0.014999999	-28.533184	0.07273225	-352.90903	1219.0	0.84371847	1.0206182	3.7519676e-05	149.0	-0.00091548165	16.820148	0.06991713	0.0018169441	-0.65073115	0.0181125	-0.016944652	0.00075131265	0.0033840225	184.70824	-348.09412	0.89970946	-348.15765	0.90981084	110.0	17655.516
111	8960000	1.5	0.014999999	-28.51798	0.0722	-351.9676	1219.0	0.8371222	1.004694	3.8086757e-05	149.0	-0.00092941034	16.818121	0.06916339	0.0012488266	-0.6742049	0.0056125	-0.016655125	-0.00024085098	0.0027900757	183.94957	-349.12885	0.9487749	-348.25055	0.9303003	111.0	17825.03
112	9040000	1.5	0.014999999	-28.798721	0.07047903	-352.62607	1219.0	0.8292123	1.0027881	3.5739846e-05	100.0	-0.0006821278	16.81607	0.0683668	0.020944118	-0.6862077	0.1412875	-0.013146617	0.018309759	0.002652458	185.6231	-352.11462	1.1965592	-352.44928	1.2160808	112.0	17987.037
113	9120000	1.5	0.014999999	-27.900688	0.07053979	-356.03964	1219.0	0.845644	1.0428221	3.2736443e-05	77.0	-0.0003841812	16.814085	0.06961771	0.019924594	-0.6956173	0.1424375	-0.0065767183	0.016270334	0.0058407085	190.42012	-349.6387	0.9826465	-349.81293	0.98691297	113.0	18151.836
114	9200000	1.5	0.014999999	-29.1456	0.06735	-353.89752	1219.0	0.8280197	1.2737032	4.8558933e-05	149.0	3.8955695e-05	16.812016	0.06827308	0.0014233595	-0.7190958	0.0133125	0.0001881666	0.0006834366	0.003387878	188.57747	-350.73767	1.0606896	-349.3395	1.0514785	114.0	18321.318
115	9280000	1.5	0.014999999	-28.457693	0.068546236	-357.98373	1219.0	0.9438267	1.1751046	4.454642e-05	149.0	0.0019873746	16.81042	0.07763467	0.0005982081	-0.7169672	0.0014375	0.03523579	-0.00038117528	0.009893947	193.25865	-350.09232	0.9980732	-349.26596	0.9953051	115.0	18499.883
116	9360000	1.5	0.014999999	-28.478682	0.07566152	-363.6549	1219.0	1.3620256	1.2712278	5.1766197e-05	105.0	0.008375418	16.810242	0.111685336	0.016282381	-0.7240232	0.1313875	0.14753003	0.0145067535	0.025815137	202.30974	-347.05298	0.87522477	-346.2721	0.8621445	116.0	18669.64
117	9440000	1.5	0.014999999	-29.198112	0.107249096	-361.3133	1219.0	1.1535653	1.2245907	3.747984e-05	149.0	-0.003156267	16.808739	0.094901696	0.0007853298	-0.7056986	0.005475	-0.05668754	-0.0003581332	0.01581501	201.2718	-346.6679	0.86422783	-345.5099	0.8304558	117.0	18858.543
118	9520000	1.5	0.014999999	-27.834705	0.10077925	-358.38885	1219.0	0.9979713	1.2076766	3.5316996e-05	149.0	-0.0037301613	16.807186	0.08686308	0.0022004757	-0.71210855	0.02965	-0.06681706	0.000948466	0.011444865	190.6788	-346.54126	0.88386816	-345.07452	0.86385435	118.0	19041.904
119	9600000	1.5	0.014999999	-28.41906	0.08807621	-353.63586	1219.0	0.85097295	1.2336253	4.6716057e-05	149.0	-0.0039704177	16.8052	0.07381488	0.0008044997	-0.70482194	0.0085125	-0.0710408	-3.6612128e-05	0.00462627	183.61786	-346.2227	0.899694	-345.0402	0.8673578	119.0	19238.139
120	9680000	1.5	0.014999999	-28.260456	0.07441787	-357.38992	1219.0	0.96956456	1.2112339	5.0450304e-05	149.0	0.0019674415	16.803682	0.08434705	0.010249689	-0.72019994	0.10175	0.03427179	0.0089353975	0.00996224	187.44948	-347.64117	0.97314334	-347.82794	1.013399	120.0	19441.998
121	9760000	1.5	0.014999999	-28.089085	0.08622758	-357.25323	1219.0	0.9530485	1.3349888	3.866429e-05	149.0	-0.0010935218	16.801882	0.08418628	0.00028099434	-0.7199425	0.0015125	-0.019876035	-0.00028375624	0.009737887	187.89708	-346.04443	0.9596303	-345.44788	0.98797053	121.0	19648.021
122	9840000	1.5	0.014999999	-28.820591	0.08260742	-351.48062	1219.0	0.8480957	1.3933122	3.9499642e-05	149.0	-0.0029147908	16.799887	0.07316291	0.002301643	-0.72470987	0.027475	-0.052631605	0.0019644084	0.002927772	184.55283	-346.60986	1.0129336	-344.28674	0.9590332	122.0	19822.443
123	9920000	1.5	0.014999999	-28.032621	0.07380487	-361.67746	1219.0	1.2408863	1.4111617	4.637703e-05	89.0	0.0078685	16.79944	0.108234525	0.020246262	-0.72485507	0.1412	0.13717385	0.018574193	0.021311045	196.60545	-343.8646	0.96707094	-343.82986	0.9841625	123.0	20019.584
124	10000000	1.5	0.014999999	-28.751993	0.1051739	-359.78827	1219.0	1.0500613	1.5268619	3.7209305e-05	50.0	-0.0031874643	16.797657	0.094978824	0.015039583	-0.7199389	0.1281875	-0.05760481	0.013458432	0.01337151	193.07753	-341.5401	0.997019	-340.44647	0.9744835	124.0	20191.287
125	10080000	1.5	0.014999999	-28.754257	0.091941066	-357.76196	1219.0	0.9363337	1.4328053	3.2979082e-05	27.0	-0.0024047282	16.795923	0.08541458	0.015756976	-0.7181321	0.1275375	-0.04429315	0.01402952	0.009165439	188.9094	-339.1236	1.1078773	-340.4038	1.1357743	125.0	20369.887
126	10160000	1.5	0.014999999	-28.720757	0.08151624	-356.22742	1219.0	0.8741835	1.5886275	3.664791e-05	149.0	-0.0013920016	16.794006	0.078940354	0.0009792842	-0.7277575	0.0063125	-0.02531923	-0.00030025482	0.005826179	185.73738	-339.3028	1.0549449	-338.96985	1.0181415	126.0	20562.457
127	10240000	1.5	0.014999999	-28.30684	0.07862109	-355.7727	1219.0	0.8750587	1.6585524	3.8930208e-05	149.0	-0.0007101849	16.792091	0.0782375	0.0002830971	-0.7332646	0.0015875	-0.013004339	-6.1699866e-05	0.0056010955	184.83446	-339.3924	1.1085906	-339.6766	1.1061856	127.0	20750.9
128	10320000	1.5	0.014999999	-28.24609	0.077894546	-356.56918	1219.0	0.8836813	1.5504469	3.2943382e-05	149.0	-0.00028657704	16.790209	0.079222366	0.000298061	-0.7365809	0.0016875	-0.005256907	-0.00024891394	0.005866608	184.75072	-339.4562	1.1579859	-338.2622	1.117458	128.0	20942.111
129	10400000	1.5	0.014999999	-28.569496	0.07901931	-356.7718	1219.0	0.90578437	1.5499343	3.51009e-05	149.0	-3.4919583e-05	16.788399	0.081412904	0.0024655648	-0.7420369	0.035275	-0.001701041	0.0026940294	0.006257046	185.5226	-339.8994	1.1406854	-338.56247	1.1123568	129.0	21132.414
130	10480000	1.5	0.014999999	-28.28173	0.08134172	-357.21362	1219.0	0.9157704	1.5713414	3.3157463e-05	149.0	-0.00024346648	16.786592	0.082858376	0.00076793623	-0.7620466	0.0057125	-0.0045096637	-0.00044700195	0.0067541604	182.9098	-340.085	1.0878817	-339.98935	1.1024747	130.0	21325.787
131	10560000	1.5	0.014999999	-28.486652	0.081870005	-357.36655	1219.0	0.9351461	1.7058395	3.32617e-05	149.0	0.0001542973	16.784866	0.08533642	0.0019308176	-0.7642305	0.0282	0.002509812	0.0008938475	0.0073966607	183.7238	-340.7791	1.0815707	-338.8486	1.045417	131.0	21519.95
132	10640000	1.5	0.014999999	-28.35844	0.08673358	-357.43698	1219.0	0.95274186	1.6796843	3.2012696e-05	149.0	-0.00047422975	16.783178	0.08778519	0.0007656994	-0.77470946	0.0081375	-0.008678788	0.0001391758	0.008023669	181.1866	-340.24948	1.091265	-338.74896	1.0207628	132.0	21719.938
133	10720000	1.5	0.014999999	-28.352146	0.08793278	-358.01996	1219.0	0.959507	1.7385801	3.1712156e-05	149.0	-0.0005142785	16.781502	0.08885653	0.00096789835	-0.75325894	0.00885	-0.009862101	0.000112616726	0.008259198	184.206	-340.93643	1.0688071	-341.2547	1.1084003	133.0	21918.133
134	10800000	1.5	0.014999999	-27.961369	0.09030065	-358.52182	1219.0	0.9589168	1.8946728	3.3974673e-05	129.0	-0.00088547764	16.779829	0.08950111	0.015120191	-0.7798186	0.1218375	-0.017767295	0.0130943265	0.00863329	180.95872	-338.61227	1.1626236	-338.31958	1.1678821	134.0	22124.592
135	10880000	1.5	0.014999999	-29.324596	0.08405302	-356.15173	1219.0	0.9135641	1.8729608	3.3677396e-05	33.0	-0.0006461565	16.778028	0.084287	0.01793595	-0.77628064	0.1313875	-0.01141061	0.014230857	0.0056011137	178.036	-336.28406	1.4042058	-335.41064	1.329012	135.0	22356.523
136	10960000	1.5	0.014999999	-28.834557	0.07673191	-354.22064	1219.0	0.9123331	1.7948246	2.9061275e-05	19.0	0.0005722122	16.776224	0.081644975	0.030400082	-0.77629256	0.160675	0.007878244	0.025898691	0.0038426411	171.65355	-339.26935	1.1114557	-338.81705	1.064238	136.0	22543.316
137	11040000	1.5	0.014999999	-27.9113	0.08859909	-356.51523	1219.0	0.92480093	1.9040363	2.99157e-05	123.0	-0.0013894433	16.774471	0.08447149	0.016813198	-0.8110513	0.1303	-0.025023928	0.0131204575	0.006081145	173.40628	-337.1743	1.212129	-336.85223	1.131913	137.0	22759.855
138	11120000	1.5	0.014999999	-29.660847	0.07970147	-352.51477	1219.0	0.9631789	1.7710292	3.0194995e-05	149.0	0.00070865994	16.772842	0.085290976	0.009748018	-0.81059927	0.091475	0.011320049	0.009417971	0.0042982316	158.63184	-338.37585	1.1222398	-337.69916	1.1629074	138.0	22985.379
139	11200000	1.5	0.014999999	-28.5222	0.08656248	-354.48547	1219.0	0.93140274	1.8297138	2.8009652e-05	149.0	-0.0011763448	16.771057	0.0832837	0.00067877816	-0.8080855	0.0034375	-0.021475056	-0.000379854	0.0044263755	156.0913	-339.59692	1.027511	-338.57422	1.0199813	139.0	23178.686
140	11280000	1.5	0.014999999	-28.98689	0.083265916	-355.77158	1219.0	0.9210404	2.104217	3.091744e-05	130.0	-0.00016609007	16.769278	0.08444023	0.018609881	-0.8325194	0.140775	-0.0038284946	0.017574044	0.005367104	161.3669	-337.34506	1.1345546	-336.94183	1.1035973	140.0	23390.17
141	11360000	1.5	0.014999999	-29.910282	0.078029886	-354.10233	1219.0	0.9339434	2.153403	2.7978842e-05	9.0	0.00091805385	16.767551	0.08408039	0.01584858	-0.83526325	0.122125	0.015812617	0.013490519	0.004067895	161.50862	-335.2943	1.2963074	-335.43738	1.2516984	141.0	23595.75
142	11440000	1.5	0.014999999	-29.646107	0.07769242	-353.04004	1219.0	0.97454727	2.0409694	2.808515e-05	100.0	0.0013722548	16.765957	0.08528126	0.015957667	-0.84323215	0.1286625	0.02483586	0.015225807	0.003459322	159.50826	-333.50253	1.512269	-332.76694	1.5291702	142.0	23802.332
143	11520000	1.5	0.014999999	-29.348125	0.080339216	-351.1741	1219.0	1.0563459	2.1103005	2.9999592e-05	31.0	0.0016537303	16.764624	0.089299485	0.017732486	-0.8591985	0.13135	0.030497763	0.01626854	0.0038671566	147.86555	-331.4924	1.955732	-331.3198	1.9592947	143.0	24007.58
144	11600000	1.5	0.014999999	-29.76336	0.08375421	-348.8708	1219.0	1.2483861	2.5447378	4.3408123e-05	44.0	0.004349019	16.76392	0.10424703	0.015990775	-0.89103496	0.1353875	0.07873456	0.01357343	0.006742302	146.76227	-329.44824	2.5824835	-329.11685	2.6101747	144.0	24202.43
145	11680000	1.5	0.014999999	-29.653994	0.100495264	-347.83182	1219.0	1.4602562	2.2821891	3.824734e-05	57.0	0.0045821997	16.763762	0.12270951	0.016647065	-0.8949843	0.1209	0.080209754	0.014679182	0.009016083	142.70486	-327.03534	3.2000313	-326.86615	3.3554602	145.0	24383.307
146	11760000	1.5	0.014999999	-28.735828	0.119173415	-345.86307	1219.0	1.8150294	2.1419551	3.7454145e-05	47.0	0.007053285	16.793583	0.1529087	0.015341237	-0.89553934	0.1182625	0.12536764	0.014805074	0.017935736	134.99127	-324.8774	3.8854706	-325.51865	3.7406516	146.0	24574.682
147	11840000	1.5	0.014999999	-28.861338	0.14857776	-344.11722	1219.0	2.0265923	2.35247	4.3084256e-05	98.0	0.0042148908	16.815882	0.17094249	0.021917386	-0.90256983	0.13955	0.07361297	0.019092385	0.017242773	131.64058	-322.89114	4.807504	-324.15994	4.3249855	147.0	24779.588
148	11920000	1.5	0.014999999	-28.9799	0.1671974	-342.37384	1219.0	2.786327	2.0559232	3.420309e-05	10.0	0.014547134	16.895063	0.23382568	0.02884177	-0.9020539	0.1488375	0.25512385	0.02579447	0.04138211	128.11948	-325.91565	3.660889	-325.74472	3.4149168	148.0	24961.191
149	12000000	1.5	0.014999999	-27.28522	0.24108359	-345.09195	1219.0	2.0065048	2.2107453	3.8597344e-05	54.0	-0.018004019	16.818783	0.17235158	0.020040644	-0.93399054	0.1345125	-0.31969228	0.01669772	0.0281291	136.2637	-328.2103	2.766324	-328.71292	2.453058	149.0	25163.463
