Epoch	TotalEnvInteracts	worker/CostLimit	worker/noise	learner/VVals	learner/CostVVals	worker/EpRet	worker/EpLen	worker/EpCost	learner/LossQ	learner/LossQC	learner/StopIter	learner/LossPi	learner/Lagrangian	learner/QcRet	learner/KL	learner/Entropy	learner/ClipFrac	learner/LossQcPenalty	learner/LossVallina	learner/LossKLAdv	learner/LossVC	learner/LossV	Eval/NaturalReward	Eval/NaturalCost	Eval/AdvUniformReward	Eval/AdvUniformCost	worker/Epoch	worker/Time
0	80000	1.5	0.0	0.0059754183	-0.11591515	-1720.3665	1219.0	463.84384	1.7240055	0.0058838516	5.0	9.376032	47.78236	36.378914	0.022065716	0.92144483	0.3135375	456.6424	-0.0040654554	7.443681e-06	1382.9072	17557.94	-1485.4779	462.16232	-1485.454	462.15405	0.0	46.123466
1	160000	1.5	0.0	-72.43779	38.98268	-1515.4807	1219.0	458.3432	0.91786593	0.0010365143	55.0	-0.06979065	48.13648	38.915894	0.015807847	0.94258964	0.2012625	-3.4798598	0.024516242	6.023093e-07	16.071339	2685.0608	-1664.5988	465.38132	-1664.6074	465.38684	1.0	101.51351
2	240000	1.5	0.0023027735	-115.82859	38.852074	-1688.7675	1219.0	462.4634	1.0564543	0.00040000537	8.0	0.060481906	49.918175	39.33595	0.018671207	0.94267756	0.27025	3.000875	-0.0027302909	9.199853e-06	4.9825	816.7635	-1464.4119	459.79736	-1464.3785	459.80048	2.0	147.3297
3	320000	1.5	0.004252031	-134.20657	39.21582	-1507.0099	1219.0	456.50452	1.1104356	0.00018858416	4.0	-0.12834428	50.690506	39.098232	0.016474744	0.94105333	0.25435	-6.7608414	-0.007409281	1.9281872e-05	3.289576	336.85406	-1276.8348	452.69165	-1276.678	452.69058	3.0	192.45337
4	400000	1.5	0.0059020403	-122.39889	39.021004	-1328.2709	1219.0	448.60678	1.0109708	0.00016840771	4.0	-0.22935228	51.236305	38.610626	0.020760154	0.93937296	0.3262125	-12.167617	-0.007189906	2.2627873e-05	4.869866	343.67526	-1055.6442	439.71667	-1055.5233	439.69788	4.0	237.61156
5	480000	1.5	0.0072987443	-108.11607	38.495	-1143.3203	1219.0	436.64413	0.983003	0.00017789341	4.0	-0.34131894	51.342308	37.731747	0.022866016	0.9377709	0.3460375	-18.109053	-0.007975114	2.6439613e-05	8.19964	343.313	-824.50116	414.64792	-824.54144	414.71738	5.0	282.71704
6	560000	1.5	0.008481027	-92.702866	37.502632	-961.2667	1219.0	417.98828	0.876362	0.00016522151	4.0	-0.48336652	50.722965	36.26982	0.020615926	0.9358941	0.3203625	-25.28217	-0.010922659	3.0095262e-05	13.966283	317.9335	-619.5039	368.50296	-619.5151	368.46747	6.0	327.90582
7	640000	1.5	0.009481809	-77.4988	35.892467	-806.82947	1219.0	393.4856	0.78484184	0.00018777062	5.0	-0.59095156	49.44696	34.249073	0.021609766	0.9330005	0.3331125	-30.199482	-0.011494949	2.1163434e-05	19.422243	234.25383	-447.41318	218.13805	-447.3609	218.17744	7.0	373.2826
8	720000	1.5	0.010328949	-64.50892	33.362476	-666.0564	1219.0	355.63455	0.6782777	0.00022360086	7.0	-0.74506974	46.694572	31.084454	0.01777117	0.9271707	0.26725	-35.86868	-0.014367237	8.28123e-06	26.856918	178.56325	-332.2089	37.17212	-332.14627	37.37738	8.0	419.0041
9	800000	1.5	0.011046043	-52.618664	28.973675	-545.11926	1219.0	288.88513	0.56606734	0.00024056449	67.0	-1.0344268	40.954445	25.409187	0.015027692	0.8657627	0.1655125	-43.84578	-0.017179215	7.521028e-09	33.411995	107.36449	-86.376434	288.5183	-86.65051	288.37595	9.0	477.2196
10	880000	1.5	0.01165305	-41.940346	20.113045	-442.60895	1219.0	160.99785	0.40933937	0.00026777617	149.0	-1.5601126	28.750454	14.192305	0.010385865	0.7693415	0.0835375	-46.50426	-0.008062023	7.378052e-11	45.989594	52.310486	-40.621758	327.89307	-40.73149	328.04266	10.0	552.62067
11	960000	1.5	0.012166867	-35.739944	12.362561	-407.3921	1219.0	120.182045	0.34889263	0.00028325678	149.0	-0.5977459	24.988373	10.079684	0.0074587646	0.68444437	0.0670875	-15.638784	-0.0079902755	8.752863e-12	12.76456	21.46589	-28.708763	338.3495	-28.750769	338.48718	11.0	628.10254
12	1040000	1.5	0.012601807	-32.632034	8.342334	-374.2501	1219.0	88.80383	0.295844	0.0004653818	149.0	-0.30515113	22.144314	7.145592	0.0066843824	0.6033512	0.0620625	-7.107864	-0.0076541794	1.6877081e-12	6.65676	17.717234	-14.547456	335.67828	-14.592922	335.79123	12.0	703.73706
13	1120000	1.5	0.012969971	-29.889057	5.6533604	-342.36975	1219.0	64.877235	0.25896695	0.00052821334	149.0	-0.1138285	19.961775	5.1948633	0.0064852126	0.5241304	0.059625	-2.4313269	-0.006865646	1.7233533e-12	5.8044415	15.37769	-5.961677	332.66632	-6.358422	332.666	13.0	779.5642
14	1200000	1.5	0.0132816145	-27.354797	4.293639	-322.7486	1219.0	50.753437	0.2188046	0.00020444766	149.0	-0.046388138	18.71731	4.0795712	0.006971199	0.44601867	0.0596125	-0.94828284	-0.007746914	4.2585567e-13	3.1883464	10.759741	-4.604369	332.77698	-4.5669403	332.77948	14.0	857.0164
15	1280000	1.5	0.013545423	-25.655165	3.2742422	-300.50403	1219.0	39.66784	0.19572957	8.110694e-05	149.0	0.001339527	17.716799	3.261539	0.0036314793	0.38578844	0.0343375	0.015292096	-0.0068704165	3.0053466e-13	3.922581	10.008176	-3.9078221	332.85126	-3.9169924	332.85007	15.0	935.7117
16	1360000	1.5	0.013768726	-23.985788	2.949495	-283.7928	1219.0	36.402622	0.18987493	4.760403e-05	149.0	0.053476315	17.494606	3.157186	0.0017984096	0.3424198	0.015075	0.9866913	-0.0057258448	3.8754067e-13	3.7358632	8.414347	-3.7736256	332.87476	-3.7888613	332.87073	16.0	1016.02576
17	1440000	1.5	0.013957752	-22.72787	3.100985	-277.1435	1219.0	35.70995	0.17534694	3.947343e-05	149.0	0.04883914	17.540344	3.297583	0.0020330583	0.29970643	0.014075	0.9037914	-0.005735821	1.1926376e-13	3.1674216	6.805961	-3.1899657	332.93723	-3.190771	332.93726	17.0	1091.7888
18	1520000	1.5	0.014117749	-22.071997	3.235481	-263.6386	1219.0	36.61112	0.16399391	2.7490314e-05	149.0	0.09070258	17.720879	3.6103792	0.0015298794	0.26010087	0.0114625	1.697099	-0.0050550993	6.1703043e-14	3.922654	6.7636623	-2.4427214	332.97662	-2.4333098	332.977	18.0	1171.8226
19	1600000	1.5	0.014253196	-21.067322	3.6249652	-255.45247	1219.0	37.82073	0.15738304	1.9681323e-05	149.0	0.08326248	17.945982	3.9695442	0.00109162	0.22387362	0.0084875	1.5777445	-0.0049433196	3.9975666e-14	3.7595565	6.0701513	-1.9569855	332.99515	-1.9558396	332.9952	19.0	1248.472
20	1680000	1.5	0.014367847	-20.461313	4.009466	-250.47275	1219.0	38.96883	0.15195374	1.23432055e-05	149.0	0.07621126	18.169647	4.3269944	0.0014270365	0.18805909	0.00865	1.4616208	-0.0050392165	7.7782437e-13	3.5980043	5.0157924	-3.464991	332.9163	-3.4815114	332.9148	20.0	1327.0176
21	1760000	1.5	0.014464887	-19.980045	4.495284	-240.96666	1219.0	41.95551	0.14408259	1.1674076e-05	149.0	0.081445485	18.586382	4.835705	0.00177653	0.23343565	0.022325	1.5800422	0.0076515335	8.60769e-12	3.9505281	5.2732267	-4.084341	332.8292	-4.04895	332.83392	21.0	1405.0073
22	1840000	1.5	0.014547037	-19.477024	4.655282	-251.35483	1219.0	38.914364	0.16259845	1.0932521e-05	122.0	0.038843572	18.398083	4.8200088	0.019925157	0.22453904	0.0386625	0.70400715	0.020012604	1.9158215e-05	2.843332	5.3449903	-247.6279	136.7968	-246.73756	136.40312	22.0	1476.5239
23	1920000	1.5	0.014616577	-20.272259	4.5958347	-270.4915	1219.0	36.376823	0.1889628	1.613753e-05	106.0	0.03096076	18.246769	4.727466	0.015521401	0.220396	0.060675	0.56148463	0.010485699	3.0894007e-05	2.367563	9.157179	-239.00981	118.36592	-238.9472	118.13561	23.0	1545.2682
24	2000000	1.5	0.014675439	-21.479479	4.909628	-275.7702	1219.0	33.044968	0.1977017	1.1375485e-05	2.0	-0.097401574	18.012527	4.513612	0.030079212	0.22054888	0.0947375	-1.9268906	0.043857288	8.2786595e-05	2.5772161	14.002217	-293.42792	57.93854	-293.2618	57.512028	24.0	1589.9243
25	2080000	1.5	0.014725265	-22.44431	4.2081537	-299.9657	1219.0	23.141787	0.22573085	1.6382899e-05	1.0	-0.2060488	17.100292	3.3526175	0.032232173	0.22064638	0.1001375	-3.894926	0.05292735	0.0002146941	4.9017725	29.781128	-334.92313	24.598902	-332.95993	24.790075	25.0	1635.8958
26	2160000	1.5	0.014767439	-24.411875	2.9353285	-325.285	1219.0	14.940461	0.2454606	2.4190591e-05	1.0	-0.22086114	16.332176	2.0242553	0.058164928	0.22073413	0.149775	-4.031395	0.08249848	0.0004196486	5.33469	46.449318	-368.89154	5.5884657	-369.43372	5.5916185	26.0	1680.4723
27	2240000	1.5	0.014803143	-26.656847	1.657918	-355.00632	1219.0	7.7707047	0.27670735	3.544431e-05	1.0	-0.21057545	15.649189	0.7752531	0.101523496	0.2207847	0.2469	-3.5863032	0.10528599	0.00074879057	4.390076	68.27027	-406.44907	2.3397267	-406.5742	2.3431258	27.0	1724.987
28	2320000	1.5	0.014833362	-29.425306	1.21862	-396.3734	1219.0	19.348665	0.3081308	0.0001866712	1.0	0.092027865	16.867617	1.616995	0.040581927	0.2208228	0.181925	1.6908674	0.056412812	0.001013907	1.343857	96.84719	-430.87488	8.137742	-429.25916	8.066357	28.0	1769.7655
29	2400000	1.5	0.014858946	-32.678375	2.4152474	-421.6758	1219.0	43.31369	0.34850585	0.0002983641	4.0	0.34698835	19.380922	3.8558004	0.01880064	0.22089629	0.1757125	6.9750032	0.017918918	0.00069390895	4.036942	103.549225	-414.6124	4.1332483	-414.4606	4.099879	29.0	1815.1237
30	2480000	1.5	0.0148806	-33.823376	2.6416166	-405.557	1219.0	16.327442	0.3122406	0.00018223432	1.0	-0.24553205	16.724392	1.6025798	0.02849564	0.22089866	0.140275	-4.4240084	0.024782984	0.0006153518	2.1281693	111.87429	-393.07867	1.5113229	-392.75095	1.4616596	30.0	1859.7723
31	2560000	1.5	0.014898927	-32.722786	1.1521686	-383.27396	1219.0	6.319077	0.29768372	7.35013e-05	1.0	-0.14562388	15.74115	0.54211104	0.033754155	0.22089526	0.1285625	-2.4840765	0.028810449	0.00047109794	1.0944968	93.723465	-362.3212	3.7788424	-363.12793	3.790727	31.0	1904.4845
32	2640000	1.5	0.014914451	-30.74952	0.3915238	-359.262	1219.0	3.6801465	0.28898054	2.3812028e-05	1.0	-0.017990235	15.48647	0.3287804	0.035594754	0.22087978	0.11035	-0.2810041	0.030230725	0.00035266197	0.12286543	79.40045	-332.83124	27.519007	-333.0585	27.668709	32.0	1948.8796
33	2720000	1.5	0.01492758	-28.725437	0.39100346	-335.16034	1219.0	10.320644	0.2678845	2.3700912e-05	2.0	0.16872492	16.17071	1.1072507	0.024378343	0.220824	0.08695	2.9514594	0.024173016	0.00024540763	2.6773617	59.9689	-303.2606	63.808243	-303.34763	63.547234	33.0	1993.6008
34	2800000	1.5	0.014938699	-26.689056	1.2950045	-314.42923	1219.0	16.818459	0.26485452	1.8426359e-05	4.0	0.1718274	16.855888	2.0251822	0.021612275	0.22065024	0.068325	3.0151162	0.02910202	0.0004616993	3.2778363	43.573063	-318.5182	46.514194	-318.60635	46.05727	34.0	2038.8582
35	2880000	1.5	0.014948113	-25.976852	1.8569914	-330.28867	1219.0	11.563442	0.26093048	1.1781734e-05	2.0	-0.14532928	16.361471	1.2450768	0.035494797	0.22055295	0.1007375	-2.6035807	0.049456455	0.00062211853	2.0595336	54.499638	-345.53287	15.8795	-344.99063	15.7633705	35.0	2083.651
36	2960000	1.5	0.014956073	-27.420176	1.1001261	-350.8253	1219.0	4.872307	0.27149555	1.2585912e-05	2.0	-0.15712349	15.712492	0.4409071	0.034091454	0.22046043	0.1196	-2.669612	0.0468347	0.0008522835	2.0288508	78.030365	-367.8282	1.2716099	-368.46906	1.2553327	36.0	2128.2708
37	3040000	1.5	0.01496282	-29.160921	0.42039737	-371.98502	1219.0	2.8860233	0.29774493	2.4270972e-05	2.0	-0.046108622	15.525027	0.23139311	0.016619114	0.22034742	0.099425	-0.8026749	0.026777716	0.0009602998	0.34924385	101.11309	-383.376	2.2436466	-384.34	2.2256436	37.0	2173.2522
38	3120000	1.5	0.0149685275	-30.823341	0.2715858	-386.4027	1219.0	4.4298077	0.3071308	6.99264e-05	3.0	0.025737163	15.686054	0.37990555	0.018830003	0.22017051	0.099325	0.40618232	0.018315217	0.0006246108	0.17544669	114.25121	-363.63766	1.8957309	-363.3675	1.8134857	38.0	2218.1829
39	3200000	1.5	0.014973358	-31.128408	0.33830416	-369.93445	1219.0	2.627299	0.29076463	3.1236043e-05	2.0	-0.031417497	15.507361	0.20827581	0.036011495	0.22004314	0.10965	-0.5414768	0.03517461	0.0004276238	0.11028104	94.74589	-333.71045	25.309713	-333.53113	25.168056	39.0	2263.1816
40	3280000	1.5	0.014977453	-29.605513	0.18853147	-346.3462	1219.0	5.8653364	0.27962115	1.9506271e-05	2.0	0.0760557	15.842252	0.5130992	0.028254766	0.219877	0.0877875	1.2932419	0.026641808	0.00031286807	0.6654157	78.50858	-306.2344	57.04791	-306.9457	57.094563	40.0	2307.988
41	3360000	1.5	0.014980911	-27.6509	0.607204	-326.38943	1219.0	12.50094	0.2684428	2.3481833e-05	5.0	0.16604364	16.531528	1.3130018	0.025614673	0.21950391	0.0686125	2.862963	0.0315201	0.0006315538	2.62821	54.047646	-323.55978	42.943863	-324.06238	42.573517	41.0	2353.4653
42	3440000	1.5	0.014983846	-26.966934	1.1838032	-342.94504	1219.0	7.407764	0.28324896	1.4610555e-05	2.0	-0.121305324	16.04078	0.67131925	0.036579017	0.2193651	0.0943125	-2.1426954	0.046334334	0.00095029257	1.4094621	72.98046	-346.80692	19.241486	-346.5891	19.120981	42.0	2398.2285
43	3520000	1.5	0.014986322	-28.432743	0.60327506	-363.13773	1219.0	2.320556	0.28283238	1.198704e-05	1.0	-0.09926551	15.542374	0.18486546	0.017837932	0.21930003	0.0837875	-1.6728063	0.026890758	0.0012385953	0.7810637	104.47063	-360.99857	9.000895	-361.10315	8.400195	43.0	2442.7676
44	3600000	1.5	0.0149884205	-29.993422	0.19751497	-378.017	1219.0	2.5758991	0.2913076	3.161845e-05	2.0	0.0046601025	15.57075	0.20995496	0.035518352	0.219172	0.1148	0.054179866	0.04702434	0.0014632002	0.06453669	119.0784	-379.0132	4.817335	-379.46292	4.597433	44.0	2487.63
45	3680000	1.5	0.0149901975	-31.313784	0.2374432	-396.85443	1219.0	4.9557805	0.31265882	0.00012801093	5.0	0.055602603	15.817501	0.46443462	0.018264944	0.21888784	0.104225	0.9041702	0.020502482	0.0012190826	0.4098197	151.1216	-366.21973	13.979772	-366.00824	13.847178	45.0	2532.9243
46	3760000	1.5	0.0149917025	-32.294434	0.40050626	-384.60593	1219.0	2.9165714	0.31518495	8.1899074e-05	2.0	-0.031856537	15.620491	0.2535806	0.019139506	0.21877483	0.0864125	-0.570188	0.019353423	0.0011077047	0.1779784	134.93117	-350.74643	27.718212	-351.04892	27.297503	46.0	2577.7512
47	3840000	1.5	0.014992981	-31.288881	0.24852054	-372.2596	1219.0	2.3184135	0.3123142	4.364918e-05	2.0	-0.013444336	15.56212	0.18405783	0.024196228	0.21865371	0.0827875	-0.24001138	0.023258477	0.00096712454	0.061430812	112.88694	-333.22455	47.834686	-332.94608	47.6926	47.0	2622.6228
48	3920000	1.5	0.014994055	-30.16907	0.17284039	-357.47165	1219.0	3.7712748	0.29539907	1.942507e-05	149.0	0.03256303	15.713312	0.3048384	0.009665926	0.19665997	0.048175	0.51561314	0.009007477	0.0007810509	0.14658487	91.92833	-330.88898	69.53308	-330.4275	69.222496	48.0	2698.277
49	4000000	1.5	0.014994966	-29.709957	0.31102976	-359.5055	1219.0	3.032594	0.29556188	1.8302042e-05	149.0	-0.015002459	15.643177	0.2456753	0.004141912	0.20029354	0.0414625	-0.27073494	0.00807747	0.0009185655	0.050923783	107.01471	-334.8852	79.76094	-335.9073	79.53599	49.0	2774.3503
50	4080000	1.5	0.01499574	-29.423746	0.23429078	-366.92676	1219.0	2.7067552	0.3043205	1.9123632e-05	149.0	-0.0038866869	15.614714	0.21727993	0.0023689324	0.2057166	0.0298	-0.08403201	0.0051185195	0.00094532594	0.028460568	113.62485	-339.9181	79.497475	-340.54004	79.152695	50.0	2850.4084
51	4160000	1.5	0.0149963945	-30.03197	0.2188833	-372.23093	1219.0	2.6852515	0.34151092	3.586296e-05	149.0	-0.00077580224	15.615974	0.2172413	0.0027835714	0.20898911	0.016975	-0.029734671	0.002730207	0.0010856108	0.034412913	111.86237	-344.68094	78.39623	-345.85803	78.32674	51.0	2926.2144
52	4240000	1.5	0.014996949	-30.281195	0.22414263	-376.5056	1219.0	2.894381	0.35997105	4.4696964e-05	149.0	0.0036937264	15.643956	0.23960559	0.0062830695	0.1996006	0.016475	0.0395437	0.005092027	0.0016019281	0.05394574	100.682816	-353.42758	73.971634	-353.6589	73.84493	52.0	3002.101
53	4320000	1.5	0.014997421	-30.344406	0.24846177	-382.26254	1219.0	2.9850264	0.32613426	5.6697812e-05	149.0	0.0020117413	15.65647	0.2515902	0.004945707	0.17371106	0.0217375	-0.004349338	0.0046684477	0.0019913171	0.069909714	83.83658	-353.619	79.288246	-353.15997	79.625404	53.0	3078.2104
54	4400000	1.5	0.014997812	-32.532036	0.24525884	-377.0251	1219.0	2.5505579	0.34162122	4.883425e-05	149.0	-0.006394349	15.614237	0.21175352	0.00086686516	0.16471471	0.0100375	-0.14314285	0.00030598012	0.001731238	0.051343236	73.780754	-334.02768	99.64527	-334.1068	99.7224	54.0	3154.092
55	4480000	1.5	0.014998151	-31.513119	0.2131745	-373.0952	1219.0	2.4257016	0.34211817	4.6877056e-05	149.0	-0.0023105668	15.604867	0.19870554	0.011052888	0.15890847	0.035625	-0.068746045	0.005770062	0.0033124934	0.035941277	59.71793	-356.94016	82.654144	-356.5314	83.33295	55.0	3230.0974
56	4560000	1.5	0.014998434	-30.17723	0.20097134	-374.5155	1219.0	2.031496	0.38990402	3.7133876e-05	149.0	-0.004650033	15.567272	0.16575228	0.0015413217	0.14887929	0.0161875	-0.1451002	0.00056757143	0.0030656739	0.037646286	59.63953	-338.0489	103.81912	-337.41928	105.43643	56.0	3306.0684
57	4640000	1.5	0.0149986725	-31.030375	0.1632423	-372.0138	1219.0	1.7387396	0.38902545	2.9396519e-05	22.0	-0.0022200171	15.539083	0.1438557	0.015673062	0.14702308	0.0451125	-0.095130675	0.008768724	0.005430124	0.027185053	57.56865	-344.49115	96.02435	-343.1295	96.97293	57.0	3355.1196
58	4720000	1.5	0.014998881	-29.22271	0.13543287	-370.76794	1219.0	1.3082174	0.39672568	2.7145648e-05	149.0	-0.0022474006	15.517201	0.10725967	0.005277042	0.13213694	0.04765	-0.11518433	0.004781447	0.0031412982	0.024816519	64.83638	-333.63678	94.46113	-334.84238	94.639046	58.0	3431.107
59	4800000	1.5	0.014999048	-30.936493	0.096466795	-366.2856	1219.0	1.0557606	0.37547678	1.6790258e-05	149.0	0.000380815	15.51582	0.08669536	0.005276761	0.11609065	0.0442625	-0.04487428	0.004046536	0.0018915811	0.013106798	61.840843	-327.96973	87.95199	-328.12866	87.65502	59.0	3513.7798
60	4880000	1.5	0.014999196	-30.609709	0.07804548	-360.79834	1219.0	0.97406685	0.37115878	1.2242958e-05	149.0	0.0018898248	15.514198	0.079433545	0.003515001	0.09070194	0.0301375	-0.00036983998	0.0013712964	0.0012688038	0.006360696	66.10389	-320.2487	77.7108	-320.24304	77.55595	60.0	3592.8171
61	4960000	1.5	0.014999316	-30.483778	0.07527342	-357.31088	1219.0	1.0472623	0.34598008	9.588429e-06	149.0	0.0034082495	15.512865	0.08553855	0.0009151228	0.088092685	0.0108625	0.033978943	0.0007858612	0.0010626626	0.006709472	67.4961	-315.6165	79.49502	-315.74615	79.29089	61.0	3673.004
62	5040000	1.5	0.014999421	-29.018919	0.083564885	-357.76727	1219.0	1.1106309	0.3283155	1.02889635e-05	149.0	0.0022948273	15.511636	0.09049584	0.000859898	0.06888461	0.0060125	0.021550445	0.0004949845	0.00088060286	0.007965999	64.58526	-314.8949	81.046074	-315.14484	80.4572	62.0	3750.684
63	5120000	1.5	0.01499951	-30.812191	0.095182724	-356.73032	1219.0	1.3376791	0.3326482	1.112866e-05	149.0	0.0037455545	15.511249	0.10902632	0.0024824138	0.039289713	0.019275	0.046658143	0.00058619	0.00079655315	0.012685274	64.78858	-313.34882	81.87515	-313.50226	81.12976	63.0	3830.247
64	5200000	1.5	0.014999585	-31.055798	0.12253794	-355.2702	1219.0	1.7991408	0.30523866	1.4722493e-05	149.0	0.006123025	15.539512	0.14725897	0.0059230253	0.011787891	0.0425875	0.078809924	0.0018655101	0.001055612	0.024750348	64.541626	-329.18713	72.4329	-329.15768	72.11673	64.0	3908.5483
65	5280000	1.5	0.014999655	-29.5143	0.15875168	-360.32172	1219.0	1.2279866	0.29078084	2.1277614e-05	149.0	-0.01270863	15.51097	0.101206824	0.0011020004	0.0003709793	0.01445	-0.2347605	3.082199e-05	0.0014616583	0.03004207	57.910713	-335.13623	60.32591	-334.1005	60.306076	65.0	3988.1016
66	5360000	1.5	0.014999704	-29.223856	0.10041158	-361.01526	1219.0	1.1218464	0.29858202	1.9039207e-05	149.0	-0.00018689944	15.509785	0.0934849	0.0014551979	-0.026963232	0.011975	-0.033780027	-0.00029988808	0.0014840553	0.012475957	59.37425	-335.90778	54.952984	-334.72653	54.751263	66.0	4070.257
67	5440000	1.5	0.014999748	-29.748198	0.094122626	-361.0167	1219.0	1.1249921	0.2867345	1.61758e-05	149.0	0.0013238583	15.508612	0.09434386	0.0016706077	-0.06338251	0.013325	-0.004257394	-0.0006330452	0.0012751406	0.012374257	60.53462	-331.32733	53.55014	-331.40695	53.716904	67.0	4150.9336
68	5520000	1.5	0.014999791	-30.533257	0.09410343	-357.47174	1219.0	1.0959512	0.27414897	1.6891416e-05	149.0	0.00039254175	15.507347	0.09189856	0.0007153948	-0.073359855	0.004925	-0.0139458645	-0.00055312004	0.0011026846	0.008998825	65.01818	-334.23746	52.07175	-334.1537	51.493732	68.0	4230.6895
69	5600000	1.5	0.01499982	-28.584059	0.09328165	-360.46497	1219.0	1.09226	0.28117818	2.0767544e-05	149.0	0.00076075003	15.506076	0.091856845	0.0012998135	-0.097494245	0.009075	-0.008891851	0.00011973877	0.0009626527	0.01210672	71.511185	-330.63452	61.264786	-329.7578	61.339226	69.0	4313.5166
70	5680000	1.5	0.014999851	-29.88681	0.093889475	-361.2527	1219.0	1.1911463	0.29004812	1.8949435e-05	149.0	0.0025060768	15.505193	0.10118695	0.00105864	-0.11210847	0.0107625	0.023061005	-0.00063176424	0.0010987782	0.015521762	79.80409	-327.66772	69.048515	-328.37656	68.776634	70.0	4397.263
71	5760000	1.5	0.014999868	-29.107853	0.10248627	-361.78555	1219.0	1.205661	0.28322622	1.8656243e-05	149.0	0.0014877674	15.504172	0.10434917	0.0018046976	-0.14071417	0.0145875	0.0028809565	0.00027067566	0.0010299259	0.016629778	84.77092	-318.47443	78.96332	-318.62012	79.81247	71.0	4480.5933
72	5840000	1.5	0.014999894	-31.116032	0.10274487	-359.50513	1219.0	1.1510121	0.28311452	2.1680986e-05	149.0	0.00032621023	15.503059	0.10143481	0.0023112376	-0.15255262	0.02855	-0.010066584	0.00035509645	0.0008559594	0.013705908	102.33772	-317.35858	81.57927	-317.15356	82.12024	72.0	4564.2437
73	5920000	1.5	0.01499991	-28.266056	0.10817914	-362.28458	1219.0	1.2702181	0.25925067	2.1216303e-05	149.0	0.0028584045	15.50243	0.11660225	0.0012397812	-0.1618739	0.01745	0.027974857	0.0009955795	0.0008258628	0.01947703	115.53894	-309.23444	87.96945	-308.76926	88.41486	73.0	4648.0186
74	6000000	1.5	0.014999923	-31.19591	0.10719609	-357.37866	1219.0	1.1696962	0.27487096	2.058894e-05	149.0	0.00016147867	15.501268	0.106447265	0.0037883762	-0.1890398	0.0398625	-0.009319632	0.0013588751	0.00055657537	0.017478015	121.38338	-319.48447	70.94265	-319.49448	71.2032	74.0	4731.309
75	6080000	1.5	0.014999928	-28.686354	0.10006408	-358.02545	1219.0	1.0880442	0.26028627	1.1971011e-05	149.0	0.00049851835	15.499984	0.100793265	0.0013147078	-0.20301394	0.0089875	-0.001484914	9.3067165e-06	0.00052737404	0.012459512	124.592476	-317.70206	67.151764	-317.9438	65.75526	75.0	4820.934
76	6160000	1.5	0.014999942	-29.405006	0.10535353	-358.53146	1219.0	1.1370348	0.27085644	1.3065044e-05	149.0	0.0010247442	15.498891	0.10857213	0.0020194333	-0.2049665	0.0231625	0.0068398546	0.0007049038	0.0005062288	0.014526091	142.85146	-315.56488	62.33727	-316.12045	60.75342	76.0	4911.2397
77	6240000	1.5	0.014999954	-27.70125	0.11008153	-357.24252	1219.0	1.0728216	0.25166416	1.4161191e-05	149.0	-0.0013906714	15.497513	0.10318816	0.0014573033	-0.21939492	0.0187	-0.032620423	0.0007232447	0.0005156042	0.011889485	145.89796	-312.41928	60.602436	-311.25568	61.033604	77.0	5001.4004
78	6320000	1.5	0.014999957	-29.776585	0.09563535	-354.05542	1219.0	1.0764737	0.26464143	1.1391305e-05	149.0	0.00078888214	15.496197	0.098271474	0.0034556766	-0.23838662	0.0359	0.0040086675	0.0017353921	0.00035182014	0.009471955	143.54659	-309.07986	64.61647	-309.0043	64.42064	78.0	5091.395
79	6400000	1.5	0.01499997	-30.510609	0.09118349	-353.0801	1219.0	1.2298372	0.27024442	1.2411673e-05	149.0	0.004277302	15.495478	0.1090156	0.0028537365	-0.25510028	0.039325	0.06393305	0.0030301167	0.00025244185	0.014612489	135.01332	-297.79364	80.52726	-297.47916	80.944916	79.0	5181.412
80	6480000	1.5	0.014999973	-30.220577	0.104527175	-349.34744	1219.0	2.1546445	0.27440882	1.4476087e-05	98.0	0.01787517	15.560304	0.18009399	0.017638236	-0.25293687	0.0561125	0.2789907	0.010538268	0.00033304212	0.086273395	123.76314	-311.04193	84.81795	-311.80893	84.0293	80.0	5258.086
81	6560000	1.5	0.014999973	-27.164543	0.17192915	-362.6812	1219.0	1.6507659	0.2526853	2.0605565e-05	149.0	-0.0038485508	15.510146	0.15557958	0.005049112	-0.2674441	0.057975	-0.074332125	0.003855536	0.00044162487	0.04156846	143.57759	-320.34744	81.69525	-320.75064	81.065865	81.0	5348.3076
82	6640000	1.5	0.014999983	-29.536129	0.16683766	-369.6046	1219.0	2.120733	0.23335643	1.8788971e-05	149.0	0.012468214	15.558664	0.21809681	0.0022523582	-0.27814698	0.018675	0.19304222	0.00051245576	0.000459873	0.061487224	156.15134	-320.21936	82.33617	-320.7449	81.06322	82.0	5438.198
83	6720000	1.5	0.014999985	-30.910744	0.21342637	-368.60593	1219.0	2.094037	0.22248316	1.1497918e-05	149.0	0.014417828	15.557256	0.27270955	0.0048085307	-0.28976512	0.0489375	0.22390513	0.0019012961	0.00046571798	0.05997753	151.11438	-317.6488	85.814445	-317.701	85.64727	83.0	5528.7603
84	6800000	1.5	0.014999987	-33.349976	0.22095606	-361.5896	1219.0	1.7890949	0.2312099	2.8551269e-05	149.0	0.004469431	15.528011	0.23842187	0.0014481924	-0.26954007	0.0139	0.064241275	-9.550209e-05	0.0003675067	0.03817203	149.81255	-311.98575	96.37055	-311.4078	96.667946	84.0	5619.0947
85	6880000	1.5	0.014999988	-28.246315	0.23129329	-361.013	1219.0	1.5972344	0.24082129	1.4292166e-05	149.0	2.8199283e-05	15.5093355	0.23073022	0.0025702538	-0.24543618	0.0215375	-0.008717367	0.0007867569	0.00038300364	0.030071575	116.00681	-311.80743	97.804665	-312.40152	97.50016	85.0	5709.3096
86	6960000	1.5	0.014999988	-27.849518	0.23959476	-362.60223	1219.0	1.5519856	0.23618022	1.2508436e-05	149.0	0.0009963589	15.504963	0.24288853	0.0024820454	-0.27287963	0.0261375	0.006118405	0.00066975557	0.00035690708	0.029421723	124.507385	-296.0468	115.678505	-294.7322	116.64458	86.0	5799.6562
87	7040000	1.5	0.014999988	-32.352367	0.19559333	-353.49014	1219.0	1.9749444	0.2348789	2.625392e-05	33.0	0.002589646	15.54837	0.20618907	0.015029907	-0.2807884	0.0926	0.026438668	0.009861715	0.00052434986	0.053245623	136.66695	-327.64026	85.240135	-327.93048	85.89669	87.0	5859.3467
88	7120000	1.5	0.014999988	-25.874142	0.25550044	-366.33496	1219.0	1.7920256	0.25479466	1.9767678e-05	149.0	0.011107942	15.530732	0.30126444	0.003238261	-0.30078793	0.0301125	0.16809003	0.0016381119	0.00045365683	0.055443518	177.61038	-317.80753	90.55926	-319.90878	89.771484	88.0	5949.451
89	7200000	1.5	0.014999988	-30.99564	0.2676356	-362.0215	1219.0	1.4150021	0.26254225	1.4209911e-05	15.0	-0.0052030436	15.503925	0.2446074	0.015799345	-0.3042021	0.0948375	-0.1062786	0.010454393	0.00032805614	0.026419308	138.45897	-296.08453	107.06214	-295.95236	108.239845	89.0	6004.1357
90	7280000	1.5	0.014999999	-33.092876	0.14570919	-344.00235	1219.0	2.6919625	0.2667032	4.627883e-05	39.0	0.017923255	15.623755	0.22094864	0.015989421	-0.31740907	0.0974	0.27808583	0.012593483	0.0004043974	0.1170418	166.29483	-302.5781	100.69536	-301.9177	101.90694	90.0	6065.214
91	7360000	1.5	0.014999999	-25.613605	0.18333729	-358.10324	1219.0	1.1952984	0.26416498	1.3923139e-05	11.0	-0.012955578	15.506412	0.12784965	0.020043984	-0.3197398	0.1276875	-0.22935152	0.022085827	0.0005698639	0.058434606	175.7236	-323.13242	82.2304	-322.74973	85.3997	91.0	6119.2036
92	7440000	1.5	0.014999999	-23.263496	0.32861426	-378.11688	1219.0	3.3250797	0.23710933	2.4609579e-05	4.0	0.049227785	15.691306	0.534056	0.01976547	-0.32020947	0.1251125	0.78771883	0.021277582	0.0004653572	0.20085777	360.2192	-304.4226	98.27258	-304.63342	98.1926	92.0	6170.909
93	7520000	1.5	0.014999999	-34.799374	0.28710872	-358.86023	1219.0	1.1690191	0.24598241	1.6622178e-05	48.0	-0.021289652	15.51069	0.19592468	0.015367659	-0.3630104	0.0793875	-0.37067184	0.0045009917	0.0003157412	0.042338405	224.4568	-218.20496	156.823	-238.30997	145.8089	93.0	6226.5557
94	7600000	1.5	0.014999999	-32.818027	0.11458335	-342.1044	1219.0	2.22628	0.2694246	2.648104e-05	88.0	0.016205102	15.583063	0.18322402	0.015197188	-0.37913558	0.1156625	0.25813106	0.015660567	0.00037442058	0.067036234	172.37804	-261.27554	134.18156	-261.4817	131.26418	94.0	6290.815
95	7680000	1.5	0.014999999	-26.650444	0.2374061	-360.85965	1219.0	1.4238399	0.28063422	2.1440777e-05	135.0	-0.012868091	15.512474	0.18251236	0.015998017	-0.3576732	0.1202625	-0.22854863	0.021230532	0.00031417183	0.05088364	203.6314	-124.11674	205.29344	-164.53868	177.57945	95.0	6368.148
96	7760000	1.5	0.014999999	-30.268522	0.09361216	-342.89554	1219.0	2.2438989	0.25999945	2.161056e-05	32.0	0.021639226	15.586402	0.1841937	0.019611182	-0.36987925	0.1234875	0.3515264	0.020954138	0.00040050675	0.09302313	152.84128	-267.4314	130.07172	-263.35382	131.45601	96.0	6419.176
97	7840000	1.5	0.014999999	-25.66891	0.24844453	-363.9848	1219.0	1.707124	0.276944	2.7712545e-05	94.0	0.00089872116	15.533273	0.2512173	0.015066339	-0.35419005	0.048775	-0.010234938	0.0056741564	0.00053683494	0.04967795	239.46272	-45.968887	260.44025	-49.7356	253.20963	97.0	6488.0703
98	7920000	1.5	0.014999999	-25.955826	0.4543474	-377.77127	1219.0	3.6612928	0.29003412	3.6146004e-05	4.0	0.03692069	15.733972	0.6074133	0.021745466	-0.3536045	0.125075	0.5788992	0.023105372	0.00057699525	0.1790524	301.24646	-33.818283	275.51602	-33.93215	273.33304	98.0	6534.4673
99	8000000	1.5	0.014999999	-33.171295	0.23091622	-342.67145	1219.0	2.1438777	0.30063826	3.4562127e-05	23.0	-0.010722141	15.584438	0.18502928	0.015727976	-0.3602076	0.043575	-0.20153674	0.007755184	0.00038956775	0.110099144	217.33438	-57.80071	247.53375	-63.62166	240.46231	99.0	6583.9233
100	8080000	1.5	0.014999999	-28.575106	0.19268607	-350.47	1219.0	1.1438272	0.27001813	3.181999e-05	149.0	-0.018733256	15.522179	0.113067605	0.0023705605	-0.39371985	0.0188125	-0.31802806	-0.00015326939	0.00043728141	0.044829387	157.94708	-296.7467	108.60087	-293.9315	108.38393	100.0	6659.4834
101	8160000	1.5	0.014999999	-29.154747	0.13369037	-353.732	1219.0	1.0617872	0.27786785	1.5872205e-05	149.0	0.0021095427	15.520817	0.14130767	0.0007089569	-0.39151242	0.0100875	0.02558733	0.00055890233	0.00051085226	0.012107014	172.6001	-316.45667	82.206184	-318.05585	80.176926	101.0	6742.321
102	8240000	1.5	0.014999999	-27.853935	0.16374686	-357.08624	1219.0	1.0437787	0.26133764	2.0729693e-05	149.0	0.007361803	15.5194	0.19339827	0.003270842	-0.4212733	0.031525	0.11003578	0.00034738122	0.00060233305	0.022880262	182.12418	-323.31598	73.15516	-325.87823	69.71437	102.0	6819.7666
103	8320000	1.5	0.014999999	-29.985916	0.18573385	-355.0523	1219.0	1.0261431	0.27235368	1.0939412e-05	149.0	-0.0019349456	15.517932	0.17600374	0.0026872954	-0.430602	0.0349875	-0.045539465	0.0019524612	0.00060579996	0.016773688	189.8031	-325.3521	68.0476	-326.30078	67.51473	103.0	6901.7354
104	8400000	1.5	0.014999999	-29.519873	0.1561043	-352.53366	1219.0	1.0658318	0.27114052	1.5719992e-05	149.0	-6.6455686e-06	15.516621	0.15441734	0.003858182	-0.45758775	0.0397875	-0.01301917	0.0025271727	0.0006665813	0.011309291	181.5214	-331.30942	48.090057	-333.40045	48.299053	104.0	6978.645
105	8480000	1.5	0.014999999	-29.044397	0.1718321	-353.98618	1219.0	1.1108621	0.29353723	1.7783343e-05	149.0	0.0023592687	15.515409	0.17959216	0.0026491971	-0.483962	0.02875	0.02419035	0.0010289907	0.00084338343	0.014559647	192.79375	-336.82605	39.916946	-336.61588	42.74584	105.0	7059.6274
106	8560000	1.5	0.014999999	-28.580263	0.1928431	-354.86707	1219.0	1.1002014	0.26963177	2.0819129e-05	149.0	-0.00034803856	15.514115	0.18858215	0.0044020116	-0.5127649	0.0351125	-0.024069306	0.00075333426	0.0010739935	0.016725931	203.36105	-339.08585	34.14715	-338.1187	34.726284	106.0	7137.171
107	8640000	1.5	0.014999999	-29.564756	0.18214472	-353.55908	1219.0	1.1465482	0.2796936	1.6895308e-05	149.0	-8.4195286e-05	15.513049	0.17793752	0.0136937145	-0.52992153	0.0671125	-0.01942119	0.00706907	0.0016152835	0.013405548	211.41493	-343.28006	27.858505	-341.13043	27.434105	107.0	7217.9443
108	8720000	1.5	0.014999999	-28.24346	0.20338272	-356.5988	1219.0	1.1058801	0.31625158	2.0248437e-05	149.0	0.0029987071	15.511771	0.21093355	0.006110849	-0.54399675	0.0392125	0.023628933	0.0047730124	0.0019162723	0.022560101	228.37367	-342.99014	22.864897	-341.6778	22.984152	108.0	7296.4727
109	8800000	1.5	0.014999999	-29.197609	0.2082129	-356.3862	1219.0	1.083328	0.29160634	3.089545e-05	149.0	0.002017717	15.510471	0.20982878	0.0034002124	-0.57602733	0.04455	-0.002763985	0.0021420596	0.002118257	0.019239506	229.64224	-342.68973	20.18017	-341.9055	20.03346	109.0	7376.6934
110	8880000	1.5	0.014999999	-29.498781	0.20589316	-356.25	1219.0	1.0946459	0.30366173	1.7530761e-05	50.0	0.003154553	15.509217	0.20982483	0.019843651	-0.58986324	0.1255	0.0059249583	0.015771355	0.0020818505	0.017545052	232.53297	-336.91693	22.37017	-336.40985	22.962683	110.0	7431.5117
111	8960000	1.5	0.014999999	-29.66939	0.1555439	-350.33127	1219.0	1.2819046	0.29706293	1.660936e-05	149.0	-0.00021301862	15.508679	0.14594972	0.003959508	-0.6191425	0.0448125	-0.044756535	0.0015103183	0.0024714659	0.009150458	208.96774	-335.43057	19.635923	-334.72073	19.990723	111.0	7514.242
112	9040000	1.5	0.014999999	-29.129768	0.137597	-349.14294	1219.0	1.4189148	0.31631666	2.0390265e-05	149.0	0.003704539	15.508321	0.14291061	0.0041959044	-0.62466013	0.0501125	0.015784452	0.003117366	0.0026922815	0.007640825	204.79703	-337.30933	17.169714	-336.84174	16.90955	112.0	7590.0527
113	9120000	1.5	0.014999999	-28.515528	0.15019998	-351.10446	1219.0	1.2601019	0.31856537	1.8122746e-05	149.0	0.004062245	15.50741	0.15571445	0.0038832466	-0.6446391	0.0427625	0.016624972	0.0023701263	0.0032313599	0.0067757675	206.33942	-332.91077	16.806982	-332.39963	15.822748	113.0	7672.453
114	9200000	1.5	0.014999999	-28.966	0.12347248	-345.98926	1219.0	1.798603	0.34584945	2.8157872e-05	149.0	0.009683235	15.53589	0.15124138	0.004034782	-0.65662104	0.0368625	0.103701785	0.003361945	0.0033728317	0.017295362	193.99449	-332.74213	16.672628	-332.47406	16.835876	114.0	7749.067
115	9280000	1.5	0.014999999	-28.49093	0.14775945	-345.80295	1219.0	1.842055	0.34118673	3.2013602e-05	120.0	0.0040075225	15.540624	0.15084538	0.015630232	-0.66812766	0.1013	0.0040892237	0.017642962	0.0039598993	0.013733284	189.2842	-340.94897	12.831462	-341.16742	11.654185	115.0	7823.0947
116	9360000	1.5	0.014999999	-27.622194	0.18474299	-354.6013	1219.0	1.1265197	0.36650926	2.0384763e-05	115.0	-0.0011400594	15.507995	0.16483963	0.016307166	-0.69081503	0.1227625	-0.08324947	0.014114308	0.003436211	0.009851591	202.906	-331.331	13.716635	-332.67688	13.016233	116.0	7893.2197
117	9440000	1.5	0.014999999	-29.615166	0.111686595	-345.7773	1219.0	1.9688555	0.36908454	3.1428106e-05	149.0	0.015936125	15.5541	0.1625946	0.0036679038	-0.70140326	0.0490625	0.19602546	0.003893094	0.003872551	0.028663114	188.26997	-334.08987	12.262667	-336.2052	11.697135	117.0	7973.649
118	9520000	1.5	0.014999999	-27.791279	0.16833542	-349.72794	1219.0	1.5128975	0.34109473	2.5550864e-05	149.0	-0.0025674275	15.509284	0.14207292	0.003162443	-0.71348417	0.0459625	-0.10664125	0.003940744	0.0037178993	0.015623906	185.10388	-335.00677	11.090757	-337.01706	10.324802	118.0	8052.3003
119	9600000	1.5	0.014999999	-28.228031	0.1478718	-351.24487	1219.0	1.2924943	0.32731143	1.8533183e-05	149.0	0.005057195	15.508603	0.15464509	0.005091278	-0.748169	0.0586	0.023171393	0.0035715294	0.00360798	0.008157194	185.77243	-332.2783	10.962136	-334.1222	10.914555	119.0	8131.97
120	9680000	1.5	0.014999999	-28.84863	0.1398483	-349.18637	1219.0	1.5128288	0.32238483	2.849673e-05	149.0	0.00734911	15.508789	0.15573066	0.004577844	-0.7554071	0.0559	0.057755318	0.0039526657	0.003685339	0.012639529	180.66203	-331.76636	10.722885	-333.0208	10.031305	120.0	8211.363
121	9760000	1.5	0.014999999	-28.392275	0.15369014	-349.57736	1219.0	1.5053065	0.346028	2.0306858e-05	34.0	0.0066490085	15.508519	0.16696897	0.020527303	-0.762207	0.17175	0.048754003	0.025630163	0.004011408	0.012825538	176.4459	-344.12378	8.934091	-344.9584	8.61448	121.0	8262.812
122	9840000	1.5	0.014999999	-27.604609	0.2610987	-361.67096	1219.0	1.3076279	0.38208407	1.6116534e-05	88.0	0.019086681	15.507882	0.32624432	0.017492376	-0.7708549	0.11145	0.24219067	0.014955588	0.0035395573	0.045006648	205.02754	-330.73883	9.292725	-332.34116	10.097986	122.0	8327.442
123	9920000	1.5	0.014999999	-29.739534	0.2040727	-348.44772	1219.0	1.5155796	0.35965815	1.7836566e-05	149.0	-0.0073411	15.508065	0.15822938	0.0075136567	-0.78772455	0.0948125	-0.18411133	0.007053688	0.0038405852	0.02729175	181.01378	-334.35663	8.171921	-335.3616	7.375104	123.0	8408.318
124	10000000	1.5	0.014999999	-28.019335	0.18804647	-352.58557	1219.0	1.0933348	0.36218244	2.9550347e-05	9.0	0.0013543698	15.50659	0.18027274	0.016590673	-0.78890705	0.15015	-0.03231629	0.020000966	0.0039694263	0.0071162954	184.88507	-343.28607	6.7169657	-344.38568	7.2663894	124.0	8454.653
125	10080000	1.5	0.014999999	-27.523453	0.27033424	-361.65695	1219.0	1.2789721	0.34461325	1.8519484e-05	60.0	0.020812105	15.506052	0.3435891	0.015968515	-0.81037813	0.085375	0.27007833	0.01017918	0.0034133636	0.0409896	207.65105	-332.11935	6.23086	-333.78775	5.200483	125.0	8514.543
126	10160000	1.5	0.014999999	-29.444305	0.2289325	-350.26633	1219.0	1.0913272	0.36214322	1.8689165e-05	149.0	-0.015347643	15.504594	0.15078542	0.0063149706	-0.8193007	0.082225	-0.3100728	0.0073329764	0.0034855453	0.034211915	186.21475	-333.2981	5.0543156	-334.63354	4.6547403	126.0	8594.807
127	10240000	1.5	0.014999999	-28.05032	0.15247782	-350.2933	1219.0	1.0524635	0.3957909	2.954895e-05	149.0	0.0023019577	15.503203	0.14905103	0.00333945	-0.85425174	0.037275	-0.017747032	0.001533239	0.0032037762	0.005491568	183.2575	-333.86472	4.1457944	-335.37518	4.133184	127.0	8671.814
128	10320000	1.5	0.014999999	-28.45128	0.13468151	-348.9499	1219.0	1.1625491	0.39720863	3.2133074e-05	22.0	0.003127569	15.502247	0.13515091	0.022595527	-0.85721403	0.17475	0.00017889633	0.023453075	0.003445673	0.0057616783	179.95169	-346.40125	3.223663	-347.4751	3.1163955	128.0	8722.95
129	10400000	1.5	0.014999999	-27.201656	0.26608503	-360.9483	1219.0	1.1965486	0.39752573	1.8476896e-05	25.0	0.021662118	15.501206	0.34512618	0.017701719	-0.85958	0.1179125	0.29060757	0.01488188	0.0030340324	0.043516856	208.28232	-336.06107	2.98516	-336.6496	3.153038	129.0	8772.493
130	10480000	1.5	0.014999999	-29.641865	0.21262832	-349.72137	1219.0	0.9936926	0.4083168	2.2339193e-05	8.0	-0.014827037	15.499609	0.13697584	0.018267972	-0.8604813	0.1436375	-0.30974662	0.016626462	0.0031381808	0.031815384	184.80342	-327.13132	4.8380523	-327.5304	4.394784	130.0	8819.614
131	10560000	1.5	0.014999999	-29.452213	0.090529636	-340.608	1219.0	2.4364636	0.4180401	2.4871464e-05	22.0	0.028840762	15.593682	0.19827518	0.018588146	-0.8651619	0.1431625	0.41494262	0.018160436	0.003415075	0.076804824	170.84692	-337.84204	2.4926598	-338.21973	2.5155995	131.0	8868.607
132	10640000	1.5	0.014999999	-26.95261	0.23481843	-351.44052	1219.0	0.9293461	0.41037732	3.750699e-05	95.0	-0.033741992	15.500552	0.08048277	0.015030454	-0.88280684	0.1468125	-0.6083472	0.018499075	0.0030575332	0.123119235	185.25998	-346.9802	1.606689	-347.26062	1.7507225	132.0	8932.565
133	10720000	1.5	0.014999999	-27.305246	0.13196221	-359.11105	1219.0	1.0845492	0.4071126	1.233363e-05	2.0	0.014997983	15.49941	0.1859757	0.019275162	-0.88300705	0.1399875	0.20452462	0.02448959	0.0031954325	0.030497171	199.9735	-355.26355	2.0767088	-355.28262	2.1573434	133.0	8977.518
134	10800000	1.5	0.014999999	-27.296963	0.30322662	-367.32452	1219.0	1.8674847	0.39766866	9.782939e-06	2.0	0.028631324	15.5349655	0.41274422	0.016714642	-0.88313204	0.1050125	0.40915778	0.01331838	0.002886196	0.07448353	217.33853	-342.91266	1.040968	-342.92398	1.0317827	134.0	9022.501
135	10880000	1.5	0.014999999	-29.485687	0.26284444	-355.30893	1219.0	0.887556	0.41769227	1.5845104e-05	2.0	-0.021969963	15.498397	0.15727475	0.015189668	-0.88329226	0.1076	-0.41275868	0.010629799	0.0030914801	0.06719019	186.70915	-333.0125	1.5576181	-333.2981	1.4036273	135.0	9067.513
136	10960000	1.5	0.014999999	-28.981941	0.0859796	-344.18893	1219.0	1.4329494	0.42094678	2.6665739e-05	45.0	0.010708759	15.498668	0.11732433	0.023224924	-0.8807402	0.166625	0.11919166	0.027330948	0.0037146672	0.013233809	166.23248	-341.09097	0.8466393	-341.3096	0.8425395	136.0	9121.337
137	11040000	1.5	0.014999999	-26.706533	0.16358615	-352.54852	1219.0	0.87039334	0.41105372	2.15741e-05	38.0	-0.0063857567	15.496202	0.124338455	0.015040818	-0.890709	0.1357	-0.15834701	0.01595155	0.0029597646	0.014092646	178.64737	-332.7241	1.3522413	-333.64514	1.3136958	137.0	9173.548
138	11120000	1.5	0.014999999	-28.779478	0.07134796	-344.19022	1219.0	1.3749769	0.42969808	2.1880862e-05	1.0	0.013113538	15.496262	0.11278972	0.020190895	-0.8910073	0.164275	0.15850617	0.020883767	0.0030128693	0.014570015	157.94803	-326.54224	3.1179614	-327.26453	2.8027413	138.0	9218.222
139	11200000	1.5	0.014999999	-28.840029	0.08608831	-337.7435	1219.0	3.0392675	0.4333686	3.7291735e-05	1.0	0.041952424	15.651205	0.24687332	0.017443234	-0.8912944	0.1565	0.6348808	0.018578446	0.0033835121	0.13497706	146.48055	-323.35254	4.264191	-323.37048	4.233591	139.0	9262.931
140	11280000	1.5	0.014999999	-28.75398	0.22778817	-334.17612	1219.0	4.1873765	0.43059307	5.578713e-05	1.0	0.031197451	15.771641	0.34138018	0.020241465	-0.8915549	0.169375	0.4485453	0.022776093	0.0037023816	0.09691625	140.14479	-320.4394	5.389042	-320.66296	5.0967603	140.0	9307.537
141	11360000	1.5	0.014999999	-28.672653	0.31972665	-332.2988	1219.0	5.1045537	0.43553314	5.292937e-05	1.0	0.027755786	15.872323	0.41834638	0.030732311	-0.8918096	0.197075	0.38488972	0.030513013	0.0036194108	0.106614225	134.74388	-316.6946	6.9510145	-316.12643	6.854707	141.0	9352.05
142	11440000	1.5	0.014999999	-28.805452	0.38448986	-328.4993	1219.0	6.5252438	0.45928726	5.710354e-05	1.0	0.040238686	16.027515	0.5358317	0.031568196	-0.89204216	0.2021375	0.61656386	0.033147927	0.0035241242	0.21329585	129.70447	-313.0793	9.045124	-312.74908	9.004973	142.0	9396.612
143	11520000	1.5	0.014999999	-28.766678	0.49454108	-325.469	1219.0	7.824032	0.4764781	8.064476e-05	1.0	0.0394017	16.173922	0.6431449	0.036249254	-0.89226526	0.205575	0.6037948	0.037759766	0.003378913	0.27659255	123.2263	-309.0566	11.94647	-308.8819	11.982119	143.0	9441.374
144	11600000	1.5	0.014999999	-28.405428	0.5969141	-321.99692	1219.0	9.291556	0.4354886	0.00010204727	1.0	0.04637219	16.34157	0.77437776	0.040947594	-0.89246565	0.20605	0.73668426	0.03824973	0.003192423	0.41978732	115.48759	-304.81146	16.127302	-303.41974	16.517836	144.0	9486.044
145	11680000	1.5	0.014999999	-28.546679	0.72327805	-318.1611	1219.0	11.112537	0.44984016	9.637875e-05	1.0	0.053857114	16.54959	0.93216485	0.045870494	-0.8926906	0.217275	0.8822133	0.0405984	0.0029662475	0.58751863	110.70747	-298.91876	22.04928	-298.7477	22.3666	145.0	9530.648
146	11760000	1.5	0.014999999	-28.539846	0.8828422	-313.46243	1219.0	13.871059	0.44849548	0.0001849342	1.0	0.07643416	16.858772	1.1840802	0.04988839	-0.8928624	0.2209125	1.3063928	0.04286782	0.0027498784	0.92287695	103.92297	-291.9432	29.626974	-293.36377	29.027843	146.0	9575.266
147	11840000	1.5	0.014999999	-28.193338	1.1607664	-308.2085	1219.0	17.730993	0.45085114	0.00017010231	1.0	0.11535019	17.288322	1.6272376	0.052145552	-0.8930825	0.2219125	2.0560327	0.045804977	0.002527862	1.6690838	93.45698	-286.15744	38.273968	-286.419	37.85554	147.0	9619.8545
148	11920000	1.5	0.014999999	-28.118134	1.674332	-302.05856	1219.0	22.9611	0.4415266	0.00020167771	1.0	0.13502651	17.867765	2.222612	0.05067741	-0.8933593	0.2185375	2.5261712	0.04323253	0.002368563	2.2382267	83.69727	-279.86835	47.69587	-280.0327	47.73442	148.0	9664.309
149	12000000	1.5	0.014999999	-28.033653	2.3518481	-296.36002	1219.0	29.218529	0.4101811	0.00012311418	1.0	0.14237833	18.568329	2.9366555	0.05414323	-0.8935498	0.2185875	2.7306628	0.039933138	0.0017160963	2.6576467	73.96866	-272.78348	57.53718	-273.05875	57.05853	149.0	9708.885
