Epoch	TotalEnvInteracts	worker/CostLimit	worker/noise	learner/VVals	learner/CostVVals	worker/EpRet	worker/EpLen	worker/EpCost	learner/LossQ	learner/LossQC	learner/StopIter	learner/LossPi	learner/Lagrangian	learner/QcRet	learner/KL	learner/Entropy	learner/ClipFrac	learner/LossQcPenalty	learner/LossVallina	learner/LossKLAdv	learner/LossVC	learner/LossV	Eval/NaturalReward	Eval/NaturalCost	Eval/AdvUniformReward	Eval/AdvUniformCost	worker/Epoch	worker/Time
0	80000	1.5	0.0	0.044043947	-0.025230868	-1880.5641	1219.0	467.7595	2.2547498	0.007139218	5.0	9.433152	48.189274	36.613464	0.020008177	0.9164314	0.2978	463.8226	-0.0029614472	7.862689e-07	1391.1873	21004.785	-1673.2546	466.34012	-1673.3359	466.3477	0.0	44.942616
1	160000	1.5	0.0	-60.229042	39.527737	-1686.8616	1219.0	463.0761	1.0098252	0.0015268642	5.0	-0.09321116	48.631355	39.342937	0.0154932095	0.9144706	0.2405	-4.711011	-0.0022458218	4.980617e-06	8.881714	5661.186	-1490.5157	462.08728	-1490.5289	462.0934	1.0	89.81045
2	240000	1.5	0.0023027735	-126.43456	39.19232	-1523.7399	1219.0	458.2158	0.9304247	0.00085958	5.0	-0.095300496	49.50266	39.13097	0.015400193	0.9137669	0.2367	-4.912034	-0.0017435976	9.21645e-06	3.4847493	400.526	-1313.3344	456.30527	-1313.3601	456.297	2.0	134.72314
3	320000	1.5	0.004252031	-121.65601	39.028595	-1359.5828	1219.0	450.9938	0.89553374	0.0005453982	6.0	-0.18327437	50.139324	38.72624	0.021540143	0.913475	0.3217875	-9.594225	-0.0019572224	1.9721514e-05	3.5658567	340.9893	-1098.6886	443.62698	-1098.6978	443.63922	3.0	180.02103
4	400000	1.5	0.0059020403	-109.50873	38.56502	-1168.1062	1219.0	439.1276	0.7855792	0.0004153615	6.0	-0.30827922	50.257374	37.84956	0.020102791	0.9129048	0.3289375	-16.047499	-0.006675142	3.0685467e-05	5.7308006	352.4898	-881.59296	423.20917	-881.55676	423.17715	4.0	225.37921
5	480000	1.5	0.0072987443	-94.19444	37.632	-1001.6732	1219.0	423.78	0.7795521	0.0003347869	6.0	-0.40146646	49.98442	36.612385	0.020242026	0.9122238	0.3094375	-20.763433	-0.010705785	4.0075676e-05	9.148084	292.9155	-681.38715	387.85312	-681.4613	387.82544	5.0	270.67603
6	560000	1.5	0.008481027	-80.37294	36.288845	-845.80273	1219.0	404.75424	0.7004383	0.00029140295	6.0	-0.46425134	49.292973	35.050213	0.01584153	0.9108123	0.2454625	-23.582228	-0.013246935	3.4752713e-05	12.722801	253.84242	-517.9885	320.91306	-517.7562	320.81516	6.0	316.02438
7	640000	1.5	0.009481809	-67.39195	34.376736	-721.03375	1219.0	376.7092	0.65466696	0.00024354031	8.0	-0.56578404	47.629753	32.72575	0.016103946	0.9073963	0.2571125	-27.843426	-0.012983255	2.7734455e-05	17.16793	174.71268	-396.05502	157.7596	-396.0246	157.61937	7.0	361.8229
8	720000	1.5	0.010328949	-56.95336	31.423834	-608.1064	1219.0	334.27246	0.549482	0.00019831184	13.0	-0.7181917	44.358894	29.10966	0.015477542	0.9001428	0.2221125	-33.00256	-0.013664789	9.680568e-06	22.538315	125.54084	-274.61215	45.79848	-274.65277	45.77279	8.0	408.56424
9	800000	1.5	0.011046043	-47.37216	25.884079	-507.36346	1219.0	252.3314	0.47531018	0.0001842214	144.0	-1.0420502	36.972275	22.159666	0.015055814	0.8080807	0.1319	-39.946377	-0.014323346	6.8991794e-09	29.350634	66.98443	-39.92708	328.0951	-39.710876	328.0857	9.0	481.68326
10	880000	1.5	0.01165305	-39.90665	16.596714	-418.3895	1219.0	134.38417	0.34302536	0.00019093565	149.0	-1.2901216	25.697128	11.614007	0.006299769	0.7262707	0.06235	-34.5506	-0.008118521	1.7337984e-10	33.234303	46.881046	-8.673902	332.43588	-8.694978	332.4336	10.0	556.0762
11	960000	1.5	0.012166867	-34.22628	9.96533	-391.47668	1219.0	105.19112	0.2939	0.00029892006	149.0	-0.34366494	23.070076	8.6295	0.006358734	0.64718	0.0594875	-8.342633	-0.007924968	2.0625378e-11	7.241216	20.668434	-7.028463	332.55777	-6.9828587	332.56293	11.0	630.611
12	1040000	1.5	0.012601807	-31.626413	7.062757	-362.9758	1219.0	79.48357	0.26570135	0.0003579768	149.0	-0.16194151	20.7523	6.417973	0.005926817	0.5694757	0.057	-3.584352	-0.007861	1.776872e-11	5.033022	17.44831	-6.5512123	332.6019	-6.5436873	332.6018	12.0	705.2899
13	1120000	1.5	0.012969971	-29.241863	5.0765724	-336.8295	1219.0	57.92319	0.23093064	0.00020119878	149.0	-0.08824812	18.778374	4.719246	0.0056879763	0.4925342	0.0561875	-1.7882823	-0.007680967	1.05396525e-11	3.8647172	13.335076	-5.667388	332.68793	-5.640159	332.68863	13.0	779.9086
14	1200000	1.5	0.0132816145	-27.183506	3.9185927	-315.18973	1219.0	45.651028	0.20314059	7.6482356e-05	149.0	-0.039683904	17.68648	3.7308915	0.005804734	0.41685972	0.0546875	-0.7659944	-0.0074373335	3.232585e-11	3.0044243	10.859903	-5.6850576	332.68622	-5.6852865	332.6851	14.0	854.51636
15	1280000	1.5	0.013545423	-25.402918	3.180529	-294.5408	1219.0	37.93995	0.18782488	4.3396165e-05	149.0	0.007640247	17.049484	3.1866667	0.0060466817	0.3456152	0.0508875	0.120071694	-0.007240869	3.284288e-11	3.411331	10.0028515	-4.8727126	332.7555	-4.883013	332.75388	15.0	929.1564
16	1360000	1.5	0.013768726	-23.795822	2.9737241	-277.6482	1219.0	36.151726	0.16295217	2.8946884e-05	149.0	0.04428554	16.947504	3.1361914	0.001242449	0.31370065	0.0053875	0.7948248	-0.004197761	1.8590752e-09	3.6852796	8.349266	-8.854255	332.42255	-8.850003	332.4226	16.0	1003.7404
17	1440000	1.5	0.013957752	-22.432402	3.080808	-269.76447	1219.0	35.586357	0.16239192	2.0250782e-05	149.0	0.042198747	16.992804	3.2371953	0.0029614735	0.26016858	0.0263625	0.75344944	-0.00655944	1.1253404e-12	3.6117587	6.728949	-3.1718533	332.93875	-3.189369	332.9393	17.0	1079.929
18	1520000	1.5	0.014117749	-21.745914	3.2731528	-255.985	1219.0	37.719406	0.1519501	1.6969214e-05	149.0	0.08034507	17.308493	3.5973125	0.0030547576	0.20954229	0.02345	1.466426	-0.0058125197	1.1270451e-13	4.419396	6.282182	0.0	333.04065	0.0	333.04065	18.0	1154.6654
19	1600000	1.5	0.014253196	-20.661236	3.6786454	-244.95212	1219.0	40.66406	0.14142689	1.4827066e-05	149.0	0.0941953	17.714893	4.0619073	0.0002586132	0.22570467	0.0003375	1.7592967	0.0022904011	1.4345552e-13	4.729216	5.594947	0.0	333.04065	0.0	333.04065	19.0	1229.1354
20	1680000	1.5	0.014367847	-19.905382	4.0053515	-250.45236	1219.0	39.222668	0.15084785	1.8256582e-05	149.0	0.03741162	17.68215	4.15129	0.0001707692	0.24238086	0.000575	0.69546354	0.0025265804	9.280896e-14	3.4541383	5.6570725	0.0	333.04065	0.0	333.04065	20.0	1303.7087
21	1760000	1.5	0.014464887	-20.21784	4.112926	-252.09381	1219.0	38.5581	0.16546772	1.8461758e-05	149.0	0.04808041	17.725538	4.306437	3.434972e-05	0.23966311	0.0	0.90070665	-0.0004130327	3.772813e-14	3.0728242	5.1844726	0.0	333.04065	0.0	333.04065	21.0	1378.3005
22	1840000	1.5	0.014547037	-20.389742	4.308659	-252.27106	1219.0	38.595703	0.17369547	2.1021466e-05	149.0	0.04707433	17.838818	4.5022025	0.00022444678	0.22485639	7.5e-05	0.88814104	-0.001995311	6.5141984e-14	3.022034	5.7634115	0.0	333.04065	0.0	333.04065	22.0	1452.9724
23	1920000	1.5	0.014616577	-20.368677	4.558394	-249.21187	1219.0	39.33963	0.16765408	1.6299202e-05	149.0	0.046436597	18.02439	4.751924	0.004191326	0.16486894	0.0355875	0.87908137	-0.0065605	2.467788e-13	2.8574572	5.2334538	-1.8488535	332.99908	-1.215726	333.00558	23.0	1527.7943
24	2000000	1.5	0.014675439	-20.024431	5.0973115	-235.91914	1219.0	43.63788	0.15750349	1.7183682e-05	149.0	0.04295526	18.575645	5.2855916	0.0010706568	0.13137496	0.0061375	0.8424799	-0.004703738	4.178624e-13	3.5800915	5.9415426	0.0	333.04065	-0.3945609	333.0364	24.0	1602.4392
25	2080000	1.5	0.014725265	-19.063671	5.462023	-229.89919	1219.0	45.902462	0.15079856	1.2956984e-05	149.0	0.04362559	18.927786	5.6527257	0.00095529726	0.10118091	0.0046375	0.87098885	-0.0040764734	4.78499e-13	3.0299883	4.741651	0.0	333.04065	0.0	333.04065	25.0	1677.1719
26	2160000	1.5	0.014767439	-18.613625	5.8911457	-223.87419	1219.0	49.160522	0.13521104	1.6963846e-05	149.0	0.04008081	19.390373	6.07223	0.00022638381	0.11423087	0.000125	0.81479883	0.0019533879	4.6456757e-13	3.050637	4.3718705	0.0	333.04065	0.0	333.04065	26.0	1751.7943
27	2240000	1.5	0.014803143	-18.182291	6.0497036	-225.12236	1219.0	48.305935	0.14319198	1.4177256e-05	149.0	0.018374609	19.441246	6.1557384	0.00017529093	0.10230088	1.25e-05	0.3762526	-0.0015474929	1.9444268e-08	2.444525	4.301697	-10.154709	332.3443	-10.058694	332.35266	27.0	1826.5137
28	2320000	1.5	0.014833362	-18.245926	6.119461	-226.1469	1219.0	48.157932	0.14142124	1.3384243e-05	149.0	0.026145905	19.564432	6.2608953	0.008592625	0.20023823	0.07655	0.4923962	0.020316858	6.7758017e-12	2.2384815	4.438499	-2.3141654	332.98178	-2.3344145	332.98096	28.0	1901.2853
29	2400000	1.5	0.014858946	-18.415909	5.491873	-242.2514	1219.0	41.32854	0.17739102	1.641002e-05	149.0	0.07069631	19.009487	5.8141084	0.0027086479	0.24799678	0.022225	1.4020399	0.0076435697	1.3074396e-12	3.7409875	6.600522	-1.9666678	332.99484	-1.8577393	332.99567	29.0	1976.0254
30	2480000	1.5	0.0148806	-19.662914	5.336535	-254.1786	1219.0	38.14198	0.19295837	2.7662152e-05	149.0	0.05865266	18.804728	5.6012883	0.00015671486	0.25828862	0.0	1.1599694	0.0014450722	7.1800676e-13	3.2255802	6.398222	-1.9672412	332.9948	-2.0062144	332.99393	30.0	2050.8008
31	2560000	1.5	0.014898927	-20.59256	5.602143	-255.34164	1219.0	38.122833	0.20157662	2.7334423e-05	149.0	0.004414959	18.919983	5.6219945	0.00070053013	0.23199414	0.00235	0.090223975	-0.0038002075	5.655904e-13	2.5580516	5.470856	-1.9056704	332.99704	-1.6446148	333.0003	31.0	2125.623
32	2640000	1.5	0.014914451	-20.638075	5.7925916	-249.96663	1219.0	39.02274	0.19672434	3.2658187e-05	149.0	-0.021644052	19.113155	5.7049546	0.0052493615	0.30590722	0.0528625	-0.46101362	0.013715949	5.1590725e-13	2.448462	5.145961	0.0	333.04065	-0.794483	333.02283	32.0	2200.1855
33	2720000	1.5	0.01492758	-20.366478	5.150993	-266.35858	1219.0	36.370827	0.2275744	0.00010847916	149.0	0.0780452	18.953077	5.490481	0.0028029338	0.25661516	0.0231625	1.5574498	-0.0058434373	3.2508515e-13	3.7176142	7.2166266	-1.9237537	332.9964	-1.8556018	332.9989	33.0	2275.0198
34	2800000	1.5	0.014938699	-21.403042	5.8294873	-253.96172	1219.0	38.163616	0.20605245	3.070691e-05	149.0	-0.045362603	19.240831	5.641423	0.0020064216	0.29913568	0.018675	-0.9286914	0.00667556	8.056865e-13	2.8636725	6.2525344	-2.050607	332.99176	-2.0672996	332.99127	34.0	2349.7263
35	2880000	1.5	0.014948113	-20.688887	5.231875	-268.08374	1219.0	35.561443	0.22063947	2.9561314e-05	149.0	0.041847765	19.084682	5.413266	0.0027822398	0.24792197	0.024175	0.84154904	-0.0064869584	5.105475e-13	3.0368726	6.9428735	-2.1816967	332.98685	-2.205056	332.9854	35.0	2424.6143
36	2960000	1.5	0.014956073	-21.544497	5.895539	-253.15291	1219.0	38.34268	0.19865465	2.9296487e-05	149.0	-0.060967445	19.466476	5.640578	0.0079839295	0.33659032	0.0665125	-1.2818828	0.017286599	1.383204e-12	2.86461	6.390808	-2.3723855	332.9795	-2.379023	332.9792	36.0	2499.2932
37	3040000	1.5	0.01496282	-20.615402	5.028111	-272.85638	1219.0	36.013885	0.2396547	4.2592943e-05	149.0	0.09033832	19.338121	5.413185	0.0004552138	0.3571806	0.001275	1.8339382	0.0028590744	6.4712434e-13	3.9849122	7.818654	-2.4912443	332.97482	-2.4850748	332.9749	37.0	2573.9436
38	3120000	1.5	0.0149685275	-22.072208	5.3333826	-278.1555	1219.0	35.872387	0.24053404	0.00012341178	149.0	0.0021135332	19.425383	5.34047	0.0020367387	0.30739453	0.022025	0.044294935	-0.0061104903	8.027245e-13	2.6631048	6.6386414	-2.7272909	332.9652	-2.768249	332.96365	38.0	2648.8508
39	3200000	1.5	0.014973358	-22.356956	5.579632	-265.59128	1219.0	35.942684	0.2208416	3.496514e-05	149.0	-0.0557952	19.532572	5.350518	0.0034818295	0.2505238	0.03155	-1.1451197	-0.0064592827	1.953275e-12	2.7254744	6.247879	-2.9857893	332.9526	-3.0005922	332.95117	39.0	2723.5603
40	3280000	1.5	0.014977453	-21.42097	5.8201413	-251.33421	1219.0	38.86239	0.19256738	2.4374958e-05	149.0	-0.051274367	19.937473	5.6128893	0.002317199	0.29389384	0.0202125	-1.084383	0.007253287	9.362742e-12	3.1916282	6.2051787	-3.5320215	332.91147	-3.5561337	332.90927	40.0	2798.3374
41	3360000	1.5	0.014980911	-20.510233	5.2606974	-264.2001	1219.0	36.40272	0.21526697	3.501774e-05	149.0	0.028690612	19.791315	5.388986	0.0021709648	0.34066197	0.02315	0.5852673	0.0076239654	1.3910888e-11	2.694874	6.287465	-3.8630211	332.8588	-3.8794944	332.85703	41.0	2872.9885
42	3440000	1.5	0.014983846	-21.421066	5.0639067	-275.91492	1219.0	36.186405	0.24811697	7.472288e-05	149.0	0.059380673	19.874876	5.313987	0.00015524053	0.32505944	0.0001375	1.2415478	-0.0024208706	1.5741308e-11	3.105931	6.9456744	-4.1468935	332.8225	-4.117502	332.826	42.0	2947.9148
43	3520000	1.5	0.014986322	-22.217056	5.4883842	-269.40576	1219.0	36.839405	0.22931023	6.965981e-05	149.0	-0.03192782	20.04502	5.359885	0.0018442756	0.3699894	0.0219625	-0.68233204	0.00720889	2.3997655e-11	2.5695877	6.001908	-4.2595963	332.80954	-4.2720594	332.8089	43.0	3022.83
44	3600000	1.5	0.0149884205	-21.903484	5.105486	-282.21228	1219.0	36.427944	0.2558906	6.847163e-05	149.0	0.032405045	20.107822	5.2411857	0.00500203	0.30213833	0.0461125	0.6821647	-0.006421915	1.0260061e-11	2.7778208	7.216236	-4.2391624	332.8116	-4.266489	332.80814	44.0	3097.7573
45	3680000	1.5	0.0149901975	-22.5978	5.5742497	-263.89175	1219.0	36.233498	0.21789971	3.6331963e-05	149.0	-0.07765167	20.19819	5.2654305	0.0021858737	0.34785792	0.0221	-1.6567483	0.007255021	2.7635224e-11	3.2769394	7.526858	-4.408317	332.79553	-4.433864	332.7919	45.0	3172.511
46	3760000	1.5	0.0149917025	-21.55296	4.9611483	-278.22916	1219.0	35.820656	0.24617215	5.3497253e-05	149.0	0.047752783	20.249624	5.1619253	0.0030192053	0.29610014	0.024925	1.0165371	-0.006106899	6.36516e-11	2.812359	6.9015	-5.891127	332.66516	-5.886019	332.66217	46.0	3247.4155
47	3840000	1.5	0.014992981	-22.366371	5.40643	-263.5848	1219.0	36.055466	0.21973822	3.64315e-05	149.0	-0.04717624	20.385174	5.2195992	0.0028759502	0.3493257	0.03075	-1.0224596	0.009252213	4.7901892e-08	2.6605985	6.8396235	-19.299488	331.81888	-19.205997	331.8242	47.0	3322.4404
48	3920000	1.5	0.014994055	-21.512379	4.936512	-277.83868	1219.0	36.17154	0.25413752	5.6784174e-05	40.0	0.056942973	20.50301	5.177401	0.0171006	0.32483098	0.036775	1.1965595	0.010823168	3.0343786e-05	2.8289025	6.7444806	-244.80363	132.35402	-244.35495	132.27379	48.0	3374.76
49	4000000	1.5	0.014994966	-22.516953	5.1790023	-289.64096	1219.0	35.78334	0.2574469	7.774324e-05	3.0	-0.040885895	20.555733	5.0175037	0.01889117	0.32260874	0.095225	-0.9343185	0.040967785	9.9888515e-05	2.1212485	9.976786	-293.64673	54.254215	-293.7568	54.131287	49.0	3419.5771
50	4080000	1.5	0.01499574	-23.500671	4.779378	-312.90308	1219.0	34.5423	0.29170686	0.00028419946	2.0	-0.058162674	20.53629	4.5347557	0.05341316	0.3211899	0.2267125	-1.4072787	0.06563117	0.00022993908	3.4788938	14.164017	-343.2754	16.101131	-343.28366	16.12245	50.0	3464.1912
51	4160000	1.5	0.0149963945	-25.33843	4.356745	-351.746	1219.0	41.842888	0.31899613	0.00025903777	5.0	-0.10962442	21.383665	3.8915718	0.021328378	0.31753826	0.1994875	-2.5414064	-0.0019956161	4.2595602e-05	12.532816	31.509409	-306.2821	36.708565	-306.3358	36.41327	51.0	3509.5017
52	4240000	1.5	0.014996949	-28.097685	2.8691218	-315.1619	1219.0	24.146097	0.2895596	6.237668e-05	4.0	-0.0037512293	19.69449	2.8900075	0.025174154	0.31459668	0.06185	-0.15337916	0.020317607	0.00017632778	4.7614465	27.345863	-315.95108	35.373302	-315.30872	35.115273	52.0	3554.4043
53	4320000	1.5	0.014997421	-25.891901	2.7647028	-325.59445	1219.0	17.415096	0.28748822	4.5534107e-05	2.0	-0.19183122	19.075956	1.977626	0.08133706	0.31330538	0.097625	-4.009849	0.09870941	0.00056306785	3.2404747	36.942696	-356.9642	5.9864306	-356.5799	6.0104723	53.0	3598.942
54	4400000	1.5	0.014997812	-26.834412	1.7577078	-358.74466	1219.0	8.032439	0.30503154	3.8501403e-05	1.0	-0.25211447	18.16917	0.7120866	0.037226662	0.31269407	0.093175	-4.839583	0.054931853	0.0009716912	5.571548	88.13702	-381.3878	1.316251	-380.9	1.3191539	54.0	3643.2056
55	4480000	1.5	0.014998151	-29.434616	0.69760644	-381.80978	1219.0	8.783989	0.3345332	5.317115e-05	1.0	0.0071478346	18.270487	0.7230211	0.048259676	0.31209183	0.1182875	0.10655891	0.060893007	0.0010934707	0.32684526	102.16286	-408.856	4.4250665	-408.35107	4.4557986	55.0	3687.5833
56	4560000	1.5	0.014998434	-31.347073	0.7451085	-406.42722	1219.0	13.675364	0.3560343	0.0001871951	1.0	0.122147135	18.79336	1.2546022	0.05816798	0.3114212	0.1479	2.3916924	0.065862656	0.0015237513	1.7673931	132.79787	-435.1841	10.423107	-435.20752	10.51633	56.0	3731.888
57	4640000	1.5	0.0149986725	-33.448093	1.5650828	-432.32947	1219.0	27.321661	0.41520375	0.0003177927	1.0	0.26488528	20.253632	2.6507273	0.026052058	0.31077668	0.1140125	5.612833	0.039535247	0.0019268333	4.384696	161.08438	-450.72086	15.291247	-450.18845	15.249614	57.0	3776.226
58	4720000	1.5	0.014998881	-35.518246	2.7934983	-448.6447	1219.0	35.609795	0.4064184	0.00030143102	5.0	0.19931687	21.15699	3.5998895	0.03090084	0.30812028	0.169625	4.303636	0.03212099	0.0014475766	3.1698275	177.25667	-409.56674	10.743272	-411.94394	10.545695	58.0	3821.5474
59	4800000	1.5	0.014999048	-36.755657	2.7469788	-432.12784	1219.0	17.302301	0.38069388	9.353182e-05	1.0	-0.17820038	19.366701	1.9892945	0.02129767	0.3075976	0.1028625	-3.7124941	0.022509692	0.0016778423	2.257088	185.2469	-396.88583	7.4879565	-398.15005	7.4076953	59.0	3866.1062
60	4880000	1.5	0.014999196	-35.43978	1.8509265	-419.14487	1219.0	13.525493	0.39613965	0.000116017225	1.0	-0.08749963	19.034353	1.4703107	0.026562618	0.30710122	0.096975	-1.8367944	0.02690628	0.0015245787	1.2751297	154.76021	-382.76947	7.4345655	-383.7728	7.0830708	60.0	3910.5854
61	4960000	1.5	0.014999316	-34.391	1.2498415	-404.344	1219.0	8.625396	0.40087453	0.00013223672	2.0	-0.08790914	18.571537	0.87147576	0.025740612	0.30600122	0.086875	-1.722407	0.02087149	0.0016500694	1.0779158	138.16783	-368.4394	17.424732	-369.04684	17.56841	61.0	3955.188
62	5040000	1.5	0.014999421	-33.178783	0.81799275	-391.14548	1219.0	6.2284465	0.36130556	0.00010672279	2.0	-0.060105544	18.345007	0.55385643	0.033419333	0.30505657	0.081775	-1.2343158	0.03014359	0.0016141428	0.62749463	120.6639	-352.26782	35.11537	-351.838	35.567333	62.0	3999.7024
63	5120000	1.5	0.01499951	-32.0585	0.5356919	-376.69025	1219.0	4.0715013	0.36929578	4.909804e-05	6.0	-0.04316351	18.151527	0.34508124	0.023782793	0.30276683	0.0674375	-0.8719149	0.025991894	0.002146584	0.34321183	99.115364	-365.1585	28.067036	-364.08685	27.958027	63.0	4044.9812
64	5200000	1.5	0.014999585	-30.837921	0.36115825	-388.5734	1219.0	5.6055975	0.38579664	8.360746e-05	2.0	0.031564783	18.305828	0.48463535	0.01865305	0.30198216	0.0716375	0.57264376	0.025965922	0.0023578063	0.25087252	111.55669	-375.74796	21.192837	-376.61002	21.141325	64.0	4089.6113
65	5280000	1.5	0.014999655	-31.58469	0.52786	-400.20694	1219.0	7.1926813	0.37818062	0.00013915254	149.0	0.038612697	18.478367	0.67864084	0.010129834	0.23841383	0.082725	0.6978321	0.0074367006	0.0009166707	0.39378738	119.76035	-356.7841	76.06209	-357.66953	75.44053	65.0	4164.037
66	5360000	1.5	0.014999704	-34.11825	0.48837656	-390.0907	1219.0	4.097337	0.3631065	0.00011118401	149.0	-0.02099741	18.17948	0.39554238	0.006114863	0.19573045	0.0418375	-0.42833096	0.006853395	0.00053824513	0.18944483	121.36014	-335.22342	87.11221	-335.65323	87.18235	66.0	4238.5703
67	5440000	1.5	0.014999748	-33.306717	0.34552103	-381.19592	1219.0	3.4837503	0.33403772	6.5475666e-05	149.0	-0.00991367	18.124783	0.30556887	0.0055961786	0.19162646	0.02175	-0.21319243	0.009316283	0.0006008743	0.12678398	103.36918	-333.67874	88.58573	-332.14172	88.913246	67.0	4313.53
68	5520000	1.5	0.014999791	-31.024035	0.31825328	-386.11542	1219.0	3.6203392	0.3408684	7.356062e-05	149.0	0.0030371696	18.144836	0.33278042	0.006463273	0.15144622	0.0360125	0.03929809	0.0030898582	0.0010072006	0.11189238	91.18821	-349.66946	77.67119	-351.63263	77.639984	68.0	4388.378
69	5600000	1.5	0.01499982	-32.504803	0.328586	-384.40485	1219.0	3.3849308	0.3257721	6.824538e-05	4.0	-0.003266684	18.12795	0.31168598	0.022224968	0.15069735	0.0678125	-0.110092565	0.018818995	0.0011129628	0.0902449	77.541626	-323.5804	79.17681	-322.81665	79.46501	69.0	4433.403
70	5680000	1.5	0.014999851	-32.89796	0.25030622	-358.03323	1219.0	2.057056	0.35216874	4.367301e-05	149.0	-0.018926509	17.997593	0.16672765	0.0059472076	0.117471695	0.0552625	-0.39021325	0.0038282028	0.0017200598	0.05706337	114.348175	-339.55032	65.15229	-341.25204	64.78256	70.0	4507.714
71	5760000	1.5	0.014999868	-29.6052	0.17289521	-364.20123	1219.0	1.2186701	0.32825732	2.2331084e-05	5.0	-0.016641377	17.944103	0.10129252	0.022482043	0.11661447	0.074825	-0.36410838	0.017131759	0.0036337979	0.041277412	69.86146	-344.56055	57.227146	-344.98325	56.750095	71.0	4552.4346
72	5840000	1.5	0.014999894	-28.364893	0.099785276	-367.65482	1219.0	1.2325845	0.36119956	2.4503353e-05	149.0	0.0026138723	17.943262	0.10271691	0.002741338	0.09670246	0.034775	0.0018819199	0.0021178848	0.0018974486	0.021108665	83.62263	-347.0316	49.558315	-347.8397	49.503334	72.0	4625.6724
73	5920000	1.5	0.01499991	-29.658138	0.09808477	-366.76932	1219.0	1.198558	0.3302784	2.236593e-05	149.0	0.0015728745	17.942293	0.09970884	0.002997958	0.05712318	0.0310875	-0.003223938	0.00032080352	0.0012754563	0.019364465	79.94072	-344.73495	46.027004	-345.41992	45.986927	73.0	4698.9697
74	6000000	1.5	0.014999923	-30.382896	0.098184645	-365.0803	1219.0	1.1595219	0.31027487	2.1806027e-05	149.0	0.00073435035	17.94122	0.097391285	0.0013082512	0.05020356	0.01435	-0.010616274	0.00044642447	0.00088424026	0.017317226	84.56643	-337.91528	46.698635	-337.8156	46.225784	74.0	4772.6807
75	6080000	1.5	0.014999928	-29.567326	0.09529915	-363.655	1219.0	1.1145327	0.3160523	1.9485937e-05	149.0	0.00031909643	17.940014	0.09385378	0.0014648954	0.0300349	0.0124625	-0.010786312	1.421318e-05	0.00056216045	0.0146460375	99.80545	-327.94308	57.385666	-328.59784	57.285133	75.0	4846.046
76	6160000	1.5	0.014999942	-30.607685	0.087354735	-360.3613	1219.0	1.0742956	0.289442	1.7196753e-05	149.0	0.0010606811	17.938688	0.08948423	0.00057290285	0.022522688	0.0067375	0.009735115	0.0001009747	0.000448616	0.01098308	94.85205	-319.90652	68.963905	-319.49948	69.31321	76.0	4919.3994
77	6240000	1.5	0.014999954	-30.72337	0.08893155	-359.3362	1219.0	1.1854063	0.27321586	2.0788202e-05	149.0	0.0026586757	17.9378	0.09886299	0.0021035585	0.0065758224	0.0247375	0.039545514	0.0005277336	0.00050065876	0.012819006	89.22217	-331.21054	61.598495	-331.24368	61.360237	77.0	4992.8975
78	6320000	1.5	0.014999957	-28.577312	0.109550364	-368.1022	1219.0	1.5355637	0.27773333	2.7417296e-05	149.0	0.0054713613	17.939304	0.13083242	0.0007682585	-0.009611368	0.0050375	0.09386945	-2.4814224e-05	0.00040201383	0.0287573	109.62555	-330.6554	59.78853	-331.51505	58.970978	78.0	5066.6084
79	6400000	1.5	0.01499997	-29.859335	0.12681691	-367.00778	1219.0	1.502738	0.28374666	1.8416738e-05	149.0	0.0018845766	17.937668	0.1326099	0.0018161446	-0.040199876	0.0189625	0.025014514	0.00014786149	0.00026878132	0.024321096	107.2134	-301.82712	84.8003	-301.03952	85.10456	79.0	5140.293
80	6480000	1.5	0.014999973	-32.463825	0.10183076	-360.18576	1219.0	1.3045508	0.27384216	1.6963524e-05	149.0	0.0031956309	17.937021	0.1135134	0.0021306882	-0.071792245	0.0277125	0.054848693	-0.00035025348	0.00023031277	0.018837046	126.72956	-301.92426	87.04785	-301.8708	87.29674	80.0	5213.458
81	6560000	1.5	0.014999973	-30.008778	0.12429603	-363.1038	1219.0	1.6243163	0.2556486	1.4804144e-05	149.0	0.005430222	17.947605	0.14611806	0.0015001314	-0.09549833	0.0112875	0.09708112	-6.774354e-05	0.0002502091	0.03107634	126.58347	-319.27112	76.70111	-320.0799	76.38451	81.0	5286.616
82	6640000	1.5	0.014999983	-29.640688	0.14566037	-365.55908	1219.0	1.5696608	0.25063857	1.1195203e-05	149.0	0.0006319227	17.942053	0.14761892	0.001927845	-0.12554932	0.0221	0.0057816934	-9.731598e-05	0.00021874094	0.024424152	125.2123	-314.50073	79.484184	-314.9273	78.80652	82.0	5362.172
83	6720000	1.5	0.014999985	-32.17169	0.11315015	-359.4385	1219.0	1.3064446	0.23669124	1.4716448e-05	149.0	0.0019771792	17.93682	0.12076196	0.0026818065	-0.15308583	0.0250625	0.032572016	-2.9251862e-05	0.00023447585	0.019045327	132.98692	-325.77597	72.72302	-325.6111	72.87724	83.0	5435.8413
84	6800000	1.5	0.014999987	-28.41766	0.1506603	-367.25177	1219.0	1.7520478	0.22767866	1.0832436e-05	149.0	0.009507125	17.960485	0.19041328	0.0022265792	-0.1404593	0.022525	0.1728504	0.0002834572	0.00020824301	0.036270898	164.98994	-316.0651	78.78048	-316.665	78.47068	84.0	5509.5015
85	6880000	1.5	0.014999988	-28.907366	0.20125897	-366.01837	1219.0	1.6286588	0.23823147	8.050429e-06	149.0	0.002002312	17.948206	0.20944203	0.0023297076	-0.16242848	0.0258625	0.028493805	0.00044663745	0.00017633045	0.035777014	156.43	-303.03546	87.37437	-303.09708	87.452995	85.0	5582.9326
86	6960000	1.5	0.014999988	-32.793987	0.13083003	-355.9339	1219.0	1.3102684	0.22505865	1.4230789e-05	149.0	0.0024142184	17.93718	0.14066815	0.0017003628	-0.1950698	0.011875	0.04062188	-9.509125e-05	0.00019673695	0.02461809	166.9538	-307.36026	82.00881	-307.80847	81.61894	86.0	5656.0103
87	7040000	1.5	0.014999988	-30.645624	0.12699115	-353.48218	1219.0	1.1604801	0.21781325	2.3950935e-05	149.0	-0.002166498	17.936108	0.11826716	0.0038255982	-0.22945142	0.049225	-0.048015267	0.0012983849	0.00023450327	0.01634768	139.32054	-326.38165	64.81895	-326.2757	64.132484	87.0	5731.487
88	7120000	1.5	0.014999988	-27.891285	0.14450361	-360.66302	1219.0	1.1854205	0.22911367	1.8970753e-05	149.0	0.0024894695	17.935135	0.15538816	0.0018439944	-0.23511028	0.018825	0.04135356	0.0006192413	0.00022009783	0.02108188	173.33542	-325.90536	59.371037	-326.3268	60.22901	88.0	5805.5625
89	7200000	1.5	0.014999988	-28.449003	0.1757358	-360.8287	1219.0	1.2250904	0.23021114	1.0971897e-05	149.0	-0.001048263	17.934269	0.17229493	0.0020612106	-0.27343848	0.02245	-0.02777568	0.00016056953	0.00025810476	0.025211338	182.7326	-325.68546	57.351875	-324.73367	57.190777	89.0	5879.0527
90	7280000	1.5	0.014999999	-30.956078	0.14048879	-357.4833	1219.0	1.0380446	0.2328382	1.3469874e-05	149.0	-0.00035977885	17.932798	0.13951367	0.0037538144	-0.30993414	0.0357125	-0.012957373	0.0011669712	0.00032090684	0.016230104	175.14783	-331.7971	44.245808	-332.3989	43.321526	90.0	5952.5327
91	7360000	1.5	0.014999999	-29.185041	0.16108383	-360.061	1219.0	1.1447529	0.2145031	1.51556915e-05	149.0	0.0019310915	17.931786	0.16965285	0.001785165	-0.30599642	0.020275	0.025773121	0.0012575194	0.00032408495	0.021263132	190.89478	-329.5089	41.02056	-330.0619	40.74955	91.0	6026.4023
92	7440000	1.5	0.014999999	-29.131922	0.15872034	-357.35904	1219.0	0.99359566	0.2094603	1.3303562e-05	149.0	-0.0036036633	17.930115	0.1445929	0.0032522916	-0.35643718	0.0305125	-0.07751737	0.00039398117	0.0002824683	0.018730758	184.0319	-322.4452	46.160023	-321.81152	45.870575	92.0	6099.7812
93	7520000	1.5	0.014999999	-31.677528	0.10519455	-351.86008	1219.0	0.9748499	0.19951507	2.6748336e-05	149.0	9.281302e-05	17.928495	0.105936155	0.0020333033	-0.38308474	0.022525	-0.0058815787	0.00041328793	0.00026853353	0.009649591	181.27945	-317.4429	48.131783	-317.78943	47.514675	93.0	6173.36
94	7600000	1.5	0.014999999	-28.235056	0.10802825	-351.8674	1219.0	0.98055065	0.2152678	1.9039955e-05	149.0	-0.00041937304	17.926899	0.107023865	0.003276966	-0.41561025	0.0349875	-0.014239304	0.00054966	0.00028218588	0.009067795	171.31427	-324.19565	41.649864	-323.5085	41.59945	94.0	6247.297
95	7680000	1.5	0.014999999	-28.654404	0.122402646	-355.80872	1219.0	0.98854923	0.2260832	1.7172535e-05	149.0	0.0021098577	17.925322	0.1316753	0.0030287744	-0.43808657	0.026225	0.03314581	0.0006060451	0.0002626146	0.012134976	182.27101	-325.53308	36.86682	-326.09387	36.786568	95.0	6320.7637
96	7760000	1.5	0.014999999	-27.979069	0.13861647	-356.84656	1219.0	0.9525488	0.1947356	1.3214022e-05	149.0	3.214064e-05	17.923628	0.1397501	0.0046061752	-0.466733	0.0587625	-0.007160924	0.0022293862	0.00023236829	0.013223376	175.2833	-326.65347	31.863562	-327.42096	30.726171	96.0	6394.5015
97	7840000	1.5	0.014999999	-29.215359	0.12011636	-353.20288	1219.0	0.9973727	0.21887445	1.4228366e-05	149.0	-0.00026658314	17.92212	0.11975195	0.0023387445	-0.49585146	0.0171375	-0.010638084	0.00011423264	0.00023640251	0.010593257	164.82545	-331.96536	24.707275	-331.86902	24.55827	97.0	6468.1367
98	7920000	1.5	0.014999999	-28.070566	0.15365268	-359.23697	1219.0	1.0931145	0.22737733	1.3330852e-05	149.0	0.004248456	17.920898	0.17173687	0.0036702594	-0.5105162	0.048925	0.073322386	0.0020121865	0.00021418478	0.018117005	182.41824	-326.24295	26.15948	-326.79764	25.564854	98.0	6541.807
99	8000000	1.5	0.014999999	-29.085878	0.15440731	-355.9455	1219.0	0.94109434	0.22129646	1.3526054e-05	149.0	-0.0040551536	17.919085	0.13852365	0.0035188282	-0.5373525	0.0471125	-0.08103733	0.0021257806	0.00025833948	0.0145270005	170.0982	-329.39526	20.89356	-329.5042	20.216192	99.0	6615.572
100	8080000	1.5	0.014999999	-28.851826	0.1533255	-357.44485	1219.0	0.9959341	0.19258447	9.489694e-06	149.0	0.00055463414	17.917582	0.15598798	0.0029892179	-0.5531235	0.034375	0.001963691	0.0010625	0.00021754527	0.015900973	176.13106	-324.24582	23.154057	-324.22363	23.034946	100.0	6689.0757
101	8160000	1.5	0.014999999	-29.739372	0.115786634	-352.2675	1219.0	0.98645055	0.20139134	1.2827828e-05	149.0	-0.0005117031	17.915943	0.11414419	0.0029928272	-0.5817303	0.0343125	-0.015063068	5.5181885e-05	0.00020192056	0.007821565	164.86842	-321.67056	21.91815	-322.16385	21.103996	101.0	6762.6934
102	8240000	1.5	0.014999999	-28.686209	0.11595315	-351.95444	1219.0	1.0526769	0.20808478	1.5024854e-05	149.0	0.00011518026	17.914618	0.11681438	0.0027900254	-0.6114083	0.0245625	-0.0029983823	0.00076904363	0.00020014247	0.010464129	162.74713	-323.8607	19.595154	-323.62726	19.986208	102.0	6836.41
103	8320000	1.5	0.014999999	-28.645365	0.13311642	-354.63864	1219.0	0.9861656	0.20884642	1.5504178e-05	149.0	-0.0006504826	17.912966	0.1307217	0.0022543245	-0.6395821	0.0153875	-0.0167666	-0.0003308981	0.00021008139	0.0126964785	164.06537	-320.43515	22.190767	-320.868	20.892782	103.0	6909.879
104	8400000	1.5	0.014999999	-30.286198	0.10858607	-351.1957	1219.0	1.1098769	0.20561723	1.917288e-05	149.0	0.001931745	17.91187	0.11668501	0.0016839786	-0.67027915	0.0126125	0.031671237	-0.00024519177	0.00020680045	0.011426172	162.28877	-316.10553	25.461594	-315.77173	25.506485	104.0	6985.614
105	8480000	1.5	0.014999999	-29.782185	0.10615564	-347.09805	1219.0	1.5790638	0.2116791	2.1453514e-05	95.0	0.008015704	17.917887	0.13970736	0.01586339	-0.66575855	0.0486125	0.13564561	0.009054355	0.00021121153	0.028066522	156.4788	-325.63834	20.628649	-325.40802	20.411299	105.0	7049.85
106	8560000	1.5	0.014999999	-28.22545	0.15110828	-354.66867	1219.0	1.174943	0.20131516	1.617966e-05	149.0	0.0005509633	17.910883	0.15359326	0.0031288385	-0.688322	0.0263375	0.0046337964	-0.00027316486	0.0002335371	0.015320302	157.80313	-323.8426	22.72909	-324.44647	22.07334	106.0	7125.4365
107	8640000	1.5	0.014999999	-30.01489	0.14055504	-353.2723	1219.0	1.4073479	0.2045286	2.213685e-05	149.0	0.0060043493	17.91077	0.1655835	0.0029429728	-0.71018374	0.0276125	0.10457135	0.002264713	0.00025807228	0.017067108	152.88135	-333.23138	13.55441	-333.21442	13.179162	107.0	7201.434
108	8720000	1.5	0.014999999	-28.362978	0.20909433	-360.24362	1219.0	1.1464524	0.21790954	2.5660265e-05	149.0	0.0016513697	17.90943	0.2161178	0.0023899972	-0.7231575	0.02365	0.02209976	0.0011685968	0.00025510287	0.021133702	170.96355	-332.87845	10.946057	-332.69687	11.141373	108.0	7277.3965
109	8800000	1.5	0.014999999	-29.93633	0.18156567	-356.64816	1219.0	1.0638287	0.21396394	2.5489173e-05	149.0	-0.00026094768	17.908072	0.18177812	0.00186924	-0.74530435	0.0219125	-0.011259562	0.00070453377	0.00025407996	0.010367116	161.05487	-330.47525	10.865224	-330.32428	10.260968	109.0	7352.9507
110	8880000	1.5	0.014999999	-29.84989	0.15351035	-353.46356	1219.0	1.2485336	0.22161496	3.095191e-05	149.0	0.0023857488	17.907442	0.16453795	0.003353551	-0.7785542	0.03405	0.038456596	-0.0003166088	0.00023286456	0.011306364	152.86098	-329.74707	11.825726	-329.60132	12.239192	110.0	7428.9204
111	8960000	1.5	0.014999999	-29.870975	0.15165667	-351.76785	1219.0	1.5979291	0.20403449	1.9363852e-05	149.0	0.0063138707	17.915197	0.17870905	0.0056845997	-0.79469943	0.0592375	0.11134241	0.0038297554	0.00028393627	0.021967242	145.41562	-336.1891	6.813985	-336.77054	6.6882305	111.0	7504.5903
112	9040000	1.5	0.014999999	-27.82673	0.20391196	-357.0706	1219.0	1.1836609	0.2111309	2.0515037e-05	149.0	-0.00052063924	17.906479	0.20178245	0.0018068068	-0.80282503	0.0087875	-0.016409388	3.43204e-05	0.0002772834	0.014185356	150.61353	-336.47525	6.13057	-336.11328	5.9825625	112.0	7580.2856
113	9120000	1.5	0.014999999	-29.385197	0.1883013	-356.73587	1219.0	1.297299	0.20645747	2.6079175e-05	149.0	0.0029592402	17.905924	0.201417	0.0029207463	-0.82142365	0.030475	0.048875466	-0.000112345886	0.00025718426	0.0133496355	140.50462	-337.26154	4.5162	-337.67737	4.4278293	113.0	7656.0283
114	9200000	1.5	0.014999999	-28.06152	0.22652322	-359.16357	1219.0	1.1439518	0.2182869	1.942479e-05	149.0	-0.000829766	17.904692	0.22389069	0.0018084722	-0.82502365	0.0176625	-0.021697365	-5.2931784e-05	0.00026659522	0.015222946	141.23277	-338.81216	2.875667	-338.98248	2.7797418	114.0	7732.1187
115	9280000	1.5	0.014999999	-27.186762	0.2682085	-361.6384	1219.0	1.1994671	0.22008877	1.6330552e-05	149.0	-0.0036666393	17.90379	0.25355193	0.0026360073	-0.84861845	0.0240125	-0.07721498	0.00060584623	0.00025298283	0.020862786	152.3318	-337.50052	2.9748852	-337.99945	2.8507879	115.0	7807.842
116	9360000	1.5	0.014999999	-29.976406	0.23056348	-360.4458	1219.0	1.1126096	0.22330661	1.7668834e-05	149.0	0.0012493548	17.902523	0.23669292	0.0045518745	-0.8680781	0.0627875	0.014695638	0.0010166707	0.00022866194	0.013778077	139.63962	-331.91898	5.1287913	-331.77585	5.2941613	116.0	7883.9
117	9440000	1.5	0.014999999	-31.307457	0.171387	-353.75458	1219.0	1.4519386	0.22177763	2.2861781e-05	149.0	0.0029001904	17.902647	0.18400112	0.005676381	-0.8908015	0.0519375	0.046392668	0.0009144074	0.00023146649	0.021961948	134.44438	-337.1832	3.459897	-337.27908	3.369253	117.0	7959.733
118	9520000	1.5	0.014999999	-28.736563	0.2098314	-358.7906	1219.0	1.1704708	0.22222742	2.2474389e-05	149.0	0.0038626222	17.901272	0.22542892	0.0028994605	-0.9051752	0.0259875	0.06710769	-0.00026278495	0.00023006959	0.017040605	130.98056	-339.63144	2.229236	-339.05646	2.348443	118.0	8035.3975
119	9600000	1.5	0.014999999	-27.15059	0.26687554	-361.2962	1219.0	1.1155142	0.21164612	1.2152252e-05	149.0	-0.0012041002	17.900066	0.26223803	0.005436038	-0.92677414	0.0771625	-0.03210315	0.0029432187	0.00020882372	0.019241244	141.61942	-331.96423	5.401272	-331.73505	5.2977676	119.0	8111.1157
120	9680000	1.5	0.014999999	-32.945644	0.1773188	-353.28955	1219.0	1.7302456	0.20627566	2.0991156e-05	149.0	0.0041197287	17.921686	0.19492722	0.0035953827	-0.9691323	0.0342375	0.07049299	0.00014655266	0.00021888412	0.04186253	133.34018	-334.12976	4.114097	-334.68506	4.02489	120.0	8187.1475
121	9760000	1.5	0.014999999	-27.789944	0.20071213	-357.12573	1219.0	1.1813446	0.21204309	2.5844643e-05	149.0	-0.003176619	17.89967	0.18667085	0.0019838046	-0.9803286	0.009675	-0.06517692	8.217049e-05	0.00021350021	0.016549097	123.878876	-339.44302	2.194841	-339.64938	2.048165	121.0	8262.907
122	9840000	1.5	0.014999999	-25.755575	0.26082957	-363.22498	1219.0	1.1611677	0.22997919	2.485995e-05	149.0	0.005360119	17.898602	0.2825587	0.0021210918	-0.988471	0.0190375	0.093358114	-7.2385956e-05	0.00020416551	0.030168558	161.20358	-335.21155	3.6110525	-335.64645	3.4895442	122.0	8338.983
123	9920000	1.5	0.014999999	-32.78458	0.20336296	-358.64807	1219.0	1.0429099	0.20922069	2.626513e-05	94.0	0.0008923686	17.897182	0.20659317	0.0177571	-1.0090047	0.1797	0.0063949805	0.015647277	0.00019491272	0.015144223	138.39595	-326.62778	8.019986	-327.04364	7.7255263	123.0	8403.236
124	10000000	1.5	0.014999999	-35.52688	0.1412072	-347.01346	1219.0	3.0828376	0.22442897	4.1742413e-05	116.0	0.026774393	18.057411	0.25286174	0.018140119	-1.0492953	0.1702875	0.49538276	0.012889908	0.00022887239	0.115999244	155.5964	-334.90775	3.595144	-334.88174	3.442604	124.0	8471.736
125	10080000	1.5	0.014999999	-24.07618	0.20176356	-357.21884	1219.0	1.0641513	0.23139873	3.0168623e-05	149.0	-0.012734011	17.900434	0.14707789	0.0025864542	-1.044896	0.0314375	-0.2503791	0.00070834736	0.00023975587	0.041955944	158.95932	-339.50906	2.6369598	-339.53226	2.6026235	125.0	8547.5625
126	10160000	1.5	0.014999999	-28.960863	0.17890947	-361.0174	1219.0	1.0084106	0.22682014	1.904411e-05	149.0	0.009261458	17.898914	0.21669185	0.0018570367	-1.0382482	0.0201	0.16839272	0.0005104691	0.00021862453	0.018881029	137.84895	-339.1209	2.4124553	-339.20245	2.290176	126.0	8627.509
127	10240000	1.5	0.014999999	-30.541996	0.2015471	-359.2716	1219.0	0.96893036	0.2617983	2.1869615e-05	149.0	0.0026118697	17.897276	0.21169493	0.006377044	-1.0470258	0.0924375	0.04593232	0.0067467284	0.00020489805	0.008332461	135.99011	-343.41953	1.6032945	-344.44153	1.4757446	127.0	8705.919
128	10320000	1.5	0.014999999	-26.8283	0.27897823	-364.6037	1219.0	1.2502203	0.23501095	1.400793e-05	149.0	0.012475548	17.896748	0.3311613	0.0019408966	-1.0534009	0.015125	0.22906587	9.574823e-05	0.00020179874	0.029399805	168.00175	-341.71887	1.7522647	-342.4703	1.6640465	128.0	8784.132
129	10400000	1.5	0.014999999	-31.087152	0.3022546	-363.1409	1219.0	1.1075861	0.22634406	1.34788515e-05	45.0	0.0012259043	17.895243	0.30754548	0.015343695	-1.0605611	0.1686375	0.010912829	0.015097138	0.00021292939	0.013018248	155.73128	-334.9405	3.9461854	-335.41388	3.649338	129.0	8838.851
130	10480000	1.5	0.014999999	-33.967186	0.19291729	-353.66104	1219.0	1.1129655	0.25905627	2.3642238e-05	149.0	-0.0079729725	17.894037	0.16007529	0.0035964844	-1.1029083	0.0362	-0.15891768	-0.00010472069	0.00027812904	0.021063553	166.31393	-334.8027	3.8932564	-334.7517	3.923922	130.0	8914.481
131	10560000	1.5	0.014999999	-30.600452	0.14604427	-351.5273	1219.0	1.3147432	0.23744373	2.9013256e-05	29.0	8.1179256e-05	17.893616	0.1459571	0.019057287	-1.1082555	0.200725	-0.0069215973	0.020394199	0.0002801942	0.00965536	133.96007	-342.32367	1.2694756	-343.5766	1.2231138	131.0	8965.1875
132	10640000	1.5	0.014999999	-22.916046	0.23103796	-361.30066	1219.0	0.97532624	0.23359203	2.3227452e-05	149.0	0.008961341	17.891798	0.26849568	0.0021647578	-1.1386853	0.0190875	0.16277267	0.0005634529	0.00019425075	0.027844159	210.9998	-343.53845	1.1212308	-344.0103	1.1011553	132.0	9040.56
133	10720000	1.5	0.014999999	-28.593147	0.3028216	-363.66046	1219.0	1.1661904	0.25275716	1.05741265e-05	47.0	0.008547544	17.890932	0.3385843	0.015630718	-1.1498555	0.1542875	0.14601588	0.016983703	0.00019740796	0.022094863	164.40033	-334.99493	2.3703556	-335.6495	2.218073	133.0	9094.989
134	10800000	1.5	0.014999999	-32.485607	0.22034188	-354.83405	1219.0	0.9156096	0.258135	2.0456933e-05	149.0	-0.0128875105	17.888948	0.16698736	0.0050547956	-1.168063	0.0607375	-0.2527766	0.0023041214	0.00018368881	0.024495475	157.5636	-332.11563	3.8434498	-332.64938	3.7514591	134.0	9170.573
135	10880000	1.5	0.014999999	-30.868168	0.13197963	-351.7461	1219.0	1.2398896	0.275844	3.160697e-05	149.0	0.0011034422	17.888432	0.13652454	0.0020700577	-1.184393	0.0187	0.015890462	0.00071974564	0.00017844865	0.00848284	134.41798	-329.96454	4.622588	-330.69208	4.2358484	135.0	9247.899
136	10960000	1.5	0.014999999	-28.895063	0.1318982	-350.93005	1219.0	1.3894097	0.26564786	2.5931246e-05	149.0	0.0009193074	17.887863	0.1358216	0.0035770484	-1.1855501	0.04425	0.013192696	0.0012505917	0.00016762434	0.009699658	126.26083	-328.37177	5.387199	-329.6555	4.873652	136.0	9326.754
137	11040000	1.5	0.014999999	-29.611187	0.13337208	-349.69754	1219.0	1.4687176	0.2398448	2.8216262e-05	149.0	0.00010740336	17.887634	0.13361871	0.008366908	-1.2088267	0.12715	-0.0042757983	0.0047895936	0.00014935675	0.011584893	126.82524	-330.64276	4.106657	-330.55457	4.1534104	137.0	9404.855
138	11120000	1.5	0.014999999	-25.852016	0.16277283	-354.86642	1219.0	0.9535632	0.26106673	2.364612e-05	149.0	-0.0005373979	17.885872	0.16042984	0.0009831507	-1.2083052	0.0090625	-0.013629773	-0.00017802906	0.00012500082	0.008050693	152.1263	-332.67636	3.4053934	-333.4885	3.0302143	138.0	9482.322
139	11200000	1.5	0.014999999	-26.591326	0.23039548	-360.7774	1219.0	0.9708835	0.27063113	2.0361578e-05	149.0	0.009591971	17.884258	0.2706009	0.0006561823	-1.2095438	0.0049875	0.1774878	-7.454033e-05	0.00012655402	0.02162189	164.96814	-334.98422	2.0720313	-336.26154	1.7437547	139.0	9560.182
140	11280000	1.5	0.014999999	-27.8743	0.31587264	-362.64175	1219.0	1.0787352	0.23727283	2.3291217e-05	149.0	0.0018699536	17.883036	0.32409737	0.008690422	-1.2158331	0.1163375	0.021126958	0.007158934	0.0001434212	0.020147175	165.0529	-330.88654	3.4773517	-330.65045	3.4962125	140.0	9638.373
141	11360000	1.5	0.014999999	-33.405525	0.18811345	-353.54468	1219.0	0.94782275	0.2502917	2.2740129e-05	149.0	-0.009594809	17.88123	0.14813928	0.004134042	-1.2419165	0.0435125	-0.18700473	0.00060358434	0.00014801022	0.01698866	163.45555	-331.36765	2.9356537	-332.3216	2.7671568	141.0	9716.255
142	11440000	1.5	0.014999999	-27.684738	0.16264226	-354.84827	1219.0	0.91976166	0.2691409	1.8510069e-05	149.0	-0.00012034702	17.879446	0.1622404	0.0016312166	-1.2645752	0.0081375	-0.005728402	-0.00061722065	0.00013993442	0.0047827675	146.22365	-328.32202	4.0276995	-328.42154	3.9293313	142.0	9793.881
143	11520000	1.5	0.014999999	-31.263245	0.12251112	-350.20346	1219.0	1.2650634	0.26542884	2.3103896e-05	149.0	0.0002363208	17.879025	0.12360877	0.0029520944	-1.2873174	0.02965	0.00012816716	0.00079173956	0.00017353518	0.008983175	142.7788	-332.88226	1.9967242	-333.1734	2.0431023	143.0	9872.067
144	11600000	1.5	0.014999999	-27.579657	0.15306276	-354.39615	1219.0	0.90657246	0.25033122	1.771752e-05	149.0	0.0008565169	17.876863	0.15627849	0.004170884	-1.3040019	0.0497375	0.011988946	0.0011787062	0.00015272421	0.003948426	146.3865	-330.28653	2.810139	-330.54663	2.6906345	144.0	9950.624
145	11680000	1.5	0.014999999	-29.552263	0.13615629	-352.041	1219.0	1.033632	0.28153172	1.8932533e-05	149.0	-0.0015639698	17.875544	0.12948744	0.0024783933	-1.3300551	0.0305	-0.033557907	0.0010362715	0.0001521496	0.0035291512	143.3025	-333.60077	1.6568605	-334.2912	1.529059	145.0	10028.096
146	11760000	1.5	0.014999999	-27.578894	0.17552148	-356.36118	1219.0	0.8610103	0.26984173	2.6310252e-05	149.0	0.0044445074	17.873463	0.19413778	0.0007532554	-1.3351843	0.0039875	0.08041873	-0.00016506195	0.00015768927	0.006724427	154.95145	-329.88998	2.8054512	-330.16663	2.720795	146.0	10105.941
147	11840000	1.5	0.014999999	-30.768572	0.13258637	-350.71906	1219.0	1.1521282	0.2748336	2.8679216e-05	149.0	-0.0034836608	17.872652	0.11806492	0.004259332	-1.3708116	0.050425	-0.07056867	0.00094898604	0.00015527006	0.0059954864	143.65688	-329.79468	2.6718016	-330.9007	2.3769395	147.0	10183.894
148	11920000	1.5	0.014999999	-28.25303	0.12091359	-350.93903	1219.0	1.1117091	0.29122227	2.568839e-05	149.0	-0.0006004904	17.871151	0.11827589	0.0086284	-1.3823129	0.08945	-0.015994852	0.0084729325	0.0001353754	0.0037958436	138.38467	-326.6364	3.6517682	-326.96216	3.4902403	148.0	10261.867
149	12000000	1.5	0.014999999	-27.465569	0.11196999	-349.02655	1219.0	1.3824896	0.26707882	2.271611e-05	99.0	0.0024318183	17.871002	0.121981785	0.015187004	-1.3931496	0.1901875	0.043388188	0.012092314	0.00013242126	0.011197317	139.16562	-333.11835	1.4495931	-333.97708	1.2795534	149.0	10328.678
