Epoch	TotalEnvInteracts	worker/CostLimit	worker/noise	learner/VVals	learner/CostVVals	worker/EpRet	worker/EpLen	worker/EpCost	learner/LossQ	learner/LossQC	learner/StopIter	learner/LossPi	learner/Lagrangian	learner/QcRet	learner/KL	learner/Entropy	learner/ClipFrac	learner/LossQcPenalty	learner/LossVallina	learner/LossKLAdv	learner/LossVC	learner/LossV	Eval/NaturalReward	Eval/NaturalCost	Eval/AdvUniformReward	Eval/AdvUniformCost	worker/Epoch	worker/Time
0	80000	1.5	0.0	0.08373152	0.047062233	-1819.8579	1219.0	466.03638	2.1176486	0.006087734	4.0	9.382365	48.01288	36.526356	0.016082987	0.92092425	0.2432875	459.4818	0.023879092	1.4039082e-07	1380.089	19699.197	-2001.2439	471.72128	-2001.2472	471.71704	0.0	44.547016
1	160000	1.5	0.0	-57.0683	38.778908	-1994.8743	1219.0	469.17172	1.2580391	0.00091479375	14.0	0.21145584	49.25993	39.67495	0.015185985	0.9159575	0.2473	10.566756	-0.00383587	7.9795905e-07	6.732504	10383.588	-1818.5044	468.72574	-1818.5748	468.7268	1.0	91.158394
2	240000	1.5	0.0023027735	-149.14992	39.57957	-1817.2411	1219.0	465.85007	1.1632051	0.0004024193	10.0	-0.030244766	50.30372	39.671055	0.016680088	0.9130783	0.2727125	-1.5834544	0.0012209171	2.793292e-06	1.8273094	489.44675	-1622.4287	465.10495	-1622.3807	465.1015	2.0	137.02516
3	320000	1.5	0.004252031	-146.19284	39.609806	-1638.8599	1219.0	461.84998	1.1306093	0.00024363407	8.0	-0.1088639	51.276615	39.476635	0.017177114	0.91291815	0.2657875	-5.814058	-0.0024671005	7.850921e-06	1.7811404	446.64734	-1428.9647	460.21442	-1428.8903	460.20517	3.0	182.4948
4	400000	1.5	0.0059020403	-132.9485	39.41395	-1458.866	1219.0	456.34433	1.0766811	0.00023001086	6.0	-0.16484936	52.08729	39.131386	0.0152218295	0.9139175	0.25955	-8.875529	-0.0055578277	1.3908476e-05	2.4212317	385.52707	-1243.8156	453.11273	-1243.7094	453.11246	4.0	227.70686
5	480000	1.5	0.0072987443	-118.42324	39.039944	-1302.6022	1219.0	448.51385	0.98883426	0.0002162606	5.0	-0.22641434	52.640884	38.57547	0.015118728	0.914898	0.230825	-12.308253	-0.01048154	2.214657e-05	3.6392438	296.8408	-1066.9377	441.24838	-1066.8634	441.28427	5.0	272.63144
6	560000	1.5	0.008481027	-105.50973	38.394398	-1142.9856	1219.0	436.5353	0.99431837	0.00018454014	5.0	-0.30476823	52.755512	37.67927	0.015962226	0.91493887	0.268775	-16.654348	-0.011423294	2.7996719e-05	5.67651	272.9252	-874.5033	422.44522	-874.52216	422.42978	6.0	317.6482
7	640000	1.5	0.009481809	-92.52555	37.434666	-992.4367	1219.0	423.73184	0.8805068	0.00017350861	5.0	-0.3312294	52.723495	36.590256	0.01587826	0.91362774	0.264175	-18.072706	-0.013270885	2.9183275e-05	6.51055	264.10934	-692.42926	390.57983	-692.4336	390.64682	7.0	362.67288
8	720000	1.5	0.010328949	-79.51313	36.0223	-851.17957	1219.0	404.9308	0.83176935	0.00015975648	6.0	-0.34277362	52.067635	35.031494	0.018559206	0.9105711	0.2953875	-18.552998	-0.01224664	2.7962804e-05	6.252066	219.22392	-511.83347	316.38806	-511.6719	316.29175	8.0	407.83075
9	800000	1.5	0.011046043	-67.641624	33.880123	-721.4747	1219.0	376.58612	0.716687	0.00015587377	7.0	-0.3874628	50.345272	32.61784	0.016529316	0.905838	0.2536875	-20.34833	-0.0134115815	2.3172664e-05	7.340479	173.85461	-392.73477	150.53734	-392.80215	150.56783	9.0	453.2006
10	880000	1.5	0.01165305	-56.843388	30.480284	-604.30634	1219.0	331.40555	0.6235974	0.00018891522	12.0	-0.48123363	46.830776	28.780428	0.015358911	0.8955144	0.2233	-23.530355	-0.014135456	8.17793e-06	10.176632	125.645935	-269.58005	47.962173	-269.50998	48.03293	10.0	499.73132
11	960000	1.5	0.012166867	-47.199337	24.541452	-505.82175	1219.0	251.39473	0.5419569	0.00021384768	112.0	-0.69823295	39.63268	21.914303	0.015107724	0.81059176	0.1193	-28.779644	-0.0150456615	1.7866629e-08	15.017791	67.45765	-47.5232	322.21063	-47.90358	322.1616	11.0	566.0467
12	1040000	1.5	0.012601807	-39.459885	15.275638	-418.1768	1219.0	135.86964	0.4111603	0.00032576302	149.0	-0.9669607	28.531845	11.438818	0.0064955377	0.72344977	0.068075	-28.731115	-0.008473384	2.0225293e-09	21.776657	44.05525	-11.645685	334.1544	-11.279916	333.541	12.0	640.50055
13	1120000	1.5	0.012969971	-33.939007	9.29455	-387.32724	1219.0	101.64651	0.34458318	0.00047384584	149.0	-0.24968217	25.473957	8.266155	0.0068369904	0.64181226	0.0630375	-6.6997986	-0.00803067	4.0668155e-10	5.112571	18.45809	-6.704652	332.58823	-6.6611776	332.59375	13.0	714.7775
14	1200000	1.5	0.0132816145	-31.245268	6.515317	-358.8234	1219.0	76.02252	0.2890659	0.0003926138	149.0	-0.09780635	23.11743	6.1033206	0.0068759336	0.56252766	0.0607875	-2.420332	-0.0070234435	1.543305e-10	3.5618727	14.819382	-5.721799	332.68344	-5.731024	332.6824	14.0	789.2964
15	1280000	1.5	0.013545423	-28.94425	4.871084	-335.32062	1219.0	57.5462	0.26421794	0.00018676426	149.0	-0.038882755	21.468132	4.7039356	0.0066644987	0.4844904	0.059475	-0.91499305	-0.007412802	1.2985324e-10	3.4623113	13.588429	-5.189255	332.73062	-5.2135353	332.727	15.0	863.56
16	1360000	1.5	0.013768726	-26.97154	3.7799547	-311.0207	1219.0	44.366516	0.22487116	9.679236e-05	149.0	-0.0120283635	20.287762	3.7173126	0.005710402	0.41136366	0.0515	-0.27895817	-0.007868093	8.733755e-11	3.3938563	11.190635	-4.2444625	332.81116	-4.237731	332.8131	16.0	938.14624
17	1440000	1.5	0.013957752	-25.015007	3.176655	-292.58527	1219.0	37.345028	0.20311208	0.00010055335	149.0	0.014792223	19.682571	3.2192795	0.004138629	0.3445093	0.043	0.28992885	-0.007381647	3.739325e-11	3.2935095	10.050145	-3.74598	332.88043	-3.7230556	332.88522	17.0	1012.4498
18	1520000	1.5	0.014117749	-23.488934	3.0028732	-274.3198	1219.0	35.98994	0.17911191	4.8566475e-05	149.0	0.059160046	19.647484	3.236185	0.0002182158	0.3300347	6.25e-05	1.222607	-0.0018819637	6.480166e-11	4.057093	7.763364	-3.7487934	332.87988	-3.7432103	332.88126	18.0	1086.709
19	1600000	1.5	0.014253196	-22.14811	3.181976	-271.28033	1219.0	35.55055	0.18488285	4.385828e-05	149.0	0.02818745	19.708878	3.2861516	0.0018821335	0.285593	0.0161875	0.5801	-0.005618202	2.0756484e-10	3.5162673	6.0830593	-4.085665	332.82986	-4.0565224	332.8336	19.0	1161.1152
20	1680000	1.5	0.014367847	-21.908024	3.2676558	-264.6489	1219.0	36.62306	0.17035691	3.7446945e-05	149.0	0.045601718	19.909542	3.4445152	0.00022025609	0.30080605	0.0003625	0.94990665	0.002353645	7.499255e-10	4.031306	6.3558054	-4.586266	332.77988	-4.5582232	332.78186	20.0	1235.5717
21	1760000	1.5	0.014464887	-21.373316	3.4618714	-263.34024	1219.0	37.148846	0.17907885	3.2032898e-05	149.0	0.029504849	20.06847	3.5714157	0.0020933074	0.25383374	0.0189125	0.6178873	-0.005798604	5.120807e-11	3.8964837	6.160223	-3.2695653	332.9316	-3.2592282	332.93307	21.0	1310.1338
22	1840000	1.5	0.014547037	-21.127502	3.543518	-256.60995	1219.0	37.49976	0.1706584	3.5655306e-05	149.0	0.044847514	20.20802	3.7182074	0.0029764601	0.20396474	0.021875	0.9475966	-0.006177124	9.56616e-12	4.2428107	5.5654826	-2.067344	332.99115	-2.0753107	332.9913	22.0	1384.7294
23	1920000	1.5	0.014616577	-20.67882	3.7824626	-246.12976	1219.0	39.91102	0.15921935	2.5112298e-05	127.0	0.077334754	20.559858	4.0941443	0.015343478	0.1879979	0.0578	1.6304919	0.012763216	2.4370021e-05	4.855166	5.6718106	-225.81137	180.28778	-228.81374	180.91917	23.0	1454.9679
24	2000000	1.5	0.014675439	-19.953716	4.0844254	-256.1142	1219.0	38.483967	0.17361777	2.3738923e-05	2.0	0.004658566	20.526522	4.0904946	0.021640167	0.18771863	0.05825	0.075574644	0.022398047	6.187804e-05	3.431221	7.6137967	-259.14114	125.081604	-258.76596	125.18257	24.0	1499.4739
25	2080000	1.5	0.014725265	-20.760618	3.9704356	-273.41272	1219.0	33.090206	0.19114116	1.9840274e-05	2.0	-0.078306116	20.08823	3.637092	0.10018235	0.18749404	0.1226	-1.8096349	0.086880885	0.00016218323	2.9012337	13.7745	-316.29565	47.958694	-315.69055	48.02286	25.0	1544.0673
26	2160000	1.5	0.014767439	-22.341911	3.2970707	-309.39	1219.0	20.495508	0.22668627	2.3349992e-05	1.0	-0.27726677	18.904037	2.1391935	0.056920372	0.18740463	0.1300125	-5.7688656	0.083152	0.0002673076	8.530129	37.13093	-350.82208	16.561075	-350.4987	16.622707	26.0	1588.4215
27	2240000	1.5	0.014803143	-25.363514	1.9749445	-341.63324	1219.0	12.9585495	0.26141322	4.077283e-05	1.0	-0.1960557	18.196154	1.1529106	0.091726914	0.18732128	0.222825	-3.9793754	0.10601321	0.00048247515	4.7981467	49.042255	-388.5498	1.0148525	-388.87994	1.0287604	27.0	1632.7249
28	2320000	1.5	0.014833362	-28.233221	1.5751976	-384.68805	1219.0	21.1498	0.30227563	0.00015876356	1.0	0.033825897	19.076406	1.711862	0.06932766	0.18720579	0.2121375	0.6486498	0.08564085	0.0007010423	2.6768544	75.06078	-424.68222	5.891409	-424.74762	5.879822	28.0	1676.9712
29	2400000	1.5	0.014858946	-31.783722	2.868709	-420.25748	1219.0	51.005886	0.33479872	0.00031472946	1.0	0.386377	22.20009	4.453484	0.023907471	0.18709573	0.1146625	9.03036	0.0369519	0.00078659994	4.7709274	93.98535	-446.32846	14.230465	-446.6983	14.355856	29.0	1721.2906
30	2480000	1.5	0.0148806	-34.592648	5.2612553	-440.32397	1219.0	70.67183	0.33377767	0.00023222226	4.0	0.29137135	24.348782	6.4391627	0.05216262	0.18672872	0.31155	7.057491	0.041896474	0.00049183844	3.6925719	99.47819	-419.34494	4.416943	-418.86096	4.3795643	30.0	1766.2913
31	2560000	1.5	0.014898927	-34.759583	3.6926136	-408.90686	1219.0	15.661064	0.31080243	0.00016686172	1.0	-0.48700085	18.928452	1.6520497	0.029566012	0.18664797	0.1403875	-9.794995	0.03065343	0.0005689147	6.2325196	136.0483	-396.4508	1.6090363	-397.93283	1.7116482	31.0	1810.612
32	2640000	1.5	0.014914451	-33.082474	1.2517544	-384.3739	1219.0	5.489637	0.30556163	7.714609e-05	1.0	-0.17616625	17.927517	0.48585814	0.034781586	0.18657184	0.1251125	-3.398034	0.031278096	0.00050237565	1.8130941	103.27432	-366.4414	8.544649	-368.5544	8.282264	32.0	1854.875
33	2720000	1.5	0.01492758	-30.88401	0.2720762	-360.80905	1219.0	3.4875417	0.2851099	2.7421635e-05	1.0	0.0019790635	17.733376	0.2554529	0.03747659	0.18649578	0.1066	0.045780763	0.03007798	0.00041453482	0.12857896	86.00123	-333.4599	41.536537	-334.24957	41.42123	33.0	1899.1252
34	2800000	1.5	0.014938699	-28.851538	0.24029702	-335.60822	1219.0	9.94616	0.28028214	3.295399e-05	1.0	0.1363786	18.400394	0.79201925	0.019618908	0.18641958	0.0733125	2.662681	0.02040545	0.00042684632	1.4728729	69.03035	-308.36935	70.10379	-309.07715	69.84579	34.0	1943.3987
35	2880000	1.5	0.014948113	-26.919935	0.8512318	-320.91666	1219.0	14.988624	0.26606542	2.2625909e-05	1.0	0.11095033	18.93558	1.3045106	0.015848868	0.18634391	0.0626	2.2287834	0.016922465	0.00035405628	1.432127	49.70559	-287.9608	93.86805	-288.235	94.00338	35.0	1987.6472
36	2960000	1.5	0.014956073	-25.76049	1.3908783	-306.92395	1219.0	19.588625	0.26582748	1.5298065e-05	6.0	0.11410379	19.441368	1.8587383	0.044597156	0.18603477	0.0698875	2.2048438	0.04049442	0.0007781154	1.8461354	38.306183	-306.14014	76.50763	-306.06262	76.399666	36.0	2032.8674
37	3040000	1.5	0.01496282	-25.40719	1.7619674	-325.6888	1219.0	13.615357	0.26457813	1.9540512e-05	1.0	-0.12633541	18.8843	1.2229835	0.02461159	0.18599583	0.0713375	-2.541821	0.03557638	0.0009519169	1.7957145	58.162407	-324.99628	56.976955	-325.61578	56.940388	37.0	2077.062
38	3120000	1.5	0.0149685275	-26.797848	1.1662207	-338.7275	1219.0	8.982118	0.2751207	1.5025912e-05	1.0	-0.09107928	18.450436	0.77560323	0.035887554	0.18595767	0.08905	-1.8333529	0.044182256	0.0011301305	0.8933961	75.86743	-347.00574	32.491566	-346.892	32.053577	38.0	2121.3396
39	3200000	1.5	0.014973358	-28.081678	0.7158232	-355.8929	1219.0	3.723862	0.3039445	1.2564761e-05	1.0	-0.09703797	17.938742	0.3099983	0.046437483	0.18592048	0.11315	-1.9082628	0.051698595	0.0013343942	0.7809962	101.071045	-371.50745	10.1608305	-372.10275	10.030026	39.0	2165.5989
40	3280000	1.5	0.014977453	-29.557026	0.27393135	-377.2158	1219.0	2.6744418	0.313185	4.5261688e-05	1.0	-0.012126211	17.839128	0.221099	0.05937626	0.18588153	0.1403375	-0.26009223	0.060495332	0.0015872009	0.1244641	127.75356	-398.16052	4.660657	-399.30984	4.7068796	40.0	2209.8005
41	3360000	1.5	0.014980911	-31.39125	0.29027414	-401.8196	1219.0	5.704212	0.33076406	0.00014441684	1.0	0.06319119	18.153778	0.5459811	0.029849466	0.18583766	0.1244125	1.2227597	0.04169123	0.0017387469	0.5400947	161.94557	-419.20346	8.140804	-417.50372	7.947085	41.0	2254.212
42	3440000	1.5	0.014983846	-33.24336	0.7224556	-420.73904	1219.0	11.44279	0.3419156	0.00032287306	2.0	0.11625017	18.757277	1.2021039	0.027680414	0.18575215	0.1202875	2.3186083	0.033342607	0.0019131454	1.3524736	171.41396	-436.75848	12.434827	-436.19766	12.24377	42.0	2298.7244
43	3520000	1.5	0.014986322	-34.849583	1.3224096	-437.1041	1219.0	15.150904	0.35726064	0.00023112302	3.0	0.11279589	19.157858	1.7702996	0.018285336	0.18563138	0.11855	2.1752083	0.01805867	0.0014361792	1.70225	205.05856	-417.73477	9.135241	-417.5787	9.3607855	43.0	2343.8804
44	3600000	1.5	0.0149884205	-35.785416	1.4191672	-423.56082	1219.0	10.543576	0.34402448	0.00013292253	2.0	-0.032900468	18.722849	1.2595364	0.0636787	0.18555738	0.150225	-0.7808359	0.043858547	0.0011316778	0.73425686	186.75536	-386.6988	8.678619	-386.97836	8.479989	44.0	2388.3008
45	3680000	1.5	0.0149901975	-34.51103	0.93127024	-397.7044	1219.0	4.6607857	0.3337236	9.3752766e-05	1.0	-0.099207595	18.152636	0.49177998	0.025156735	0.18552446	0.100225	-1.9872451	0.025865145	0.0013127798	1.0480953	164.3313	-369.46204	17.431293	-368.95157	16.890871	45.0	2432.5112
46	3760000	1.5	0.0149917025	-32.482952	0.3546839	-383.5874	1219.0	2.6162505	0.33358997	8.7766966e-05	1.0	-0.024668707	17.954493	0.22997794	0.029283753	0.18549243	0.0958625	-0.5029278	0.0240066	0.0011859827	0.16501497	137.54027	-349.45816	35.386524	-350.1309	34.866615	46.0	2476.8396
47	3840000	1.5	0.014992981	-31.173285	0.21067978	-368.17374	1219.0	2.3089564	0.30488896	3.1134536e-05	1.0	-0.0016369226	17.926962	0.18542816	0.031445894	0.18545914	0.08455	-0.04131165	0.029822312	0.0010448683	0.05995338	114.640175	-331.55215	55.672394	-331.92673	55.80007	47.0	2521.1133
48	3920000	1.5	0.014994055	-29.9217	0.20058708	-352.06006	1219.0	5.21972	0.29943967	1.7166802e-05	1.0	0.052738987	18.227055	0.40468466	0.022644874	0.1854209	0.0707125	1.0162611	0.024055768	0.0009622859	0.28684202	96.9244	-315.2429	74.58019	-314.70386	74.97244	48.0	2565.4807
49	4000000	1.5	0.014994966	-28.568384	0.42843232	-339.61267	1219.0	9.322785	0.30840263	3.303337e-05	2.0	0.087345526	18.65532	0.7790278	0.02131111	0.18536131	0.0653375	1.7377094	0.02306055	0.00080669957	0.74036235	76.042404	-299.08606	92.11877	-298.50717	92.3049	49.0	2609.844
50	4080000	1.5	0.01499574	-27.646381	0.83366513	-327.3602	1219.0	13.929058	0.30187932	3.763911e-05	5.0	0.09427657	19.146162	1.2220591	0.029566905	0.18519211	0.0699625	1.8559898	0.03567983	0.0012996908	1.0519284	65.077614	-315.58905	75.18966	-316.2583	75.03159	50.0	2654.892
51	4160000	1.5	0.0149963945	-26.913675	1.163453	-340.62643	1219.0	9.2709875	0.32589683	3.3497472e-05	2.0	-0.08947773	18.705763	0.7800239	0.037011802	0.18514769	0.0845375	-1.8397049	0.049092833	0.0014283144	0.8582022	80.36946	-335.26566	53.210686	-335.32727	53.31333	51.0	2699.3794
52	4240000	1.5	0.014996949	-27.787859	0.6963645	-356.61087	1219.0	4.432517	0.31543365	2.3943625e-05	1.0	-0.07941393	18.237806	0.36083588	0.017830683	0.18513203	0.0718375	-1.5582165	0.026581775	0.0014912554	0.5556562	96.642715	-348.09973	39.772316	-348.2741	39.667988	52.0	2743.7703
53	4320000	1.5	0.014997421	-29.212238	0.34362242	-365.98022	1219.0	2.8057864	0.30979043	2.4700537e-05	1.0	-0.027239066	18.081917	0.22512451	0.023802051	0.18511653	0.0890875	-0.5680921	0.03077309	0.001746999	0.090905905	108.068634	-362.80038	24.799065	-364.02985	24.628988	53.0	2788.1118
54	4400000	1.5	0.014997812	-29.726341	0.20730586	-378.90234	1219.0	2.227573	0.33210722	5.72676e-05	1.0	-0.0018558574	18.02882	0.19324186	0.018903082	0.18510255	0.0899625	-0.06842488	0.025541717	0.0018467922	0.070680186	121.54131	-375.7482	14.972785	-377.51712	15.083611	54.0	2832.293
55	4480000	1.5	0.014998151	-30.807306	0.2326353	-390.76913	1219.0	3.8152463	0.33291617	0.00011836613	2.0	0.025468102	18.19128	0.33020258	0.021472713	0.18506694	0.0995125	0.472125	0.026723135	0.0019377487	0.12857448	132.71248	-389.88718	9.540329	-392.20993	9.683447	55.0	2876.746
56	4560000	1.5	0.014998434	-31.441454	0.43093675	-404.25934	1219.0	5.8394876	0.34315655	0.00020248508	4.0	0.03312237	18.404247	0.5610612	0.019190123	0.18498841	0.090875	0.58051157	0.019192062	0.0015045877	0.24870862	146.20787	-376.349	14.746284	-377.82755	14.615232	56.0	2922.0352
57	4640000	1.5	0.0149986725	-33.806362	0.45076308	-391.69232	1219.0	3.854132	0.32379898	0.00014442194	2.0	-0.017284004	18.219364	0.36904916	0.04255311	0.18494797	0.1088	-0.40964252	0.029261624	0.0013028813	0.16971177	127.28085	-355.5059	31.69861	-356.77478	31.475815	57.0	2966.5032
58	4720000	1.5	0.014998881	-32.95404	0.28419575	-373.70227	1219.0	2.1114163	0.32920843	6.168372e-05	1.0	-0.024454279	18.043516	0.17327513	0.016280908	0.18492612	0.0703625	-0.48427242	0.0125269275	0.001320149	0.0924317	107.63197	-343.8732	44.098946	-345.2711	43.995827	58.0	3010.7373
59	4800000	1.5	0.014999048	-31.004063	0.17372428	-363.42102	1219.0	3.1146336	0.31710505	2.2381884e-05	1.0	0.020610915	18.148157	0.25321522	0.017555207	0.18490076	0.0689625	0.39227638	0.01573882	0.0012351614	0.06552516	82.192665	-329.43466	59.286488	-329.93832	58.655773	59.0	3055.0906
60	4880000	1.5	0.014999196	-30.373707	0.29082692	-352.51328	1219.0	5.383419	0.30678886	1.8689456e-05	1.0	0.03754107	18.384481	0.4431125	0.020567304	0.18487367	0.0655	0.7233451	0.017148014	0.0010762765	0.18556012	72.44144	-315.2842	74.91561	-315.51825	74.6921	60.0	3099.503
61	4960000	1.5	0.014999316	-29.516447	0.4880167	-340.3579	1219.0	9.45241	0.33281857	3.6797377e-05	2.0	0.07903333	18.810095	0.8143042	0.021467913	0.18483344	0.06485	1.6202817	0.02294176	0.0009218088	0.6739741	65.31667	-299.2959	91.65436	-300.1148	91.14478	61.0	3143.9072
62	5040000	1.5	0.014999421	-28.70944	0.8897116	-328.68912	1219.0	13.649333	0.3155003	3.949897e-05	149.0	0.09193009	19.25933	1.2719451	0.0069670724	0.15814103	0.0780375	1.8215647	0.007497722	0.0005700397	0.9976701	61.08455	-305.436	75.772484	-306.0075	75.45763	62.0	3218.0928
63	5120000	1.5	0.01499951	-26.458515	1.206709	-330.95547	1219.0	11.151878	0.31217736	2.7830265e-05	3.0	-0.0300578	19.037727	1.0780624	0.015299537	0.15747142	0.0735	-0.6621314	0.02137858	0.00065309275	0.323679	59.125088	-323.8919	54.030384	-324.6707	53.907158	63.0	3262.932
64	5200000	1.5	0.014999585	-26.158962	0.9233103	-346.73477	1219.0	5.935836	0.3059094	2.2752622e-05	2.0	-0.0900281	18.537159	0.5436811	0.028313827	0.15722428	0.106925	-1.816227	0.042998068	0.0007257633	0.7609862	77.6023	-351.43927	25.348951	-350.90143	25.269056	64.0	3307.3708
65	5280000	1.5	0.014999655	-26.90505	0.42166054	-368.2269	1219.0	1.7430997	0.32682484	4.1354488e-05	2.0	-0.06848551	18.12499	0.13892044	0.043639775	0.15700889	0.1450375	-1.3686434	0.05872501	0.00089492084	0.3433721	105.992966	-385.21457	4.475852	-385.60648	4.5248957	65.0	3351.972
66	5360000	1.5	0.014999704	-28.029007	0.21348928	-394.28094	1219.0	4.9671082	0.3341964	0.00013217046	2.0	0.05351182	18.45568	0.42257628	0.021828672	0.15680848	0.1072125	1.0420918	0.027013596	0.0009513049	0.26023585	146.98694	-406.27856	5.9541073	-406.5451	5.971034	66.0	3396.4417
67	5440000	1.5	0.014999748	-30.65806	0.65142757	-414.08847	1219.0	9.6795845	0.33806497	0.00074438984	5.0	0.07826393	18.94541	0.96763563	0.018141914	0.15635562	0.1328	1.4974631	0.019756848	0.0006706584	0.68553126	156.19676	-376.30576	12.400248	-376.96298	12.277122	67.0	3441.6013
68	5520000	1.5	0.014999791	-36.162655	0.64077777	-394.7469	1219.0	4.320972	0.32580715	0.0001486137	2.0	-0.051604874	18.421253	0.43048817	0.02954982	0.15614738	0.1213375	-1.0605377	0.021960398	0.00058357505	0.35190123	133.93578	-352.76755	35.35245	-353.29996	35.276875	68.0	3486.0625
69	5600000	1.5	0.01499982	-34.765007	0.28456977	-372.64133	1219.0	1.6663239	0.3147877	5.190121e-05	2.0	-0.034460794	18.160173	0.1367797	0.03043739	0.15593886	0.1047125	-0.66762424	0.017030554	0.0005546393	0.1199978	118.74544	-328.0597	64.020584	-327.41245	63.71547	69.0	3530.7556
70	5680000	1.5	0.014999851	-32.43791	0.13994308	-352.68265	1219.0	4.6095176	0.33445555	2.7974975e-05	7.0	0.05617025	18.462051	0.36251244	0.020779863	0.15530992	0.06935	1.0522075	0.018212225	0.00090586575	0.28370443	97.74644	-345.0128	53.6081	-344.54553	53.227272	70.0	3576.2957
71	5760000	1.5	0.014999868	-27.860462	0.30324438	-368.18915	1219.0	2.2937808	0.32977372	2.822166e-05	2.0	-0.028297074	18.233364	0.1854085	0.032800507	0.15516162	0.1086	-0.59913075	0.04440613	0.0011272	0.09051492	89.51244	-369.4012	34.137447	-369.1993	34.373985	71.0	3620.6946
72	5840000	1.5	0.014999894	-28.435518	0.18507484	-388.08902	1219.0	3.321486	0.35713673	8.468735e-05	2.0	0.026406748	18.34106	0.28887126	0.019913737	0.15503216	0.098225	0.49619302	0.028684376	0.0011864955	0.15321894	127.16345	-386.53976	24.067005	-387.3642	23.58441	72.0	3665.3606
73	5920000	1.5	0.01499991	-29.630424	0.421731	-405.06787	1219.0	5.938917	0.32446784	0.00012298397	6.0	0.061788812	18.613377	0.671375	0.02752258	0.15471019	0.1161875	1.1407505	0.02479605	0.0009138034	0.4371145	142.66167	-365.042	44.611984	-365.2714	44.007828	73.0	3710.7205
74	6000000	1.5	0.014999923	-35.792973	0.5336963	-386.8899	1219.0	3.2549329	0.32457727	9.7101736e-05	8.0	-0.053465176	18.351658	0.30587035	0.018269127	0.15440951	0.095025	-1.0774707	0.014250433	0.0011478553	0.35949576	122.34228	-382.82108	34.510025	-382.64786	34.617218	74.0	3756.449
75	6080000	1.5	0.014999928	-30.362131	0.4028445	-401.52075	1219.0	5.2933803	0.3349553	8.8098765e-05	5.0	0.051838834	18.565828	0.60804373	0.03558519	0.15427446	0.1171125	0.9353653	0.028853076	0.0009451283	0.31221488	121.35946	-358.41537	55.697548	-358.8216	55.046375	75.0	3801.7625
76	6160000	1.5	0.014999942	-36.170223	0.47558135	-380.92435	1219.0	2.756696	0.32545418	7.44234e-05	2.0	-0.054357734	18.317547	0.24583074	0.0255567	0.15419807	0.087775	-1.0764217	0.017518023	0.00086437084	0.30818415	139.26787	-337.72888	72.14292	-337.57855	72.07431	76.0	3846.1555
77	6240000	1.5	0.014999954	-33.70268	0.22910869	-364.13672	1219.0	3.4719005	0.32472834	4.7673337e-05	149.0	0.01493955	18.394152	0.28095427	0.0016396877	0.13923395	0.0191	0.2673583	0.0014068811	0.0008827893	0.090486765	101.45049	-338.49356	73.98044	-339.0918	73.32259	77.0	3920.3433
78	6320000	1.5	0.014999957	-30.458677	0.28721985	-364.9151	1219.0	3.1809628	0.33237064	2.502354e-05	4.0	-0.0072649578	18.369686	0.25817105	0.025620444	0.13878262	0.0980875	-0.18540737	0.024783919	0.0011222657	0.033058114	47.771584	-359.7997	58.76519	-359.0994	58.598736	78.0	3965.4294
79	6400000	1.5	0.01499997	-26.95638	0.22172469	-383.20248	1219.0	2.8960178	0.33566165	6.0130482e-05	3.0	0.006694437	18.345694	0.24949221	0.017477358	0.13859475	0.0953375	0.10803362	0.024140919	0.0012319594	0.11910487	117.3723	-376.4986	48.140617	-377.24362	47.563095	79.0	4010.1929
80	6480000	1.5	0.014999973	-29.313128	0.33499888	-397.62482	1219.0	4.807707	0.34218666	9.9096986e-05	5.0	0.046152186	18.54565	0.51920307	0.021035455	0.13841403	0.0872625	0.84301287	0.018474832	0.0009815714	0.26042414	122.65558	-358.17838	56.960888	-358.61423	56.512917	80.0	4055.1982
81	6560000	1.5	0.014999973	-34.66266	0.41060004	-382.13107	1219.0	2.7235143	0.30404347	8.471916e-05	149.0	-0.036668263	18.34195	0.2563655	0.0021171279	0.11523402	0.0218625	-0.7305272	0.0016436583	0.0009270294	0.20646177	104.550385	-356.00137	71.51468	-355.73413	72.02072	81.0	4129.7905
82	6640000	1.5	0.014999983	-32.58337	0.25847602	-382.62997	1219.0	3.128103	0.29305547	7.502609e-05	5.0	0.009079129	18.386932	0.28890762	0.017232118	0.114385605	0.073325	0.14026782	0.011267787	0.0007478275	0.06687282	57.32141	-335.55627	79.72315	-336.0017	79.54649	82.0	4174.8564
83	6720000	1.5	0.014999985	-33.44631	0.25341713	-367.28888	1219.0	2.6700504	0.2950352	4.712076e-05	149.0	-0.007122218	18.345058	0.21962483	0.006195303	0.08828163	0.0471625	-0.16229445	0.0033996864	0.0010242136	0.0712375	98.164314	-347.9492	63.18043	-348.26694	63.44795	83.0	4249.2266
84	6800000	1.5	0.014999987	-30.250956	0.21581765	-369.83337	1219.0	2.0614104	0.29704532	3.6133322e-05	4.0	-0.009283008	18.286755	0.17494719	0.01996628	0.08758998	0.1151375	-0.22186674	0.021721253	0.0014466292	0.052584313	53.97676	-363.401	51.927536	-363.79303	51.573444	84.0	4294.077
85	6880000	1.5	0.014999988	-27.276306	0.20747532	-383.50714	1219.0	3.058171	0.30241087	5.4289267e-05	109.0	0.018814798	18.390154	0.27729818	0.015435116	0.08763456	0.065175	0.318453	0.017814329	0.00081475364	0.088826336	122.38097	-347.66437	47.694244	-346.70682	47.94029	85.0	4360.0967
86	6960000	1.5	0.014999988	-31.054018	0.1992376	-370.123	1219.0	1.53156	0.31298843	4.3031057e-05	149.0	-0.014636507	18.238852	0.13406767	0.0033236453	0.0656842	0.0334125	-0.30064264	0.0018449317	0.00071559026	0.07298648	93.69557	-340.6908	48.726265	-339.8168	49.314316	86.0	4434.427
87	7040000	1.5	0.014999988	-30.389437	0.12453914	-365.88492	1219.0	1.1862972	0.32611907	2.6731776e-05	149.0	-0.0035786962	18.237022	0.10295585	0.0019015789	0.0613724	0.018025	-0.084999055	0.0014740948	0.0006058006	0.025534363	94.57156	-329.20605	56.10761	-328.8938	55.878357	87.0	4509.0933
88	7120000	1.5	0.014999988	-29.4562	0.100293934	-363.61246	1219.0	1.051774	0.34659547	2.0523727e-05	149.0	-0.0010536786	18.23563	0.08977758	0.0021379674	0.049069762	0.0208	-0.03267159	0.0007766262	0.0004673444	0.017366758	105.85023	-309.39264	76.36872	-309.7965	76.145294	88.0	4583.597
89	7200000	1.5	0.014999988	-32.146763	0.07827315	-354.84033	1219.0	1.1728144	0.35595417	1.5499001e-05	149.0	0.0049520913	18.234715	0.092695825	0.0041453997	0.030492902	0.0389125	0.080539554	0.0024374619	0.0004773821	0.019818133	123.66859	-312.44946	81.7432	-312.94	81.32959	89.0	4658.19
90	7280000	1.5	0.014999999	-30.581547	0.103958555	-358.03058	1219.0	1.1305073	0.3528769	1.3756289e-05	149.0	-0.0013952297	18.233437	0.09190141	0.0009217492	0.021039369	0.011875	-0.03754819	0.0006657999	0.00051195046	0.015101271	82.81903	-316.54443	81.471634	-316.53513	81.51659	90.0	4732.7
91	7360000	1.5	0.014999999	-30.559368	0.09215887	-357.70667	1219.0	1.3488395	0.3384158	1.7218446e-05	149.0	0.0058545982	18.233137	0.11122057	0.0019724416	-0.0019396544	0.0211125	0.09920571	9.318314e-05	0.00064441847	0.015578128	76.68964	-327.508	75.804665	-327.8028	76.44917	91.0	4807.383
92	7440000	1.5	0.014999999	-29.789303	0.11235991	-360.71716	1219.0	1.3634006	0.33247888	2.311727e-05	149.0	0.0021407413	18.232464	0.11617605	0.0014324051	-0.015107036	0.01865	0.024600025	-0.00041490883	0.00076156773	0.017877592	68.40125	-335.59634	66.997154	-336.26193	66.67892	92.0	4882.1104
93	7520000	1.5	0.014999999	-29.07	0.117192544	-364.88184	1219.0	1.3364277	0.31195283	2.2872251e-05	149.0	0.0013044506	18.2319	0.11789192	0.00044738298	-0.02235198	0.0026	0.009277656	-0.0006881561	0.0007771654	0.022933103	78.69713	-335.46204	65.895744	-336.5082	65.4585	93.0	4956.8994
94	7600000	1.5	0.014999999	-29.328331	0.1159811	-365.34314	1219.0	1.2889036	0.3050586	1.8056333e-05	149.0	0.00074323046	18.231209	0.114718996	0.0018286239	-0.035096288	0.0262875	-0.003228506	0.0007285843	0.00068535685	0.02209395	79.02425	-325.5915	74.52187	-325.93753	74.30236	94.0	5032.1904
95	7680000	1.5	0.014999999	-32.297688	0.10720206	-357.65564	1219.0	1.1932572	0.35066867	2.3886994e-05	149.0	-0.000110276276	18.230234	0.10280182	0.0018666143	-0.05103016	0.029375	-0.018794019	-1.16058345e-05	0.00082592695	0.011954174	96.56132	-333.2596	65.08532	-334.1398	64.78637	95.0	5107.264
96	7760000	1.5	0.014999999	-28.465069	0.100076504	-361.63354	1219.0	1.118626	0.31331015	2.6363978e-05	149.0	0.0009016128	18.229038	0.09968255	0.0025215636	-0.078602076	0.0214625	0.00031085225	-0.0003389229	0.0007537981	0.01594835	91.15015	-338.08926	58.742878	-336.67688	59.766266	96.0	5181.992
97	7840000	1.5	0.014999999	-29.378235	0.095592484	-362.79648	1219.0	1.1892428	0.31804857	1.586069e-05	149.0	0.0036176594	18.228123	0.107282154	0.0012483716	-0.09355819	0.015675	0.054102313	-0.00013938194	0.0006990162	0.018325437	98.41976	-336.20322	57.916645	-335.66165	57.36037	97.0	5256.9014
98	7920000	1.5	0.014999999	-28.643597	0.10557301	-364.2482	1219.0	1.2581415	0.33829495	1.1952407e-05	149.0	0.0031888797	18.227339	0.11622935	0.0021157463	-0.11576331	0.023725	0.045458503	0.0003613246	0.0004987314	0.020995602	112.028465	-323.89154	63.67672	-323.29398	63.661095	98.0	5331.8384
99	8000000	1.5	0.014999999	-30.312075	0.10495354	-360.18585	1219.0	1.0054216	0.3350853	1.4180949e-05	149.0	-0.002285874	18.225742	0.09350075	0.0022355858	-0.14572334	0.0255	-0.054805286	-0.00017259608	0.00041297745	0.013850497	117.69173	-317.51382	65.70824	-317.64917	64.66122	99.0	5406.487
100	8080000	1.5	0.014999999	-29.286734	0.09619902	-361.70844	1219.0	1.1441365	0.28664336	1.2576621e-05	149.0	0.0032412442	18.224762	0.10841432	0.0016030037	-0.16652036	0.0136875	0.053305566	6.482506e-06	0.00031015908	0.01895375	154.13637	-301.3415	76.56174	-301.6565	75.89396	100.0	5481.4385
101	8160000	1.5	0.014999999	-30.23746	0.09862706	-358.70154	1219.0	1.0147204	0.30197737	1.0241578e-05	149.0	-0.00013219327	18.223122	0.09789136	0.0014761686	-0.18276097	0.0120875	-0.00944608	0.0004880636	0.0002595048	0.014258851	160.3855	-289.248	87.2195	-289.3635	87.55684	101.0	5556.3857
102	8240000	1.5	0.014999999	-31.745995	0.08174847	-350.38794	1219.0	1.1748583	0.32513636	1.7823695e-05	149.0	0.0044740825	18.222252	0.10074927	0.0027340583	-0.20265679	0.0168125	0.07886477	0.00093064766	0.0002383378	0.019736022	161.05003	-290.87314	91.398865	-291.08615	91.618965	102.0	5631.2495
103	8320000	1.5	0.014999999	-31.022894	0.11742517	-348.36417	1219.0	1.5300838	0.34182495	4.7595186e-05	149.0	0.002475662	18.223154	0.12791508	0.0034960506	-0.21680593	0.0427625	0.036350004	0.0013863901	0.0002681647	0.032799203	137.88197	-306.7779	77.94331	-306.5279	77.858604	103.0	5705.936
104	8400000	1.5	0.014999999	-27.150263	0.11488364	-357.52676	1219.0	1.0646933	0.32933918	1.5662776e-05	149.0	-0.0034653544	18.22076	0.10070631	0.00059379905	-0.22099829	0.0056125	-0.072204135	3.8642884e-06	0.00023677292	0.01820924	152.6457	-307.02075	75.502754	-307.69138	74.78638	104.0	5780.6655
105	8480000	1.5	0.014999999	-29.49414	0.105630286	-357.2378	1219.0	1.0475985	0.32466468	2.1914511e-05	149.0	-9.9112396e-05	18.219355	0.10624987	0.0012668488	-0.24982381	0.0092625	-0.0072733	-0.00030740013	0.00022915134	0.015592721	148.7331	-305.41376	75.08708	-305.25046	75.05541	105.0	5855.876
106	8560000	1.5	0.014999999	-30.084646	0.09471361	-354.97586	1219.0	1.0137615	0.29142612	1.3754443e-05	149.0	0.001829783	18.21785	0.10363427	0.0017602303	-0.275856	0.0110375	0.030273862	-0.0002545807	0.00024264757	0.013114673	147.47334	-315.2409	64.075134	-315.88385	62.381313	106.0	5931.2114
107	8640000	1.5	0.014999999	-28.783571	0.119631834	-358.82703	1219.0	1.0619701	0.29125792	1.5475342e-05	149.0	0.007887179	18.216536	0.15371099	0.0014040988	-0.2810655	0.01035	0.14503172	0.00043187753	0.00024221472	0.028558388	168.87578	-316.2392	61.516777	-316.71375	60.843018	107.0	6006.521
108	8720000	1.5	0.014999999	-29.455616	0.13486403	-356.97296	1219.0	0.9733045	0.31373507	1.6013131e-05	149.0	0.0031808608	18.214863	0.15012495	0.0042624967	-0.30870607	0.0494875	0.05060171	0.0022298195	0.0002420651	0.019262638	153.85214	-309.8421	61.31963	-310.39572	61.25737	108.0	6081.7974
109	8800000	1.5	0.014999999	-31.607843	0.10595936	-349.08456	1219.0	1.0934763	0.31085208	2.7664064e-05	149.0	-0.00021251381	18.213713	0.10678418	0.0017544425	-0.3255978	0.0191625	-0.010344813	-0.00030465107	0.00030116452	0.014376607	159.46266	-310.53903	55.781006	-310.77536	56.68741	109.0	6156.8955
110	8880000	1.5	0.014999999	-27.423035	0.11486447	-352.04892	1219.0	0.9429603	0.3247601	1.9842908e-05	149.0	-0.00022986159	18.211882	0.115441844	0.0018423694	-0.33799455	0.0147125	-0.011030824	-0.00036112504	0.00031295707	0.012168087	167.99763	-312.11087	50.106598	-312.2748	49.460365	110.0	6232.3335
111	8960000	1.5	0.014999999	-28.82166	0.11192803	-349.3356	1219.0	1.1730947	0.30156627	1.8037195e-05	56.0	0.001293194	18.211073	0.11898425	0.015221677	-0.3437276	0.0416	0.005068894	0.0093010105	0.0003614123	0.020668186	163.9001	-329.76038	40.301983	-329.48853	39.434826	111.0	6287.992
112	9040000	1.5	0.014999999	-27.0881	0.16388603	-360.779	1219.0	1.20243	0.30314797	1.283427e-05	149.0	0.016037667	18.209929	0.23195332	0.0024971568	-0.3424217	0.02775	0.29681215	0.00095217244	0.00036796156	0.052344628	182.67955	-329.43658	35.59362	-328.45514	35.402946	112.0	6363.0693
113	9120000	1.5	0.014999999	-29.007298	0.20203696	-357.13184	1219.0	1.0094426	0.28604245	1.4890489e-05	3.0	-0.005171304	18.208382	0.1823113	0.017642371	-0.34263232	0.128825	-0.122345835	0.017933657	0.00028257354	0.020003783	164.76837	-310.74185	51.885742	-310.4056	52.034126	113.0	6407.968
114	9200000	1.5	0.014999999	-32.959927	0.094142444	-340.02072	1219.0	3.506299	0.33099613	0.00012625684	28.0	0.045187593	18.412018	0.2846268	0.01974582	-0.35991427	0.0882625	0.85361826	0.011960817	0.0004035221	0.24852468	173.75992	-326.27194	45.282043	-326.04077	44.955288	114.0	6457.9106
115	9280000	1.5	0.014999999	-27.317915	0.28029504	-354.1647	1219.0	1.2324874	0.31898084	2.671444e-05	149.0	-0.04109961	18.213383	0.10699171	0.0027920925	-0.34056	0.0339375	-0.803542	0.0025269738	0.0003972515	0.12168171	153.90166	-331.76715	43.32013	-330.42593	44.196465	115.0	6532.4805
116	9360000	1.5	0.014999999	-26.784746	0.15307991	-361.72842	1219.0	1.2738217	0.31775022	1.5998807e-05	149.0	0.014263402	18.212687	0.21342613	0.0023199136	-0.3483148	0.0175875	0.26323712	0.00084670295	0.0003227008	0.043677136	170.20337	-322.03946	51.26143	-321.2454	51.108124	116.0	6607.4316
117	9440000	1.5	0.014999999	-31.02489	0.16345327	-356.3268	1219.0	1.1786577	0.30332077	1.639393e-05	149.0	0.0032487134	18.211628	0.1773472	0.0011040525	-0.3723912	0.00935	0.053905543	-0.00020472813	0.0003278143	0.018568765	153.35457	-315.571	58.59951	-315.88885	58.052277	117.0	6682.512
118	9520000	1.5	0.014999999	-31.27244	0.123478	-350.81168	1219.0	1.6026858	0.32872015	2.3852357e-05	149.0	0.009021887	18.220121	0.1622329	0.0029577015	-0.40584514	0.031875	0.16466984	0.00037987842	0.00031506407	0.0353593	141.7699	-314.87167	62.634922	-314.60495	62.69366	118.0	6757.699
119	9600000	1.5	0.014999999	-29.259369	0.17646146	-354.26715	1219.0	1.3603767	0.31100115	4.32038e-05	149.0	0.0007594547	18.211384	0.1811042	0.002011792	-0.4343777	0.01385	0.0075851837	-0.00017519627	0.00028453197	0.025368288	140.34451	-305.96832	72.25328	-305.4332	72.41874	119.0	6832.611
120	9680000	1.5	0.014999999	-31.826475	0.14864302	-348.65643	1219.0	2.8417869	0.31133094	6.0812792e-05	127.0	0.024531398	18.346611	0.25298914	0.017353375	-0.46668243	0.0996	0.45918837	0.009605135	0.00044004255	0.12808901	138.3798	-326.3068	57.356773	-326.25696	58.064365	120.0	6903.0195
121	9760000	1.5	0.014999999	-26.048346	0.32277402	-364.65665	1219.0	1.7893038	0.2985351	2.9069033e-05	149.0	0.00780116	18.242292	0.354404	0.0032468494	-0.48541167	0.0397125	0.13540477	0.0022052391	0.00044126512	0.08582819	198.6407	-333.78644	47.451206	-333.23434	47.707626	121.0	6978.0957
122	9840000	1.5	0.014999999	-28.696985	0.37877995	-365.69266	1219.0	1.7347662	0.32660636	1.858126e-05	95.0	0.0038701524	18.237541	0.3949049	0.015449674	-0.5022807	0.061625	0.049665682	0.008432266	0.00039296006	0.032684278	176.41963	-319.67575	49.31537	-320.09805	48.542892	122.0	7041.8047
123	9920000	1.5	0.014999999	-29.886585	0.2984524	-355.1113	1219.0	1.0701598	0.30305117	1.7405775e-05	149.0	-0.027377766	18.215353	0.18416172	0.0032919182	-0.5269285	0.0363625	-0.5382549	0.0007381036	0.00034116488	0.07495339	166.95314	-321.0082	46.149208	-321.13107	45.294212	123.0	7116.9766
124	10000000	1.5	0.014999999	-28.062628	0.16532242	-353.04257	1219.0	1.0955132	0.31767684	1.623164e-05	149.0	-0.0026949649	18.214115	0.15469976	0.0021796685	-0.54332215	0.0241125	-0.060608655	0.00023058338	0.0003132548	0.016576476	151.8306	-328.18167	34.52502	-327.78363	34.81036	124.0	7192.18
125	10080000	1.5	0.014999999	-27.509148	0.1708232	-354.5614	1219.0	0.9498372	0.32938114	1.8255767e-05	149.0	-0.0018116273	18.212397	0.16323209	0.0012234239	-0.55455405	0.01155	-0.04188985	0.00019362374	0.0003087974	0.013386265	172.1154	-328.61835	30.984524	-328.6147	30.886633	125.0	7267.258
126	10160000	1.5	0.014999999	-28.436207	0.15835916	-353.76508	1219.0	0.94340056	0.32891506	1.7201703e-05	149.0	-0.0013318518	18.210684	0.15323427	0.0024874485	-0.57772064	0.0188625	-0.033098668	8.827591e-06	0.0002859316	0.011647228	164.4058	-326.9202	27.771458	-326.91064	27.168385	126.0	7342.4937
127	10240000	1.5	0.014999999	-27.89835	0.14449455	-351.79718	1219.0	1.0126665	0.35568577	2.1748052e-05	149.0	-0.0030901022	18.209246	0.13191172	0.0011369345	-0.59224564	0.008425	-0.06582944	6.371174e-05	0.00027034516	0.012908415	160.58632	-325.56598	28.806992	-325.75287	27.883957	127.0	7417.7476
128	10320000	1.5	0.014999999	-28.979265	0.1204659	-350.79892	1219.0	1.0533813	0.33977324	1.8377435e-05	149.0	-9.301005e-05	18.20783	0.11998334	0.0012352337	-0.59861034	0.0082125	-0.007409643	4.4767763e-05	0.00026322418	0.008081121	155.1688	-328.07974	26.505783	-327.85934	26.69893	128.0	7492.93
129	10400000	1.5	0.014999999	-27.526432	0.15263155	-354.37704	1219.0	0.97294587	0.310671	2.0126969e-05	149.0	0.0027570534	18.206163	0.16454849	0.0033955232	-0.6095595	0.03685	0.044059545	-3.501797e-05	0.00025027985	0.017122082	167.01343	-325.49213	32.695328	-325.58478	31.96206	129.0	7568.0547
130	10480000	1.5	0.014999999	-31.1505	0.12026174	-350.16742	1219.0	1.2112195	0.35404578	1.9805064e-05	149.0	0.0022924887	18.205477	0.12997304	0.004390799	-0.647273	0.0441125	0.03652768	0.0005076359	0.00026469477	0.016897108	155.11055	-323.59338	39.576588	-323.70175	39.500072	130.0	7643.106
131	10560000	1.5	0.014999999	-31.00015	0.12289862	-350.45056	1219.0	1.4419227	0.32641846	2.2882308e-05	149.0	0.005804304	18.205229	0.14700389	0.0017630011	-0.65522236	0.0185125	0.10348536	0.00036988486	0.00029996387	0.021570839	152.20786	-329.95657	33.21784	-330.59637	32.269363	131.0	7718.778
132	10640000	1.5	0.014999999	-28.122856	0.15453328	-352.51932	1219.0	1.0494941	0.32983404	2.7368184e-05	149.0	-0.0024296609	18.203604	0.14418057	0.0012256536	-0.66499287	0.015475	-0.052672233	0.0005201874	0.000259272	0.008614497	145.807	-329.7139	34.643635	-329.8409	33.60918	132.0	7795.341
133	10720000	1.5	0.014999999	-28.790924	0.15554544	-354.5532	1219.0	1.1376829	0.39098352	2.5064812e-05	149.0	0.0071190093	18.202553	0.18582651	0.0012390848	-0.68694586	0.0083	0.13068385	-2.511692e-06	0.00024483725	0.017286966	140.80466	-329.9772	34.912674	-330.2586	34.31348	133.0	7870.7246
134	10800000	1.5	0.014999999	-29.040316	0.19310257	-355.5639	1219.0	1.1439118	0.34765854	2.224054e-05	149.0	0.0006338912	18.20135	0.19614571	0.001907012	-0.716199	0.0127375	0.00624653	3.3794404e-05	0.00023931358	0.014475238	146.16347	-326.82745	37.4496	-327.1889	36.964417	134.0	7946.3525
135	10880000	1.5	0.014999999	-30.277056	0.1656703	-352.5139	1219.0	1.541164	0.3622613	4.3615855e-05	149.0	0.004125769	18.20357	0.18339124	0.010574584	-0.751456	0.1185125	0.07009289	0.008880612	0.00026033496	0.025678745	133.93086	-335.95255	26.568844	-335.9791	26.18216	135.0	8022.69
136	10960000	1.5	0.014999999	-26.885324	0.2603062	-361.03278	1219.0	1.1185137	0.34849185	2.2728256e-05	70.0	0.0060472703	18.200201	0.28563812	0.02388457	-0.74717146	0.1360375	0.09930039	0.023018405	0.00022450833	0.03407813	177.93419	-321.098	38.003857	-321.47855	37.688744	136.0	8083.1826
137	11040000	1.5	0.014999999	-32.974632	0.15005852	-343.46527	1219.0	3.3108284	0.32455668	9.050875e-05	149.0	0.02846781	18.38371	0.26936436	0.0054730494	-0.7688561	0.0650875	0.5420933	0.0029402983	0.0002392263	0.12200859	164.28497	-323.82236	31.686619	-324.2206	31.841835	137.0	8157.9956
138	11120000	1.5	0.014999999	-26.794418	0.24497737	-347.27667	1219.0	1.9909225	0.36333862	3.2076536e-05	149.0	-0.019528205	18.252945	0.16238102	0.006319526	-0.78427625	0.09435	-0.38822415	0.006665409	0.00024823938	0.06400617	135.77821	-326.84225	25.582264	-326.87137	25.839035	138.0	8233.012
139	11200000	1.5	0.014999999	-27.10746	0.14851646	-349.73923	1219.0	1.3117806	0.3847116	2.9298466e-05	13.0	-0.009532619	18.206244	0.108734764	0.015035278	-0.78541654	0.1517625	-0.19679917	0.01711319	0.0002732213	0.024231315	142.44383	-339.9216	12.510998	-340.59616	11.764966	139.0	8280.099
140	11280000	1.5	0.014999999	-24.357931	0.15531707	-363.78082	1219.0	1.1725183	0.3186671	2.2410113e-05	149.0	0.008244061	18.205208	0.1900413	0.0027403252	-0.75605386	0.0228625	0.14968632	0.0014107545	0.00020167354	0.04080996	220.2222	-332.95938	17.089102	-333.7779	16.632627	140.0	8354.775
141	11360000	1.5	0.014999999	-28.215275	0.19885257	-363.98746	1219.0	1.208969	0.3148475	1.4802403e-05	149.0	0.007990073	18.204315	0.23235139	0.0016991509	-0.7506864	0.021125	0.14576596	0.0011740603	0.00019226986	0.027090896	175.59862	-333.6318	12.984698	-333.32584	13.160564	141.0	8429.596
142	11440000	1.5	0.014999999	-27.858006	0.2437977	-363.39688	1219.0	1.1424313	0.3388646	1.4833316e-05	149.0	0.00081886176	18.203154	0.24708389	0.0018926075	-0.7568601	0.0117375	0.008484906	0.0007049899	0.00020399503	0.026039548	176.52243	-328.728	19.903364	-328.45352	19.82191	142.0	8504.359
143	11520000	1.5	0.014999999	-32.318447	0.18026887	-358.20963	1219.0	0.9047873	0.3461291	1.5827109e-05	114.0	-0.00040592102	18.201326	0.17840053	0.015997244	-0.7888755	0.126725	-0.018817173	0.012204567	0.00021558115	0.01722976	174.36812	-317.66086	27.57736	-317.04703	28.395048	143.0	8572.058
144	11600000	1.5	0.014999999	-31.638878	0.08360557	-342.71692	1219.0	2.563293	0.36204848	4.9652463e-05	4.0	0.030012438	18.308477	0.20901924	0.015808681	-0.788502	0.1425625	0.56775177	0.016681498	0.00025567398	0.11420165	147.3026	-332.08868	15.122646	-330.90366	16.018295	144.0	8617.18
145	11680000	1.5	0.014999999	-26.076878	0.24283801	-358.3144	1219.0	0.8984454	0.36701187	2.3629578e-05	149.0	-0.04021025	18.202555	0.074143775	0.0048350203	-0.7931912	0.0410125	-0.78127646	0.0021884523	0.00023351116	0.14792778	177.58098	-336.5455	8.788056	-336.8662	8.484564	145.0	8693.835
146	11760000	1.5	0.014999999	-25.6955	0.07266062	-366.41656	1219.0	1.4155631	0.34064895	1.9373165e-05	149.0	0.01083445	18.202745	0.11708732	0.001871576	-0.81619745	0.0122125	0.20179188	0.00012811518	0.00022548408	0.03952686	197.8489	-327.86148	17.686567	-328.11533	17.37708	146.0	8768.733
147	11840000	1.5	0.014999999	-29.91884	0.116836	-364.70117	1219.0	1.2812113	0.35583347	1.3826946e-05	149.0	-0.001273987	18.20152	0.11266849	0.00089308596	-0.82736677	0.011825	-0.030471815	0.00044132958	0.00023001085	0.023369102	173.7494	-321.7542	23.05403	-322.0414	21.887144	147.0	8843.794
148	11920000	1.5	0.014999999	-30.01754	0.10922346	-362.27734	1219.0	1.0895438	0.3922574	2.1140368e-05	149.0	4.9341572e-05	18.200241	0.1118906	0.0031575074	-0.83922005	0.046875	-0.0038891255	0.004266576	0.00025042152	0.016501205	167.25566	-327.53235	17.590199	-328.20383	16.5046	148.0	8918.472
149	12000000	1.5	0.014999999	-27.517809	0.22620589	-374.74686	1219.0	2.4222934	0.32869127	0.0006590288	5.0	0.03267767	18.29277	0.3630559	0.015144814	-0.8389912	0.135525	0.61170715	0.01426018	0.0002325455	0.14851728	216.08305	-311.6456	29.355207	-311.5997	28.986788	149.0	8963.795
