Epoch	TotalEnvInteracts	worker/CostLimit	worker/noise	learner/VVals	learner/CostVVals	worker/EpRet	worker/EpLen	worker/EpCost	learner/LossQ	learner/LossQC	learner/StopIter	learner/LossPi	learner/Lagrangian	learner/QcRet	learner/KL	learner/Entropy	learner/ClipFrac	learner/LossQcPenalty	learner/LossVallina	learner/LossKLAdv	learner/LossVC	learner/LossV	Eval/NaturalReward	Eval/NaturalCost	Eval/AdvUniformReward	Eval/AdvUniformCost	worker/Epoch	worker/Time
0	80000	1.5	0.0	0.039949615	0.042098287	-1853.5184	1219.0	466.58203	2.1645381	0.0055439253	5.0	9.3956175	48.07256	36.559658	0.016103776	0.91643137	0.2403625	460.8379	-0.0050603193	4.533146e-07	1382.5276	20441.86	-1665.4376	466.58453	-1665.4392	466.58014	0.0	44.797035
1	160000	1.5	0.0	-59.933613	39.101757	-1682.3181	1219.0	463.30646	1.0532429	0.00088286604	7.0	0.016100222	48.65379	39.34797	0.018495316	0.91487205	0.2800375	0.7882541	-0.0017894594	1.0895678e-05	7.211662	5620.49	-1467.4445	461.66562	-1467.3777	461.65936	1.0	90.53324
2	240000	1.5	0.0023027735	-126.25184	39.21242	-1509.9521	1219.0	457.51382	0.8807634	0.0003471051	7.0	-0.109581985	49.436176	39.110905	0.019643648	0.91474617	0.2807625	-5.702245	-0.0011234884	2.107699e-05	3.1277144	381.2941	-1272.8585	454.6957	-1272.8634	454.69547	2.0	136.0301
3	320000	1.5	0.004252031	-120.84854	39.020004	-1328.1982	1219.0	450.3174	0.83387583	0.00015188863	6.0	-0.19622785	50.06189	38.66502	0.01891707	0.9146147	0.2835625	-10.167799	-0.0045110043	3.0908763e-05	3.517706	383.6469	-1074.9502	441.72644	-1074.9844	441.7353	3.0	180.95117
4	400000	1.5	0.0059020403	-106.9811	38.47405	-1152.3722	1219.0	436.5812	0.74613416	0.00013569972	6.0	-0.34244254	50.0053	37.64711	0.01906387	0.91407585	0.3081625	-17.732431	-0.006938423	4.214031e-05	6.678509	329.27435	-867.11444	421.45255	-867.0773	421.45517	4.0	225.99869
5	480000	1.5	0.0072987443	-92.73579	37.438545	-987.0369	1219.0	422.26038	0.71642274	0.00014360077	6.0	-0.38524276	49.812714	36.48237	0.01770216	0.9134636	0.286925	-19.890188	-0.010987666	4.4818382e-05	9.178184	289.17343	-674.19934	385.62167	-674.04004	385.55408	5.0	271.02283
6	560000	1.5	0.008481027	-79.134834	36.059624	-844.7626	1219.0	402.4239	0.6560749	0.00015725312	7.0	-0.43877134	49.055748	34.87448	0.019718943	0.91251844	0.3054375	-22.360374	-0.010693108	4.074021e-05	11.388851	232.97772	-493.8585	303.45477	-493.8527	303.44568	6.0	316.36224
7	640000	1.5	0.009481809	-66.786385	33.904984	-702.22485	1219.0	370.10645	0.6076108	0.00021202579	9.0	-0.5720154	46.914646	32.142803	0.01718962	0.9104203	0.28315	-27.909857	-0.010976123	2.530177e-05	15.177542	198.2293	-368.5923	119.08024	-368.66635	118.95784	7.0	362.0092
8	720000	1.5	0.010328949	-55.35578	30.313635	-588.82086	1219.0	322.7512	0.5261939	0.0002594167	16.0	-0.6577515	43.152996	28.111794	0.015125514	0.90126604	0.201475	-29.420362	-0.013247492	5.687943e-06	18.212238	125.31653	-242.68271	76.32298	-242.78345	76.33023	8.0	409.14377
9	800000	1.5	0.011046043	-45.573063	23.742352	-491.9932	1219.0	230.49258	0.4532947	0.00029286765	149.0	-0.9695498	34.649452	20.15119	0.013460246	0.8019009	0.10135	-34.874294	-0.012990643	8.171896e-09	24.074308	57.22612	-33.317852	335.54703	-32.901714	335.777	9.0	482.92725
10	880000	1.5	0.01165305	-38.154118	14.703006	-413.14505	1219.0	126.973755	0.3375063	0.00035773328	149.0	-1.0027215	24.775042	10.765385	0.0067406427	0.71882635	0.0646	-25.93949	-0.008036062	3.483491e-10	22.620079	36.845417	-7.8973136	332.4903	-7.922425	332.48688	10.0	556.64996
11	960000	1.5	0.012166867	-33.28348	8.732333	-381.1631	1219.0	93.622665	0.2880959	0.00044446238	149.0	-0.30596593	21.68256	7.5012064	0.0062463	0.6392788	0.0604	-6.999087	-0.0075131026	4.8045245e-11	6.1283097	18.697706	-6.289422	332.62668	-6.233728	332.63184	11.0	630.37476
12	1040000	1.5	0.012601807	-30.735722	6.669304	-361.80142	1219.0	80.72901	0.2571664	0.0004441793	149.0	-0.04386971	20.69978	6.475929	0.006303355	0.5612517	0.0573375	-1.0095379	-0.0072151464	2.9539857e-11	3.9008405	13.63829	-5.7858734	332.67697	-5.76009	332.67776	12.0	703.8221
13	1120000	1.5	0.012969971	-28.779081	4.989374	-335.63123	1219.0	58.455612	0.23069577	0.0003679372	149.0	-0.07602599	18.63317	4.664046	0.0058327382	0.4840708	0.056325	-1.526458	-0.00754229	3.0815076e-11	3.9900384	12.747648	-5.2340026	332.72684	-5.3254585	332.71906	13.0	780.30444
14	1200000	1.5	0.0132816145	-26.81024	3.7586575	-313.31317	1219.0	45.778763	0.19448398	0.00018561576	149.0	-0.015335047	17.495943	3.6658762	0.006108512	0.40742397	0.0570375	-0.3158886	-0.007714956	1.339274e-11	3.4467163	10.9848175	-4.154025	332.82166	-4.1097813	332.82553	14.0	853.8549
15	1280000	1.5	0.013545423	-24.939474	3.01629	-292.36563	1219.0	37.201614	0.1823091	8.522129e-05	149.0	0.01865289	16.747719	3.067761	0.0034281653	0.35061455	0.03005	0.323599	-0.0067577073	1.8670411e-10	3.7121956	9.843559	-5.4196153	332.71063	-5.4852343	332.70288	15.0	927.56134
16	1360000	1.5	0.013768726	-23.359915	2.8747222	-276.08185	1219.0	36.013176	0.16344921	4.8405585e-05	149.0	0.063975915	16.73867	3.1200035	0.0018576006	0.30757383	0.0145875	1.1326687	-0.0055884807	2.9313905e-11	3.8605309	7.686749	-3.9520826	332.84613	-3.9632618	332.8449	16.0	1001.2253
17	1440000	1.5	0.013957752	-22.141985	3.067018	-267.02213	1219.0	35.88588	0.15683194	3.579489e-05	149.0	0.051672544	16.833961	3.2651107	0.0005714076	0.28209022	0.001775	0.921743	-0.0033448539	6.00108e-08	3.9623692	6.403759	-18.455914	335.6701	-18.383562	335.02853	17.0	1075.7109
18	1520000	1.5	0.014117749	-21.433062	3.2571902	-262.41876	1219.0	36.507816	0.15826592	2.8749191e-05	149.0	0.057270825	16.98731	3.4884493	3.5518475e-05	0.28031707	0.0	1.0302337	-0.0005201076	4.7360667e-11	3.6813126	6.0412626	-4.343318	332.8011	-4.352243	332.8023	18.0	1149.7863
19	1600000	1.5	0.014253196	-21.105331	3.4903102	-263.13306	1219.0	36.43008	0.16605958	2.5315641e-05	149.0	0.050471038	17.081276	3.6944444	0.0008094199	0.2558885	0.0016875	0.9139458	-0.0034664609	1.39913124e-11	3.0565696	5.897382	-4.094076	332.8284	-4.1102343	332.82654	19.0	1223.531
20	1680000	1.5	0.014367847	-21.073305	3.7257063	-256.07404	1219.0	37.54688	0.16456506	2.6374608e-05	149.0	0.078430675	17.298162	4.0501914	0.0020317235	0.21293166	0.015125	1.4348136	-0.005561842	7.2785e-12	3.43705	5.8048997	-3.8743467	332.85645	-3.8709948	332.85974	20.0	1297.1985
21	1760000	1.5	0.014464887	-20.469315	4.1971846	-245.68309	1219.0	40.383663	0.1579434	1.9070163e-05	149.0	0.07890568	17.694138	4.5283713	0.005614054	0.18078336	0.0194875	1.4675744	0.00020094299	1.2953031e-05	3.7545254	5.7534413	-135.96889	274.7686	-135.63579	275.1269	21.0	1370.8873
22	1840000	1.5	0.014547037	-19.713633	4.568904	-246.55205	1219.0	41.65898	0.15135136	1.6022605e-05	149.0	0.06565207	17.936722	4.847792	0.0010545679	0.20847419	0.0066875	1.2343596	0.0030780556	3.2001244e-05	3.406702	5.826888	-56.07141	319.37338	-56.096954	319.4322	22.0	1445.4718
23	1920000	1.5	0.014616577	-19.845076	4.809217	-247.21912	1219.0	40.906734	0.17010605	1.2723399e-05	6.0	0.03691322	17.978094	4.970441	0.033347923	0.20942788	0.017625	0.67187023	0.024268273	0.0002633438	2.6850083	5.009822	-115.92232	234.96184	-117.37475	234.14091	23.0	1490.74
24	2000000	1.5	0.014675439	-20.178328	4.8222365	-266.13635	1219.0	39.02653	0.19271591	1.9515108e-05	149.0	0.022823676	17.903553	4.9229455	0.00052806165	0.20837972	0.00415	0.42395732	0.00067597505	0.00013809193	2.3006315	14.7561035	-92.9127	262.4806	-91.413826	262.31158	24.0	1564.5598
25	2080000	1.5	0.014725265	-21.786213	5.0692744	-263.962	1219.0	39.924736	0.18879676	2.2303875e-05	5.0	-0.003804476	18.106178	5.0689735	0.020714099	0.2089529	0.017075	-0.10486135	0.023880895	0.00023725038	2.25117	10.192829	-133.38441	201.84796	-134.96167	201.31541	25.0	1609.4272
26	2160000	1.5	0.014767439	-21.904594	4.9406977	-278.33038	1219.0	38.826256	0.21324587	4.0487528e-05	3.0	0.014647194	18.108969	5.013398	0.017722564	0.20953794	0.0214625	0.26530343	0.033335414	0.00021032889	2.223415	17.289688	-177.77097	140.71965	-177.2713	140.55168	26.0	1654.0282
27	2240000	1.5	0.014803143	-23.228226	4.887157	-292.33444	1219.0	38.24947	0.22904238	3.0263918e-05	20.0	0.014646409	18.159084	4.9533057	0.01638396	0.21098304	0.018175	0.21280293	0.06190359	0.00016461428	2.0235426	22.28442	-202.97707	122.96629	-203.5043	122.03162	27.0	1701.9146
28	2320000	1.5	0.014833362	-24.574524	4.7893257	-305.2941	1219.0	37.39901	0.25752524	3.009204e-05	149.0	0.008737195	18.181355	4.836213	0.006887841	0.27035236	0.056675	0.14431435	0.008908108	0.00013187615	1.8345264	25.348316	-177.88895	146.35406	-179.04816	145.5766	28.0	1776.086
29	2400000	1.5	0.014858946	-26.492912	4.850752	-307.60413	1219.0	36.069878	0.2772668	2.8267275e-05	40.0	-0.04239866	18.152939	4.6891656	0.01679391	0.2892985	0.0880875	-0.8533332	0.015866708	0.00024502017	1.9037117	22.628452	-259.7289	82.1269	-258.80518	81.53276	29.0	1827.9683
30	2480000	1.5	0.0148806	-25.373823	4.2653885	-332.8947	1219.0	37.71138	0.28297308	0.0001241319	35.0	0.092380725	18.435694	4.641238	0.022027813	0.2744422	0.020775	-4.362232	0.046556983	0.00018811184	4.095513	33.950954	-298.1409	63.417763	-295.8171	63.004005	30.0	1879.0385
31	2560000	1.5	0.014898927	-29.726131	4.673644	-329.71133	1219.0	35.533806	0.2880728	7.475239e-05	4.0	-0.074271694	18.312977	4.3472123	0.015128691	0.2728028	0.0622875	-1.4614828	0.0076260855	0.00046688653	2.0395584	21.373627	-324.38156	39.410267	-320.5804	39.207012	31.0	1923.5854
32	2640000	1.5	0.014914451	-28.877604	4.222141	-342.26553	1219.0	34.94835	0.2991	4.5520872e-05	3.0	-0.015317589	18.351263	4.154372	0.030927198	0.27186254	0.1261625	-0.44515586	0.025961155	0.0010023542	1.977008	25.29703	-341.2804	28.224268	-344.21542	28.05632	32.0	1968.0514
33	2720000	1.5	0.01492758	-29.375963	3.9479015	-360.2213	1219.0	33.24343	0.31967956	4.4493678e-05	2.0	-0.06630837	18.286987	3.6553311	0.0903135	0.27133414	0.2325125	-1.4278022	0.06816794	0.002987171	3.4145133	37.70723	-367.7353	14.6608715	-367.45956	14.547363	33.0	2012.4154
34	2800000	1.5	0.014938699	-29.756716	3.7431238	-373.60406	1219.0	38.105106	0.3813242	0.00035976782	2.0	-0.050832737	18.88039	3.498282	0.017883178	0.27087235	0.0851	-1.0678173	0.017150877	0.004044011	5.099952	51.82269	-362.5352	9.488642	-364.003	9.462192	34.0	2057.4775
35	2880000	1.5	0.014948113	-31.315819	3.564431	-371.50458	1219.0	37.83556	0.379066	6.593672e-05	2.0	-0.056814406	18.96345	3.292658	0.017416619	0.2704797	0.123125	-1.2493255	0.010065483	0.0025471738	1.8525234	49.52387	-351.46408	9.472901	-351.7009	9.384087	35.0	2101.861
36	2960000	1.5	0.014956073	-32.22355	2.6172879	-362.2438	1219.0	23.09376	0.34551057	3.2913442e-05	2.0	-0.11354432	17.568571	2.1326735	0.044143163	0.27013874	0.19335	-2.1905856	0.020431908	0.0016735804	1.1165713	45.523945	-336.10773	16.994745	-336.82425	16.98975	36.0	2146.148
37	3040000	1.5	0.01496282	-32.081123	1.6208822	-350.63412	1219.0	18.448332	0.3664257	2.9578578e-05	1.0	0.04732462	17.14871	1.8052777	0.015997853	0.26998425	0.1091	0.8183753	0.0062597967	0.0022731377	1.8429213	47.007954	-331.18918	23.020731	-330.9723	23.224354	37.0	2190.3525
38	3120000	1.5	0.0149685275	-31.283787	1.8253231	-343.607	1219.0	21.332222	0.32077473	2.0284338e-05	2.0	0.067661755	17.493887	2.1039994	0.041683257	0.26972392	0.131225	1.2288642	0.011983287	0.0015699107	1.3207219	35.924923	-302.9987	34.982872	-301.29056	34.9968	38.0	2234.6128
39	3200000	1.5	0.014973358	-31.899553	2.2862835	-325.02603	1219.0	30.225136	0.28621563	2.503043e-05	2.0	0.15179358	18.463495	2.9151747	0.021548385	0.2694535	0.0656375	2.9423277	0.0037560672	0.0009702758	3.668545	32.03051	-271.26996	59.844925	-272.34406	59.44778	39.0	2279.0825
40	3280000	1.5	0.014977453	-30.65488	2.9950616	-310.24713	1219.0	34.437954	0.2844563	2.360087e-05	2.0	0.08781502	18.968363	3.352821	0.01737692	0.26925874	0.0267125	1.7341052	0.0021800452	0.0010312224	1.9895742	17.454617	-237.96094	112.76951	-241.34525	111.279335	40.0	2323.423
41	3360000	1.5	0.014980911	-29.754622	3.3725708	-300.89105	1219.0	35.56126	0.2739786	2.3742808e-05	2.0	0.04266533	19.176159	3.5383534	0.020973934	0.26902863	0.0249	0.8778191	0.005436872	0.0012337021	1.5695807	13.158734	-210.05887	151.8694	-209.21886	151.78064	41.0	2368.663
42	3440000	1.5	0.014983846	-29.35494	3.522251	-290.99536	1219.0	35.783405	0.27417108	2.168698e-05	2.0	0.037301783	19.29836	3.6654398	0.026999157	0.2688093	0.02525	0.73766166	0.015723081	0.00124065	1.5716414	12.533857	-183.61105	187.43196	-184.83292	186.65657	42.0	2412.867
43	3520000	1.5	0.014986322	-28.933138	3.6829507	-280.41565	1219.0	36.368855	0.2777131	2.555796e-05	2.0	0.039032537	19.459538	3.8347723	0.025579538	0.26868203	0.0244125	0.79042023	0.025665388	0.00090681936	1.618236	12.429067	-164.96838	218.71773	-165.76596	217.78145	43.0	2457.1956
44	3600000	1.5	0.0149884205	-28.286697	3.9011605	-270.24512	1219.0	37.2795	0.27552783	2.6089303e-05	2.0	0.03661107	19.657207	4.0453134	0.019332096	0.26861644	0.0224625	0.7283864	0.0261181	0.000509118	1.8397067	12.9353895	-146.36342	244.0927	-145.8213	243.88547	44.0	2501.4
45	3680000	1.5	0.0149901975	-27.317072	3.9923987	-265.18533	1219.0	36.95279	0.25771505	3.827037e-05	34.0	0.039854687	19.727354	4.1534767	0.015168993	0.2650719	0.0219875	0.791406	0.024555793	0.0007016589	1.7238836	12.592651	-168.38905	218.26422	-167.77788	218.57141	45.0	2551.9888
46	3760000	1.5	0.0149917025	-26.585938	4.1692266	-272.64688	1219.0	37.0256	0.24761753	3.0045305e-05	4.0	0.017221296	19.84179	4.235245	0.015680283	0.26447293	0.0233625	0.31877896	0.01718901	0.00080466643	1.8746325	9.331839	-187.28737	194.05301	-187.47752	193.93997	46.0	2596.7197
47	3840000	1.5	0.014992981	-26.313356	4.2041845	-278.37332	1219.0	36.69502	0.24665606	3.4571218e-05	3.0	0.007133998	19.910345	4.229107	0.02531093	0.26401374	0.0260375	0.12692495	0.010592449	0.00070176914	1.5186868	7.563932	-211.97417	165.22821	-212.77136	164.3653	47.0	2641.1672
48	3920000	1.5	0.014994055	-26.233578	4.281564	-286.74265	1219.0	36.795723	0.252419	3.371627e-05	3.0	-0.017233478	20.024395	4.204968	0.023317054	0.26371932	0.026825	-0.3893862	0.0099936575	0.0004106745	1.4455632	7.6584635	-244.30817	130.2649	-243.98372	129.08678	48.0	2686.612
49	4000000	1.5	0.014994966	-26.495144	4.2306232	-295.67163	1219.0	36.448223	0.24333358	2.8800296e-05	4.0	-0.03013686	20.09417	4.102544	0.017185375	0.26361653	0.02555	-0.6591927	0.011433149	0.00013179707	1.4316325	10.87177	-286.05075	68.64986	-284.76636	67.963486	49.0	2731.4802
50	4080000	1.5	0.01499574	-26.70204	4.000849	-310.88876	1219.0	34.93918	0.24576469	6.827641e-05	4.0	-0.02579389	20.04863	3.8918648	0.017929139	0.2638702	0.085875	-0.61766887	0.02033642	0.00029802546	1.7927756	16.046438	-333.28937	35.11729	-331.62485	35.17947	50.0	2776.144
51	4160000	1.5	0.0149963945	-27.39647	3.635559	-330.78217	1219.0	29.442474	0.26532975	6.935188e-05	2.0	-0.06429483	19.589153	3.3659148	0.039596356	0.26405475	0.1739375	-1.4999274	0.044712953	0.0012417126	1.6344144	26.212463	-370.36765	23.068182	-367.87317	23.110033	51.0	2820.3965
52	4240000	1.5	0.014996949	-27.896294	3.0308487	-353.01575	1219.0	25.25809	0.29335842	8.281992e-05	1.0	-0.06794631	19.253912	2.7388697	0.023050759	0.2641256	0.1448125	-1.4950229	0.031041015	0.0017155214	3.3706598	36.88398	-377.2662	13.614521	-375.6203	13.585226	52.0	2864.668
53	4320000	1.5	0.014997421	-29.341784	2.7236142	-362.26724	1219.0	24.738262	0.3266367	0.00041034707	1.0	-0.08906715	19.278275	2.33367	0.031322956	0.2641716	0.1711125	-1.889068	0.034218866	0.0026093917	2.9658277	35.764713	-375.64017	6.3719215	-371.95847	6.248661	53.0	2908.7803
54	4400000	1.5	0.014997812	-29.619532	2.4819999	-368.93002	1219.0	26.211977	0.339487	0.0001326671	1.0	-0.0699219	19.499079	2.1682832	0.032574713	0.26420262	0.17935	-1.518919	0.039051507	0.0038165587	2.6428132	48.261845	-377.47336	1.2157079	-374.47952	1.2938406	54.0	2953.0015
55	4480000	1.5	0.014998151	-29.830671	2.5553188	-378.4505	1219.0	33.043217	0.33812776	0.0001048242	1.0	0.038765706	20.280418	2.6772752	0.027253872	0.26421687	0.1502375	0.76721746	0.03540911	0.003817878	1.8910949	58.75649	-384.2045	3.1842673	-387.98843	3.4004788	55.0	2997.3386
56	4560000	1.5	0.014998434	-30.363743	3.0539355	-392.43756	1219.0	43.559624	0.32511222	0.00093006494	2.0	0.13151279	21.461548	3.5547016	0.028899053	0.2642274	0.12865	2.959671	0.033749375	0.0038901768	1.3508946	69.0894	-395.63568	10.530493	-400.52148	10.880268	56.0	3041.9568
57	4640000	1.5	0.0149986725	-31.294737	4.0123982	-408.3152	1219.0	57.931534	0.32387763	0.00015369672	3.0	0.2180621	23.058695	4.871134	0.016691063	0.2642183	0.1286125	5.0751696	0.016811844	0.0018576761	2.072259	81.38226	-389.52014	4.1884604	-393.14883	4.2730637	57.0	3086.5208
58	4720000	1.5	0.014998881	-33.183308	4.2742763	-398.68164	1219.0	39.94518	0.3241334	7.833158e-05	2.0	-0.2131932	21.386599	3.4171042	0.04715754	0.2641971	0.1826375	-4.93132	0.038535576	0.0011729976	1.8276467	75.149536	-382.18872	0.7333814	-377.56604	0.73045045	58.0	3130.8115
59	4800000	1.5	0.014999048	-32.90915	2.6921582	-378.67905	1219.0	19.716423	0.3158937	4.9340906e-05	1.0	-0.24907424	19.42476	1.6664513	0.018774658	0.26418114	0.11575	-5.139384	0.0151848495	0.001521899	1.9083145	64.17376	-372.1765	2.5816925	-368.23325	2.62614	59.0	3175.0747
60	4880000	1.5	0.014999196	-31.382378	1.4229575	-366.14194	1219.0	16.608746	0.29122066	4.958315e-05	1.0	-0.008976866	19.150135	1.3838431	0.01954856	0.26416183	0.1140875	-0.22816579	0.013312883	0.0015036704	0.6628959	48.014233	-365.77414	6.176409	-363.42438	6.3324404	60.0	3219.1794
61	4960000	1.5	0.014999316	-30.512096	1.1534624	-357.8484	1219.0	15.207876	0.3024228	5.7207293e-05	1.0	0.042925112	19.04423	1.3289323	0.018037623	0.26413894	0.1064875	0.8172696	0.009644626	0.0016617387	0.9685667	42.730453	-367.76218	11.714616	-365.2841	11.631904	61.0	3263.2803
62	5040000	1.5	0.014999421	-30.171988	1.2155088	-352.4853	1219.0	16.392681	0.2929932	5.81123e-05	1.0	0.063680835	19.204857	1.4778982	0.015113162	0.26411128	0.0938375	1.2572299	0.0056366944	0.0015721198	1.0117854	42.70655	-368.15247	18.582489	-366.38953	18.585169	62.0	3307.3157
63	5120000	1.5	0.01499951	-30.427073	1.4167727	-347.65817	1219.0	20.028463	0.28026348	6.179715e-05	2.0	0.10727553	19.616991	1.8659219	0.02593953	0.26404575	0.108275	2.2072723	0.011018038	0.0010532171	1.7833078	42.649857	-345.0171	31.027178	-344.77698	30.85336	63.0	3352.3008
64	5200000	1.5	0.014999585	-31.221632	1.8828412	-334.67548	1219.0	27.508463	0.25261003	4.9019563e-05	7.0	0.1696575	20.434767	2.5843174	0.01693341	0.2635241	0.0586625	3.6078172	0.009851572	0.0006622003	3.5735598	38.143536	-334.2249	35.754684	-332.8984	35.564465	64.0	3397.4807
65	5280000	1.5	0.014999655	-30.990524	2.6907113	-325.2672	1219.0	28.64568	0.25432155	4.5234316e-05	2.0	0.011487589	20.61949	2.7392683	0.021856638	0.2633903	0.0599	0.19866791	0.009633664	0.00096051255	0.88005066	18.189144	-328.52597	25.034307	-328.03915	24.910725	65.0	3441.8826
66	5360000	1.5	0.014999704	-29.638006	2.7382586	-323.34882	1219.0	23.0941	0.29029983	5.6642086e-05	2.0	-0.10375781	20.135046	2.2965395	0.055718098	0.26330754	0.0847375	-2.2641442	0.034639042	0.0023954448	1.7108308	22.716595	-325.60773	13.864223	-325.0316	13.5572815	66.0	3486.3203
67	5440000	1.5	0.014999748	-29.070122	2.2630968	-323.64905	1219.0	14.626943	0.28877044	6.645299e-05	1.0	-0.17891873	19.339998	1.5050154	0.02456408	0.2632747	0.0745375	-3.6768703	0.032088365	0.002513644	2.864811	42.379215	-334.654	9.376758	-331.61456	9.347502	67.0	3530.3247
68	5520000	1.5	0.014999791	-27.975128	1.4540251	-335.12845	1219.0	10.650512	0.29102972	5.2092928e-05	1.0	-0.09968014	18.97521	1.0290699	0.03152355	0.2632439	0.0810125	-2.100538	0.037874274	0.0026397028	1.1773694	47.82449	-341.48193	5.335167	-339.32553	5.204586	68.0	3574.2842
69	5600000	1.5	0.01499982	-28.182665	1.0316794	-346.17422	1219.0	6.8800597	0.28516364	5.267246e-05	1.0	-0.09948606	18.619705	0.6078475	0.038322322	0.26321578	0.0918375	-2.0650852	0.05158876	0.0029117565	1.0022942	62.58615	-345.90622	1.771122	-346.13403	1.755726	69.0	3618.4724
70	5680000	1.5	0.014999851	-28.23947	0.6220618	-357.76385	1219.0	3.9557927	0.3024644	4.465183e-05	1.0	-0.068238996	18.339037	0.33004144	0.04712215	0.26318836	0.0994625	-1.3601216	0.054115374	0.0031594592	0.5234271	74.075325	-349.8101	0.9521442	-353.62973	0.9412506	70.0	3663.4575
71	5760000	1.5	0.014999868	-29.143063	0.3255042	-368.84598	1219.0	2.7640605	0.30035648	2.9770314e-05	1.0	-0.02181229	18.22677	0.22172712	0.056997992	0.2631621	0.113	-0.47500265	0.055492427	0.003606605	0.11315832	86.66135	-359.67206	1.7967776	-361.4345	1.8169281	71.0	3707.5955
72	5840000	1.5	0.014999894	-29.843822	0.2372638	-381.99808	1219.0	4.2005887	0.33793673	4.4034045e-05	1.0	0.027753746	18.378725	0.34279978	0.06038467	0.26313496	0.1259125	0.48401734	0.05949859	0.0039873887	0.15152842	103.14167	-370.61734	3.372384	-372.07495	3.4841034	72.0	3751.733
73	5920000	1.5	0.01499991	-30.956425	0.33442304	-394.2308	1219.0	5.67692	0.33936483	9.056476e-05	1.0	0.04420259	18.539646	0.50815135	0.073682204	0.26310536	0.1493625	0.80918115	0.06324191	0.0048542945	0.34882963	119.40519	-382.24048	6.0759974	-383.46957	6.024724	73.0	3795.9446
74	6000000	1.5	0.014999923	-31.678238	0.59513503	-409.53442	1219.0	10.121062	0.37579376	0.00019667778	1.0	0.09640492	19.004549	0.98236316	0.084659725	0.26307368	0.167125	1.867205	0.06508027	0.0055737053	0.9112281	140.35478	-395.39087	9.756275	-400.64484	10.026132	74.0	3840.0732
75	6080000	1.5	0.014999928	-32.930893	1.1133789	-423.68784	1219.0	15.158002	0.40240782	0.00021402336	1.0	0.11035853	19.541307	1.5546652	0.07872597	0.26302743	0.1725	2.2253082	0.06705725	0.0067309476	1.4699458	159.75403	-414.71133	14.017677	-415.32428	14.2703705	75.0	3884.2378
76	6160000	1.5	0.014999942	-34.041485	1.9717631	-439.04578	1219.0	25.168465	0.42542538	0.00024665697	1.0	0.14035769	20.620874	2.531591	0.045377266	0.2629814	0.1471375	2.9848757	0.04619931	0.0068417825	1.647376	174.79214	-425.12582	18.058784	-425.7863	18.021023	76.0	3928.3784
77	6240000	1.5	0.014999954	-35.510372	2.8531175	-447.99478	1219.0	33.3469	0.45511618	0.0014378468	1.0	0.12491592	21.507996	3.3476481	0.023062777	0.2629352	0.1184875	2.706521	0.021451617	0.007351176	1.6513041	178.75269	-432.3459	21.679485	-433.42676	21.713701	77.0	3972.7708
78	6320000	1.5	0.014999957	-36.36907	3.658125	-454.62512	1219.0	40.57214	0.4662568	0.00013807628	2.0	0.11107672	22.337051	4.086772	0.015424611	0.2628474	0.0893625	2.481781	0.014299716	0.008180658	1.5586842	182.49643	-438.82047	24.723011	-440.03046	24.997366	78.0	4017.4458
79	6400000	1.5	0.01499997	-37.11372	4.2990217	-461.35468	1219.0	45.37734	0.45233232	8.919667e-05	3.0	0.09211149	22.942959	4.6446047	0.027476247	0.26272538	0.145425	1.9044969	0.02598774	0.0060830405	1.6229432	189.10005	-425.07007	20.033522	-429.929	20.137306	79.0	4062.0222
80	6480000	1.5	0.014999973	-38.82241	3.8538933	-454.98676	1219.0	32.020847	0.4665951	0.00011640969	1.0	-0.062076036	21.707193	3.5607708	0.015586206	0.26268676	0.1069	-1.6715137	0.011596825	0.007319939	1.6449789	193.89731	-419.23056	17.529655	-422.56903	17.500751	80.0	4106.172
81	6560000	1.5	0.014999973	-38.06754	3.2272518	-450.1722	1219.0	26.573236	0.44233346	6.569462e-05	1.0	-0.032769144	21.232147	3.0553393	0.02251761	0.26265	0.1180125	-1.0125083	0.017622659	0.0071103326	1.5379428	180.0053	-412.43524	15.045601	-415.3778	15.047291	81.0	4150.184
82	6640000	1.5	0.014999983	-37.763596	2.6647387	-442.83914	1219.0	20.783487	0.4411501	5.697461e-05	1.0	-0.03167625	20.720005	2.4966571	0.028399725	0.26261476	0.122725	-0.92865604	0.0210923	0.00677017	1.3671924	170.33028	-404.4942	12.61707	-408.03146	12.730421	82.0	4194.257
83	6720000	1.5	0.014999985	-37.341106	2.179743	-435.49612	1219.0	16.32311	0.43852726	5.255137e-05	1.0	-0.024331648	20.3279	2.0437953	0.034048036	0.26258323	0.122125	-0.76077014	0.02031456	0.006462335	1.0805317	160.36165	-396.8794	10.270034	-399.07465	10.220504	83.0	4238.382
84	6800000	1.5	0.014999987	-36.94082	1.7493548	-426.083	1219.0	12.518076	0.4290355	6.764404e-05	1.0	-0.02542541	19.986238	1.6100445	0.036925793	0.2625532	0.1215375	-0.7596712	0.022822348	0.006144073	0.8619792	150.92441	-388.07382	7.9640975	-390.58005	8.033839	84.0	4282.489
85	6880000	1.5	0.014999988	-36.17605	1.4799845	-417.00476	1219.0	10.110016	0.41977328	7.727768e-05	1.0	-0.03579922	19.789288	1.2947316	0.0402302	0.26252508	0.114775	-0.9533909	0.021188797	0.005928644	0.68349665	132.6448	-380.2339	5.7656717	-383.26266	5.8170314	85.0	4327.7773
86	6960000	1.5	0.014999988	-35.5533	1.1076165	-407.1656	1219.0	7.309382	0.38858804	0.00011653321	1.0	-0.04546122	19.511127	0.88632405	0.042441674	0.26249814	0.1077875	-1.0958233	0.017469034	0.005601621	0.61228865	120.42189	-372.5496	4.1119266	-374.22845	4.117579	86.0	4371.885
87	7040000	1.5	0.014999988	-34.764256	0.7391728	-396.8407	1219.0	5.2855554	0.3930884	0.00012252321	1.0	-0.03766512	19.32339	0.5489266	0.043281987	0.26247308	0.1006625	-0.94572735	0.01785549	0.005143562	0.44278643	102.05837	-363.36475	2.8046532	-365.9704	2.8052557	87.0	4415.939
88	7120000	1.5	0.014999988	-34.110657	0.48882186	-387.4393	1219.0	4.04729	0.38962004	8.843046e-05	1.0	-0.025060516	19.208445	0.35469353	0.04308892	0.26244923	0.094425	-0.7105912	0.018624874	0.004726044	0.21220842	89.31187	-354.41443	1.7023356	-356.56586	1.6512847	88.0	4459.9917
89	7200000	1.5	0.014999988	-33.087425	0.30614096	-378.6006	1219.0	2.796289	0.386225	5.3876836e-05	1.0	-0.01224416	19.09186	0.23181802	0.045044195	0.2624271	0.0868375	-0.38141057	0.017569806	0.0042183115	0.08681882	76.330055	-345.88217	1.953734	-347.11847	1.8749849	89.0	4504.1885
90	7280000	1.5	0.014999999	-32.127117	0.23025766	-368.85	1219.0	3.0751598	0.36456814	4.9098966e-05	1.0	0.010065513	19.121412	0.24865834	0.044701524	0.26240543	0.0786	0.111873485	0.022628337	0.0032592965	0.09019641	67.86755	-336.94058	7.78787	-338.06693	7.2827053	90.0	4548.2866
91	7360000	1.5	0.014999999	-31.349453	0.20316848	-359.04626	1219.0	3.9846404	0.37134808	4.7644604e-05	1.0	0.032681838	19.21902	0.32281142	0.041735332	0.2623825	0.0732	0.61383516	0.022351876	0.002561884	0.15165961	70.51764	-326.6395	19.941442	-329.00616	19.28204	91.0	4592.3457
92	7440000	1.5	0.014999999	-30.289125	0.36445594	-350.29172	1219.0	6.861517	0.3344523	4.8056067e-05	1.0	0.05255535	19.520376	0.5681625	0.038613573	0.26234916	0.06885	1.0302387	0.021510713	0.002223225	0.3010819	71.26374	-316.0485	33.393333	-319.38425	32.956917	92.0	4636.428
93	7520000	1.5	0.014999999	-29.543795	0.59037673	-340.4126	1219.0	9.935693	0.32801622	5.9310405e-05	1.0	0.06655003	19.847755	0.852821	0.021037847	0.2623186	0.0603375	1.3567966	0.017200982	0.0019472099	0.48270518	76.847885	-311.01553	43.37016	-312.90286	42.646	93.0	4680.6475
94	7600000	1.5	0.014999999	-28.214643	0.889208	-334.6461	1219.0	12.070041	0.31259307	6.1597115e-05	2.0	0.049308926	20.088808	1.0840884	0.02797775	0.26226524	0.0612375	1.0037774	0.022519672	0.001401719	0.4593251	66.08974	-305.64365	54.735645	-303.40656	54.63224	94.0	4724.9575
95	7680000	1.5	0.014999999	-27.915909	1.1101364	-327.47098	1219.0	15.241051	0.3232355	7.735203e-05	6.0	0.07668956	20.44222	1.4183451	0.016189268	0.2621472	0.0555	1.6013916	0.019483985	0.0030676457	0.71603644	66.83927	-308.46814	48.788734	-307.50092	48.19934	95.0	4770.1147
96	7760000	1.5	0.014999999	-26.252106	1.4043411	-332.88898	1219.0	13.15104	0.3064675	6.528541e-05	2.0	-0.032465894	20.267448	1.2567314	0.04040085	0.26211837	0.066925	-0.7689725	0.044744223	0.0037613048	0.37233776	55.53966	-314.18964	37.427456	-318.02408	36.445324	96.0	4814.292
97	7840000	1.5	0.014999999	-26.346252	1.2674882	-340.2898	1219.0	10.227871	0.32658488	4.5137065e-05	2.0	-0.06748775	20.006046	0.97158986	0.06433541	0.2620933	0.074625	-1.4655441	0.062278654	0.0044393553	0.60587263	61.2714	-326.94574	22.135025	-328.29636	21.455984	97.0	4858.6704
98	7920000	1.5	0.014999999	-26.702333	0.98098916	-351.1353	1219.0	6.927418	0.33914775	4.2776723e-05	1.0	-0.091746725	19.696222	0.5803543	0.021868845	0.26208186	0.0653125	-2.0046122	0.031159064	0.005059724	0.92979294	75.07545	-334.38885	13.863705	-335.93893	13.353166	98.0	4902.6724
99	8000000	1.5	0.014999999	-27.935776	0.5403578	-356.54828	1219.0	4.6559896	0.35750207	3.8323506e-05	1.0	-0.03418523	19.481823	0.38148615	0.024352938	0.26207113	0.069575	-0.81965256	0.030440217	0.0054618227	0.14913651	65.30984	-341.05426	6.88599	-341.82544	6.392374	99.0	4946.646
100	8080000	1.5	0.014999999	-28.3978	0.36374894	-363.39285	1219.0	3.435269	0.35013628	3.3784083e-05	1.0	-0.015542012	19.36777	0.27858058	0.02896657	0.2620611	0.0766125	-0.44598234	0.029053189	0.005934867	0.07119033	65.56503	-347.95856	2.5537827	-348.3156	2.2621536	100.0	4991.3936
101	8160000	1.5	0.014999999	-28.68722	0.25609115	-370.59637	1219.0	2.6309378	0.38309625	3.3978806e-05	1.0	-0.0068312967	19.29179	0.20954704	0.032112047	0.26205087	0.0837	-0.25772658	0.030655969	0.006337632	0.070249245	66.12171	-354.32495	1.7891595	-356.83337	1.8055975	101.0	5035.486
102	8240000	1.5	0.014999999	-28.999054	0.21954912	-378.16846	1219.0	2.9720242	0.37915444	4.5532706e-05	1.0	0.011497235	19.330439	0.24349853	0.036486827	0.26204062	0.0904625	0.1250709	0.031537935	0.006729345	0.076845005	67.74327	-361.08408	2.5928226	-363.23267	2.5154238	102.0	5079.483
103	8320000	1.5	0.014999999	-29.641472	0.24212421	-385.53888	1219.0	3.4353607	0.37680173	6.7564906e-05	1.0	0.018387724	19.382254	0.29298067	0.04014279	0.26202968	0.1000875	0.26492804	0.032125108	0.007202495	0.10958671	72.82532	-369.19083	3.6884515	-370.69373	3.6622021	103.0	5123.537
104	8400000	1.5	0.014999999	-29.886635	0.33480462	-394.39273	1219.0	4.822248	0.39779866	0.000121437675	1.0	0.031153738	19.528542	0.43793812	0.04544816	0.26201868	0.111275	0.52394533	0.035888877	0.0074955146	0.21598472	85.16525	-377.54874	5.0774817	-380.82336	5.1542816	104.0	5167.7007
105	8480000	1.5	0.014999999	-30.199707	0.49691245	-403.54807	1219.0	6.30873	0.41232833	0.00016002508	1.0	0.041771717	19.691046	0.64415944	0.051083162	0.2620063	0.1233375	0.7636288	0.03787497	0.008064533	0.29107112	107.21076	-385.93835	7.239939	-388.94693	7.1315722	105.0	5211.761
106	8560000	1.5	0.014999999	-30.693153	0.7486247	-413.42767	1219.0	8.518073	0.39713505	0.00022671562	1.0	0.050898425	19.92995	0.93260276	0.056568176	0.26199296	0.1348875	0.96588826	0.040574178	0.008506969	0.45150372	128.5291	-394.49597	9.855401	-398.25766	9.963574	106.0	5256.017
107	8640000	1.5	0.014999999	-31.388515	1.0878233	-424.6425	1219.0	11.819287	0.39924616	0.00045956773	1.0	0.09239106	20.28467	1.4442035	0.06559496	0.2619743	0.1457875	1.8375785	0.04245045	0.009543657	0.9831656	158.4163	-405.88644	12.841439	-409.9225	12.915257	107.0	5300.7163
108	8720000	1.5	0.014999999	-31.813503	1.6418191	-436.41306	1219.0	15.70125	0.43798	0.00021212766	1.0	0.11457791	20.710564	2.0916688	0.041465536	0.26193714	0.1406625	2.3745868	0.034210373	0.008645026	1.6124406	202.33557	-414.90698	15.457267	-417.78784	15.450291	108.0	5345.114
109	8800000	1.5	0.014999999	-33.652832	2.2735784	-445.36877	1219.0	18.930544	0.40837598	0.0004210513	1.0	0.09293614	21.078222	2.6263123	0.024259984	0.261899	0.123475	1.9329488	0.020240976	0.008967351	1.7907691	196.11494	-422.07782	17.751137	-425.10953	17.905977	109.0	5389.257
110	8880000	1.5	0.014999999	-35.19911	2.836355	-451.5239	1219.0	22.65456	0.4287128	0.00229911	2.0	0.09719065	21.507889	3.1974998	0.029592026	0.2618296	0.1355	1.9731268	0.023929201	0.011881285	2.1870139	188.62724	-430.1987	20.69505	-432.88168	20.810242	110.0	5434.3994
111	8960000	1.5	0.014999999	-35.923393	3.5205235	-459.24155	1219.0	27.98653	0.390003	0.00019014759	5.0	0.117027506	22.121159	3.9561582	0.025543615	0.26168492	0.126525	2.3600955	0.020843329	0.008094965	2.6148918	203.41594	-422.31976	17.80835	-424.71106	17.857523	111.0	5479.309
112	9040000	1.5	0.014999999	-40.526665	3.5802636	-451.8903	1219.0	22.140646	0.4109908	0.0001341202	2.0	-0.046779104	21.597067	3.3381953	0.044583783	0.26163575	0.138925	-1.444256	0.023380252	0.0069017014	2.0498488	187.17072	-411.6705	14.446102	-413.90244	14.37334	112.0	5524.126
113	9120000	1.5	0.014999999	-40.483032	2.9404836	-441.47293	1219.0	17.165745	0.38589182	7.2306895e-05	1.0	-0.04719631	21.151829	2.7019656	0.016825497	0.2616115	0.100325	-1.2700253	0.010368071	0.0077066743	1.7311082	184.16045	-404.9426	12.688405	-407.86755	12.601984	113.0	5570.187
114	9200000	1.5	0.014999999	-38.6235	2.528113	-434.7572	1219.0	15.129709	0.4306921	6.974642e-05	1.0	-0.02491928	20.994524	2.3872964	0.018698111	0.2615881	0.1029125	-0.81147873	0.010572124	0.0072973967	1.3012831	143.84402	-398.78195	10.892933	-402.75668	10.812714	114.0	5614.201
115	9280000	1.5	0.014999999	-38.03634	2.1548662	-428.91104	1219.0	12.452737	0.4593161	6.133448e-05	1.0	-0.024565738	20.757954	2.0189328	0.021121664	0.26156566	0.102525	-0.752366	0.011276074	0.0069542574	1.0462127	133.45155	-392.40427	9.09799	-395.18228	9.00955	115.0	5658.2812
116	9360000	1.5	0.014999999	-37.653984	1.8431846	-421.3644	1219.0	10.529706	0.47147417	6.815496e-05	1.0	-0.029926538	20.59519	1.6850246	0.023496041	0.26154426	0.0996375	-0.8504016	0.012193432	0.006620842	0.8594374	126.8412	-386.28418	7.320897	-389.65125	7.173994	116.0	5702.2915
117	9440000	1.5	0.014999999	-37.16775	1.5242289	-413.60336	1219.0	8.520273	0.4387334	9.2534276e-05	1.0	-0.04201067	20.425232	1.3165276	0.023450647	0.26152328	0.098175	-1.115407	0.012609501	0.0064555556	0.8192998	116.21869	-380.2584	5.642985	-383.86917	5.6176124	117.0	5746.423
118	9520000	1.5	0.014999999	-36.133617	1.1356283	-406.15396	1219.0	6.8066278	0.44626373	0.000112261085	1.0	-0.03960026	20.26496	0.9395663	0.025046084	0.2615044	0.09375	-1.0872526	0.013270752	0.006153804	0.73492336	103.5968	-373.58215	4.3610916	-374.91873	4.357579	118.0	5790.3975
119	9600000	1.5	0.014999999	-35.67375	0.7952651	-398.3497	1219.0	5.3366985	0.43584698	0.0001665375	1.0	-0.043221194	20.13148	0.58504534	0.025328118	0.2614851	0.0899625	-1.0825845	0.01524863	0.0058815298	0.59943026	95.61018	-366.20245	3.314422	-369.43002	3.4389842	119.0	5834.4043
120	9680000	1.5	0.014999999	-34.411137	0.51083267	-391.5258	1219.0	4.2309937	0.41440445	0.0001248909	1.0	-0.017253067	20.031515	0.4101705	0.026100522	0.2614665	0.084325	-0.5179361	0.014702443	0.0055062384	0.21809548	81.78799	-359.49326	2.4179456	-362.37274	2.4585266	120.0	5878.8496
121	9760000	1.5	0.014999999	-34.069878	0.3832737	-384.08707	1219.0	3.3506227	0.46152687	7.9490026e-05	1.0	-0.014748337	19.952517	0.2948609	0.02693049	0.26144886	0.081025	-0.43926117	0.016533295	0.005203033	0.13038562	75.49651	-353.29626	2.2096322	-355.37766	2.2770257	121.0	5922.9155
122	9840000	1.5	0.014999999	-32.952866	0.28308868	-377.13904	1219.0	2.6332004	0.43949765	5.757866e-05	1.0	-0.010695474	19.882147	0.21532139	0.025923526	0.2614324	0.074975	-0.35227677	0.016985672	0.004485835	0.083871804	71.53	-346.43158	4.866171	-347.89563	4.3908577	122.0	5967.4253
123	9920000	1.5	0.014999999	-32.385727	0.21737663	-370.3492	1219.0	2.8161983	0.42486143	5.7366946e-05	1.0	0.00887782	19.906178	0.23065789	0.025372885	0.261415	0.0700375	0.0957931	0.016728107	0.0036772105	0.058962073	69.47881	-339.57413	11.8106575	-341.61752	10.938382	123.0	6011.4106
124	10000000	1.5	0.014999999	-31.446878	0.2420133	-363.7363	1219.0	3.6562219	0.43086404	5.86578e-05	1.0	0.018329717	19.999939	0.3035945	0.01557758	0.2613883	0.0598875	0.30780074	0.010850832	0.0033496986	0.074287556	64.72455	-333.2423	18.394657	-333.6683	17.754387	124.0	6055.322
125	10080000	1.5	0.014999999	-30.516926	0.3296688	-358.75015	1219.0	4.7991695	0.43451005	4.693894e-05	2.0	0.017786868	20.116507	0.3904204	0.02130316	0.26133823	0.06225	0.32224944	0.012199197	0.0024997063	0.08281564	56.405033	-325.8528	27.964926	-326.4042	27.220627	125.0	6099.457
126	10160000	1.5	0.014999999	-30.26069	0.4307996	-350.84796	1219.0	6.533631	0.44449466	4.9697283e-05	7.0	0.029838927	20.303015	0.53885317	0.02106733	0.2612214	0.0633625	0.5158124	0.012392588	0.0046971296	0.16242069	67.819786	-332.53223	19.735518	-333.42606	19.86303	126.0	6144.4272
127	10240000	1.5	0.014999999	-27.37025	0.48768926	-357.14105	1219.0	4.6878457	0.4942971	5.100911e-05	2.0	-0.021667322	20.128704	0.37766403	0.030080924	0.26119804	0.0729375	-0.59542423	0.029807247	0.0052772234	0.10733541	60.6026	-340.75134	11.118913	-342.37338	10.832325	127.0	6188.5063
128	10320000	1.5	0.014999999	-27.526693	0.33699083	-365.31934	1219.0	3.569069	0.456318	5.862055e-05	2.0	-0.0068228208	20.024975	0.28680158	0.046789303	0.26117608	0.084825	-0.27720118	0.034829494	0.0056748656	0.073754795	68.10181	-349.53516	3.62614	-350.93793	3.4296494	128.0	6232.6743
129	10400000	1.5	0.014999999	-28.049675	0.25802377	-373.01944	1219.0	2.6714802	0.44159013	5.5276112e-05	1.0	-0.006173363	19.93955	0.21225376	0.015255905	0.26116514	0.0679875	-0.24420576	0.019294515	0.005903049	0.082129166	81.202736	-354.65674	2.38855	-355.9082	2.3144023	129.0	6277.296
130	10480000	1.5	0.014999999	-29.181671	0.22259599	-378.60507	1219.0	3.0563166	0.41922325	5.6104625e-05	1.0	0.011339937	19.984917	0.24743259	0.017295046	0.2611542	0.0733875	0.13368005	0.016792279	0.006106773	0.0892756	60.237362	-359.50775	2.4654117	-361.94562	2.5350459	130.0	6321.352
131	10560000	1.5	0.014999999	-29.874746	0.2352654	-383.59555	1219.0	3.102307	0.4182802	6.188974e-05	1.0	0.010156265	19.991373	0.2543336	0.02173759	0.26114276	0.0815375	0.110232376	0.014283627	0.0064566536	0.076374575	60.430904	-364.60464	3.1435053	-367.07455	3.014045	131.0	6365.313
132	10640000	1.5	0.014999999	-29.969128	0.27508843	-389.83542	1219.0	4.204227	0.41441116	0.000101058744	1.0	0.026242366	20.108759	0.360708	0.022881811	0.26113132	0.0899375	0.4445325	0.019956144	0.0067255553	0.15918075	78.62605	-371.53857	4.0471263	-373.43527	4.092711	132.0	6409.0493
133	10720000	1.5	0.014999999	-30.159912	0.40360945	-396.52286	1219.0	5.3881245	0.49587137	0.00014903858	1.0	0.03419645	20.236822	0.5214675	0.02641344	0.26111987	0.0940625	0.61974126	0.018147618	0.0068343827	0.24295047	85.77964	-378.04504	5.1411715	-380.58124	5.040484	133.0	6453.0396
134	10800000	1.5	0.014999999	-30.673306	0.5855977	-403.9536	1219.0	6.6958394	0.5045122	0.0001503485	1.0	0.03712642	20.390924	0.7143756	0.029006585	0.26110795	0.1023875	0.68895227	0.021209586	0.007222899	0.29430106	98.30046	-384.40967	6.75136	-387.20193	6.7005167	134.0	6496.9653
135	10880000	1.5	0.014999999	-31.235907	0.7566707	-412.03915	1219.0	7.863789	0.41217452	0.00021143738	1.0	0.03835885	20.514906	0.8897333	0.03016658	0.26109004	0.114325	0.73286015	0.02540892	0.007823856	0.3568298	118.485535	-391.81137	8.679099	-395.12015	8.678508	135.0	6540.838
136	10960000	1.5	0.014999999	-31.780869	1.0100034	-420.25076	1219.0	10.503308	0.3981275	0.00029593924	1.0	0.07045921	20.805408	1.2766619	0.032798983	0.26102138	0.119225	1.4211237	0.025291767	0.008122027	0.65297383	133.51271	-399.2236	10.776012	-405.07666	10.858442	136.0	6584.76
137	11040000	1.5	0.014999999	-32.610756	1.3309985	-427.41425	1219.0	12.006385	0.3694908	0.00012143068	1.0	0.09494281	20.981537	1.6955355	0.021679958	0.2609596	0.1102	1.9618559	0.0167319	0.00827508	1.0900273	154.88795	-405.2533	12.525343	-408.51556	12.584175	137.0	6628.9126
138	11120000	1.5	0.014999999	-33.519005	1.8255266	-434.54736	1219.0	14.327763	0.38663334	0.00020242899	2.0	0.11370331	21.248985	2.2580836	0.032674823	0.26084998	0.12745	2.3969467	0.024979116	0.010082614	1.5558445	158.69333	-413.48782	14.84975	-416.19257	14.683582	138.0	6672.961
139	11200000	1.5	0.014999999	-34.05601	2.4468467	-442.77695	1219.0	17.304098	0.385543	0.00019938164	7.0	0.12748621	21.58941	2.9339252	0.03564351	0.26059005	0.12465	2.5715792	0.026041694	0.0068991594	2.2774749	187.92686	-404.57333	12.289886	-407.67892	12.529617	139.0	6718.0166
140	11280000	1.5	0.014999999	-39.817345	2.6737607	-433.53262	1219.0	13.995366	0.37380865	0.00022654259	2.0	-0.061588936	21.29781	2.375632	0.035781447	0.2605424	0.1194	-1.6787479	0.024985494	0.0059757675	1.4969798	170.95137	-396.05392	9.812958	-398.65927	9.813709	140.0	6762.1177
141	11360000	1.5	0.014999999	-39.225346	2.1758041	-423.70267	1219.0	11.112822	0.3736832	0.00034004875	2.0	-0.06892313	21.041069	1.8509907	0.047425944	0.26049876	0.1205	-1.8269385	0.028697558	0.0053697443	1.2673947	158.46164	-386.06192	7.119856	-389.86523	7.2422442	141.0	6806.2656
142	11440000	1.5	0.014999999	-38.669308	1.6277051	-412.4758	1219.0	8.437209	0.41574925	0.00019754031	2.0	-0.09052761	20.798048	1.2181381	0.056671705	0.26045632	0.1174875	-2.2084496	0.0352255	0.0048690806	1.5137316	155.45941	-375.82547	4.6960974	-378.13187	4.7032413	142.0	6850.357
143	11520000	1.5	0.014999999	-37.641716	0.99603975	-400.2119	1219.0	5.7203174	0.49420452	0.0001971364	1.0	-0.0879202	20.542812	0.6008428	0.016708896	0.26043704	0.0798	-2.0688822	0.015758872	0.0057910806	1.1672662	147.75653	-369.79886	3.803258	-370.56998	3.678965	143.0	6894.266
144	11600000	1.5	0.014999999	-34.530216	0.55423	-393.91498	1219.0	4.7627	0.44513178	0.0001512842	1.0	-0.012530392	20.458067	0.4731248	0.01643273	0.26041892	0.0770875	-0.4276263	0.012799372	0.0053849127	0.2153077	78.363976	-363.94638	3.0008714	-365.43335	3.028594	144.0	6938.2827
145	11680000	1.5	0.014999999	-34.06292	0.44258326	-388.93924	1219.0	3.9393015	0.45965576	0.00010885791	1.0	-0.013648567	20.38428	0.36051223	0.016606309	0.26040122	0.0734875	-0.43203697	0.012688677	0.0051263557	0.19375002	71.313034	-358.86453	2.5502346	-361.23038	2.5147967	145.0	6982.279
146	11760000	1.5	0.014999999	-33.680557	0.3373397	-382.82324	1219.0	3.3877516	0.48200998	9.449546e-05	1.0	-0.0055628223	20.335724	0.28921995	0.017808674	0.26038364	0.0723	-0.23958111	0.01302433	0.0046375925	0.12005879	69.046555	-353.25354	3.0723433	-353.77234	2.825589	146.0	7026.653
147	11840000	1.5	0.014999999	-32.41585	0.29209638	-377.82117	1219.0	3.1336403	0.46369973	8.316839e-05	1.0	-0.0030119568	20.315634	0.25831348	0.017542439	0.26036644	0.06655	-0.17097627	0.013505567	0.0039448394	0.1071418	62.899906	-347.3338	6.120684	-349.3476	6.1684594	147.0	7070.8657
148	11920000	1.5	0.014999999	-32.410366	0.22563545	-371.38818	1219.0	2.5426083	0.50899553	7.2617346e-05	2.0	-9.369571e-06	20.260086	0.20794716	0.029320173	0.26031065	0.0715	-0.080582015	0.017592456	0.0031313964	0.053991858	63.437874	-339.19925	13.896348	-338.89847	13.617397	148.0	7115.2954
149	12000000	1.5	0.014999999	-31.85995	0.22269487	-364.57532	1219.0	3.845453	0.53762066	7.9025616e-05	9.0	0.025948858	20.398834	0.31404713	0.023111213	0.26003793	0.07025	0.4539893	0.014805758	0.004549662	0.091265164	72.857216	-346.31845	6.936229	-346.52423	6.8594713	149.0	7161.119
