Epoch	TotalEnvInteracts	worker/CostLimit	worker/noise	learner/VVals	learner/CostVVals	worker/EpRet	worker/EpLen	worker/EpCost	learner/LossQ	learner/LossQC	learner/StopIter	learner/LossPi	learner/Lagrangian	learner/QcRet	learner/KL	learner/Entropy	learner/ClipFrac	learner/LossQcPenalty	learner/LossVallina	learner/LossVC	learner/LossV	Eval/NaturalReward	Eval/NaturalCost	Eval/AdvUniformReward	Eval/AdvUniformCost	worker/Epoch	worker/Time
0	80000	1.5	0.0	0.0059754183	-0.11591515	-1720.3665	1219.0	463.84384	1.7240055	0.0058838516	5.0	9.37603	47.78236	36.378914	0.021626983	0.92144483	0.3072375	456.64905	-0.0042464067	1382.9072	17557.94	-1487.841	462.2613	-1487.7655	462.26312	0.0	43.427032
1	160000	1.5	0.0	-72.438675	38.98318	-1515.1741	1219.0	458.29712	0.93464965	0.0010702625	5.0	-0.06836346	48.139477	38.923317	0.01940219	0.9225884	0.3011	-3.5266328	0.00033125267	16.09869	2696.4143	-1281.3496	455.168	-1281.2688	455.14877	1.0	87.01507
2	240000	1.5	0.0023027735	-115.3844	38.711517	-1335.4861	1219.0	450.18396	0.8216182	0.000389701	5.0	-0.14819926	48.668938	38.498573	0.019691879	0.92227834	0.2988375	-7.525201	-0.00045914212	7.1012726	376.20505	-1076.0072	441.79108	-1075.8975	441.7964	2.0	242.1934
3	320000	1.5	0.004252031	-106.34847	38.338833	-1153.7854	1219.0	436.48444	0.752058	0.00017394724	5.0	-0.3334783	48.597614	37.556423	0.017443838	0.9214744	0.2892375	-16.811493	-0.006267649	8.315456	319.94864	-874.52203	422.60883	-874.54974	422.6396	3.0	397.269
4	400000	1.5	0.0059020403	-92.633	37.46832	-1000.0635	1219.0	423.51978	0.7043584	0.00015892531	5.0	-0.38883463	48.55928	36.562263	0.01662713	0.9212714	0.26165	-19.521996	-0.010783744	11.009301	254.60962	-692.3117	391.14343	-692.4719	391.11417	4.0	552.78546
5	480000	1.5	0.0072987443	-79.98412	36.383053	-856.0429	1219.0	405.04697	0.68187916	0.00018669752	6.0	-0.5007448	47.934097	35.082203	0.017815003	0.9201871	0.28835	-24.812765	-0.012014977	15.622053	219.6133	-514.1185	319.81866	-514.18835	319.9132	5.0	708.19073
6	560000	1.5	0.008481027	-67.88184	34.535576	-719.6973	1219.0	375.3919	0.6198589	0.0001950585	8.0	-0.6517572	46.102615	32.64072	0.018132776	0.91602033	0.2808875	-31.104774	-0.011904135	22.197392	183.14964	-388.18646	143.98149	-388.09897	143.99866	6.0	863.72614
7	640000	1.5	0.009481809	-56.743256	31.3577	-595.5692	1219.0	328.08063	0.5470898	0.00022700962	15.0	-0.8435618	42.304955	28.633087	0.015486832	0.9055873	0.2288625	-36.97904	-0.012518072	28.881588	134.73308	-257.28748	56.215927	-257.3414	56.116455	7.0	1019.8098
8	720000	1.5	0.010328949	-46.45583	25.280174	-496.32016	1219.0	238.62463	0.44186634	0.00022360287	149.0	-1.2023373	34.139816	20.9208	0.012709506	0.8105878	0.1000625	-42.539825	-0.0145689	35.15781	64.00841	-61.59012	311.79025	-61.468338	311.72955	8.0	1187.36
9	800000	1.5	0.011046043	-38.984783	16.193096	-419.48334	1219.0	135.19402	0.3297451	0.000244454	149.0	-1.1928266	24.287897	11.58352	0.0073225847	0.7292118	0.063075	-30.243563	-0.007892639	29.540888	39.64715	-19.955492	336.2132	-20.1675	336.034	9.0	1354.6978
10	880000	1.5	0.01165305	-33.99854	9.760576	-386.94852	1219.0	101.11908	0.28948173	0.00035529857	149.0	-0.38744473	21.222038	8.24343	0.0065637613	0.65064615	0.0596875	-8.668119	-0.007819341	7.634468	18.615294	-9.006015	332.41306	-8.991135	332.41043	10.0	1522.3087
11	960000	1.5	0.012166867	-31.196228	6.7250147	-360.34268	1219.0	75.665016	0.26118788	0.000511394	149.0	-0.16442667	18.89586	6.0593314	0.0060201962	0.5732808	0.0571375	-3.3131754	-0.0076732957	4.6130643	15.850845	-7.869668	332.4901	-7.8866463	332.48898	11.0	1690.0527
12	1040000	1.5	0.012601807	-29.109474	5.166877	-336.80948	1219.0	59.908257	0.22940335	0.0004553465	149.0	-0.069320075	17.522434	4.8651767	0.0055173608	0.49657914	0.055675	-1.3196697	-0.007624277	3.36506	12.998661	-7.467465	332.5212	-7.425615	332.52393	12.0	1857.8018
13	1120000	1.5	0.012969971	-27.082144	4.111677	-317.05045	1219.0	47.82221	0.21192601	0.00018817227	149.0	-0.042487897	16.427965	3.9066558	0.0055906605	0.4202952	0.0552625	-0.77412647	-0.007836081	3.0293036	10.870977	-7.611093	332.50983	-7.5614123	332.5121	13.0	2025.2806
14	1200000	1.5	0.0132816145	-25.30985	3.1878943	-293.44772	1219.0	37.39522	0.1846468	0.000109001216	149.0	-0.004337712	15.497748	3.1447604	0.0036974766	0.36094078	0.0335875	-0.07981909	-0.0064173774	3.7471464	10.308631	-19.045757	335.58597	-19.10033	335.59647	14.0	2193.0376
15	1280000	1.5	0.013545423	-23.647814	2.9897478	-280.24408	1219.0	35.98437	0.16927634	5.6916928e-05	39.0	0.041748744	15.464638	3.1383889	0.03724497	0.35028568	0.091175	0.569312	0.03283676	3.464449	8.200377	-284.17706	76.97701	-284.06958	77.007576	15.0	2351.4443
16	1360000	1.5	0.013768726	-22.947697	3.032821	-308.08542	1219.0	32.33152	0.21501908	6.501782e-05	2.0	-0.050561573	15.19428	2.779504	0.019910533	0.34976625	0.0774125	-0.82254404	0.034105062	2.9058206	16.341394	-318.9367	32.087135	-319.0304	32.105305	16.0	2506.8037
17	1440000	1.5	0.013957752	-25.084633	2.9339552	-333.35434	1219.0	31.070517	0.23294592	9.899838e-05	11.0	-0.07314778	15.155475	2.603077	0.020960085	0.34647033	0.0508375	-1.2296457	0.014746668	2.795042	24.221163	-319.94138	45.844276	-318.39325	46.08101	17.0	2662.6914
18	1520000	1.5	0.014117749	-26.7818	2.0811133	-337.34433	1219.0	17.815395	0.26250988	6.66262e-05	149.0	-0.13915731	13.893866	1.482837	0.0026755806	0.31505468	0.02645	-2.086342	-0.00065439055	1.2760122	52.14683	-288.43262	86.67372	-287.60364	86.91122	18.0	2830.2764
19	1600000	1.5	0.014253196	-27.404556	1.2641271	-332.8925	1219.0	13.345608	0.24241109	3.6452144e-05	149.0	-0.031354785	13.493545	1.1262765	0.014954263	0.29642197	0.0955	-0.48050365	0.017432876	0.52012366	55.686237	-301.7982	36.349487	-301.6611	36.33643	19.0	2997.7136
20	1680000	1.5	0.014367847	-27.26353	1.0611709	-347.19168	1219.0	8.960444	0.25333825	2.7059326e-05	149.0	-0.070833884	13.07846	0.75534165	0.0039690416	0.25514722	0.0453875	-1.0136416	0.00285395	0.6201745	62.255455	-299.68018	57.060246	-299.89178	56.74068	20.0	3165.3293
21	1760000	1.5	0.014464887	-28.130043	0.64312315	-348.17145	1219.0	5.4224396	0.25443155	2.0989697e-05	149.0	-0.04123482	12.744704	0.46659333	0.007999142	0.25080085	0.053175	-0.5839268	0.010596457	0.19051175	76.10039	-310.63666	61.140347	-309.75244	61.760708	21.0	3332.641
22	1840000	1.5	0.014547037	-28.498922	0.4629509	-357.41605	1219.0	3.2591658	0.26085392	1.622264e-05	149.0	-0.044233076	12.533995	0.27308378	0.0060135024	0.23747063	0.041675	-0.6124257	0.0070000924	0.22482085	89.638664	-319.78983	66.56129	-319.9508	66.23913	22.0	3500.1248
23	1920000	1.5	0.014616577	-29.11255	0.28201678	-362.04965	1219.0	2.9677136	0.27279812	1.9220539e-05	149.0	-0.009274912	12.509258	0.24182057	0.0011213567	0.22291493	0.0109875	-0.12906833	0.0012556254	0.0689535	105.75454	-326.95892	57.205032	-326.11206	57.18604	23.0	3667.9385
24	2000000	1.5	0.014675439	-29.51559	0.21936728	-364.35284	1219.0	2.2025042	0.2686238	1.83829e-05	149.0	-0.009626722	12.436865	0.17775534	0.00092052086	0.206779	0.0059625	-0.13122502	8.836422e-05	0.03018558	107.3818	-329.0229	61.41573	-328.55026	61.397457	24.0	3835.5896
25	2080000	1.5	0.014725265	-29.686718	0.1734447	-365.35385	1219.0	1.8627144	0.27112472	1.36654735e-05	149.0	-0.0056686173	12.403594	0.15015101	0.0012154971	0.19649553	0.0105375	-0.07911726	0.0011795419	0.020721963	119.177025	-336.03134	49.964855	-336.44968	49.371643	25.0	4003.1658
26	2160000	1.5	0.014767439	-29.8694	0.13877684	-368.72693	1219.0	1.5613049	0.27213612	2.0623871e-05	149.0	-0.0035137967	12.374199	0.12419331	0.0011871037	0.18337926	0.0101875	-0.048703436	0.00034670043	0.020971725	121.0442	-342.3157	32.970436	-342.4165	32.519257	26.0	4170.541
27	2240000	1.5	0.014803143	-30.15364	0.11255615	-370.7641	1219.0	1.4599842	0.2726571	2.0482497e-05	149.0	0.00089633005	12.3699465	0.117099024	0.001103277	0.16674559	0.0063375	0.011844709	-0.00085953664	0.021847202	117.2582	-338.62735	39.667812	-338.71408	39.21154	27.0	4338.545
28	2320000	1.5	0.014833362	-30.307482	0.11950294	-368.31998	1219.0	1.273645	0.26401275	1.8188832e-05	149.0	-0.004032483	12.369209	0.10341868	0.00074786757	0.15497422	0.006475	-0.055285357	0.0003175177	0.018201534	120.626434	-341.0021	41.908264	-340.72552	41.467213	28.0	4505.9565
29	2400000	1.5	0.014858946	-30.201843	0.10648986	-370.54904	1219.0	1.482032	0.27233583	2.3032679e-05	149.0	0.0029524202	12.369293	0.12001217	0.0005742282	0.1364088	0.00345	0.03900816	-0.00046946894	0.03166881	127.405464	-342.128	36.757668	-342.65842	37.13327	29.0	4673.7676
30	2480000	1.5	0.0148806	-30.380707	0.113417014	-370.0082	1219.0	1.3489811	0.27060744	2.5714966e-05	149.0	-0.00096687744	12.368575	0.1099729	0.0011865309	0.11510122	0.0041125	-0.013278711	-0.00048089982	0.026153378	124.38276	-343.8174	37.750496	-344.04294	38.24707	30.0	4841.207
31	2560000	1.5	0.014898927	-30.396921	0.12051854	-369.01944	1219.0	1.3786718	0.26107064	2.3612858e-05	149.0	-0.0021497568	12.368177	0.11135671	0.0011837602	0.0996784	0.01405	-0.030756034	0.00071033154	0.027491633	132.98398	-345.9814	40.16887	-346.2391	41.43754	31.0	5008.964
32	2640000	1.5	0.014914451	-30.292543	0.106820494	-371.1341	1219.0	1.5876324	0.26930708	3.1864965e-05	149.0	0.005236528	12.374911	0.12953907	0.0005932982	0.086007476	0.0025375	0.069751516	-0.00014035658	0.03873755	137.94666	-345.49945	37.082737	-345.88242	37.135406	32.0	5176.3853
33	2720000	1.5	0.01492758	-30.451254	0.12610562	-370.46466	1219.0	1.559811	0.25299424	3.3885648e-05	149.0	0.00048293578	12.3720875	0.12775363	0.0008552118	0.07048905	0.0086625	0.005378581	0.0001838478	0.034898277	139.72722	-344.60672	35.26035	-345.0893	33.926983	33.0	5344.1113
34	2800000	1.5	0.014938699	-30.372425	0.12442902	-369.4513	1219.0	1.4895097	0.27214733	3.0948497e-05	149.0	-0.00025240722	12.368351	0.12281837	0.0010984758	0.044965506	0.007625	-0.0034465499	-0.0012189762	0.03215504	138.19249	-341.62576	37.737217	-341.48148	36.92557	34.0	5511.683
35	2880000	1.5	0.014948113	-30.431421	0.12608095	-367.09793	1219.0	1.3347619	0.2354165	2.3552833e-05	149.0	-0.0035652	12.367795	0.11038319	0.0006345227	0.02602148	0.0044	-0.048866548	0.00023052325	0.025093965	137.61719	-345.74243	33.297974	-345.59766	32.851322	35.0	5679.4844
36	2960000	1.5	0.014956073	-30.349648	0.11033622	-365.66122	1219.0	1.3336961	0.2444478	2.1765312e-05	149.0	0.00018949613	12.367236	0.110872306	0.0008296527	0.0020946264	0.0071125	0.0013989345	7.572727e-05	0.024005692	145.0543	-343.79816	35.25954	-344.09985	34.951138	36.0	5847.169
37	3040000	1.5	0.01496282	-30.084747	0.10936898	-365.21164	1219.0	1.2876064	0.2257025	2.5965837e-05	149.0	-0.00018703847	12.366541	0.108399086	0.0007852164	-0.016850233	0.002	-0.0027064919	-0.0002890964	0.022243384	142.751	-343.37845	34.650425	-343.59915	33.77314	37.0	6015.027
38	3120000	1.5	0.0149685275	-30.019056	0.10522196	-364.07532	1219.0	1.2326021	0.21857318	2.7055732e-05	149.0	-0.00032170652	12.365683	0.103619784	0.0017656838	-0.0553447	0.0128625	-0.005124969	-0.0006763962	0.019297553	142.25792	-341.8082	37.037502	-342.33383	37.75018	38.0	6182.8984
39	3200000	1.5	0.014973358	-30.192928	0.100526854	-362.06223	1219.0	1.1503121	0.21114846	1.8187218e-05	149.0	-0.00081915315	12.364581	0.0968221	0.0016719431	-0.08368075	0.0089875	-0.011263366	-0.0007480196	0.016052185	147.29933	-342.77615	34.784317	-342.43747	33.898716	39.0	6350.287
40	3280000	1.5	0.014977453	-30.025934	0.0944324	-358.87805	1219.0	1.1119385	0.21305013	1.7204271e-05	149.0	-0.00042245619	12.363366	0.09266635	0.00055506994	-0.094617605	0.0029625	-0.0060647116	-0.00016385372	0.010895041	146.06468	-344.10522	38.680984	-343.77142	38.28594	40.0	6517.8535
41	3360000	1.5	0.014980911	-29.643684	0.092391044	-360.37817	1219.0	1.1569799	0.22030064	1.4249813e-05	149.0	0.0014775542	12.36233	0.09912285	0.0013872928	-0.12815285	0.0090625	0.019245539	-0.0004161043	0.013574707	149.00238	-343.8379	38.134464	-344.16113	37.63074	41.0	6685.6343
42	3440000	1.5	0.014983846	-29.89089	0.09698682	-360.59512	1219.0	1.1413441	0.21224585	1.2630831e-05	149.0	0.0004095151	12.361157	0.099164836	0.00066431693	-0.14605772	0.0092	0.00464884	-8.5458754e-07	0.01488071	156.72398	-343.7284	35.349	-344.29373	35.638626	42.0	6853.1304
43	3520000	1.5	0.014986322	-29.873371	0.09590441	-360.18457	1219.0	1.1398364	0.19376996	1.4875704e-05	149.0	0.001063716	12.360025	0.101025656	0.0008821682	-0.16052032	0.0037875	0.013787654	-0.00018996825	0.014851721	160.9932	-343.99063	38.021584	-343.69662	38.016506	43.0	7020.5596
44	3600000	1.5	0.0149884205	-29.910748	0.09987428	-360.19946	1219.0	1.1582862	0.20942879	1.7016102e-05	149.0	0.0006816877	12.358965	0.1035654	0.0010606386	-0.18917012	0.00745	0.008600805	-0.00048609098	0.0152593125	157.90935	-343.89417	39.16584	-344.58395	39.426964	44.0	7188.124
45	3680000	1.5	0.0149901975	-30.183928	0.1029178	-358.55585	1219.0	1.0888438	0.20461273	1.1568741e-05	149.0	-0.0016240984	12.357664	0.09688646	0.00081909314	-0.20520261	0.006425	-0.021914141	-0.0005815012	0.011595961	154.11282	-344.12476	40.587936	-344.10434	39.441593	45.0	7355.936
46	3760000	1.5	0.0149917025	-30.152441	0.09529338	-358.0249	1219.0	1.072452	0.2018979	1.2792414e-05	149.0	-0.00032173295	12.356332	0.094968155	0.0012116233	-0.22712468	0.009825	-0.004393986	-0.00061580027	0.010297917	146.20291	-342.3332	40.7958	-343.20047	41.12828	46.0	7523.49
47	3840000	1.5	0.014992981	-30.082287	0.09305427	-357.04242	1219.0	1.0843117	0.20187771	1.4811873e-05	149.0	0.00022713897	12.355047	0.09511404	0.0011860552	-0.2563496	0.0063875	0.0025614453	-0.0003682186	0.008670575	140.58206	-344.2663	41.21138	-344.26437	41.333637	47.0	7690.884
48	3920000	1.5	0.014994055	-30.00952	0.096439	-357.82413	1219.0	1.0941519	0.19479156	1.1009232e-05	149.0	8.9745154e-05	12.353778	0.09802053	0.0011544671	-0.28529593	0.00645	0.001020748	-0.00041875296	0.009845049	139.07436	-344.06146	42.133938	-344.65585	42.581326	48.0	7859.495
49	4000000	1.5	0.014994966	-30.151398	0.09712943	-357.67862	1219.0	1.1196573	0.20269409	1.3795189e-05	149.0	0.0005523062	12.352601	0.100822784	0.0010426778	-0.31013605	0.0119125	0.006617105	-0.00018199038	0.009739984	128.17833	-345.24765	39.538464	-345.05582	39.39705	49.0	8026.999
50	4080000	1.5	0.01499574	-29.635244	0.101924986	-358.98346	1219.0	1.1619602	0.19794968	1.2790498e-05	149.0	0.0008174194	12.351552	0.10710639	0.0008397222	-0.31314185	0.0042	0.010737579	-0.00044880115	0.011631581	127.14057	-345.13782	37.4681	-345.7648	37.44524	50.0	8195.076
51	4160000	1.5	0.0149963945	-29.035172	0.107148044	-358.55023	1219.0	1.1214429	0.21030882	2.1297343e-05	149.0	-0.0012741213	12.350324	0.10363091	0.00078383635	-0.32629678	0.0035625	-0.01734331	-0.0001276348	0.010160887	128.94832	-344.26913	34.81931	-344.6528	34.74188	51.0	8362.475
52	4240000	1.5	0.014996949	-29.880777	0.10189082	-357.95618	1219.0	1.0904318	0.204638	2.0559703e-05	149.0	-0.00084753	12.349045	0.10034071	0.0008951886	-0.34923318	0.006375	-0.0116217565	-0.0005797553	0.008525401	132.28558	-344.991	34.135098	-345.78366	34.354256	52.0	8530.065
53	4320000	1.5	0.014997421	-29.117296	0.102657706	-358.93976	1219.0	1.1259187	0.19426957	1.4835042e-05	149.0	-8.53604e-05	12.347906	0.10441589	0.0011925782	-0.3710375	0.00685	-0.0014918972	-0.000414422	0.009774003	141.62186	-345.37463	35.789246	-345.74005	35.345776	53.0	8697.6875
54	4400000	1.5	0.014997812	-30.471197	0.10002631	-358.5288	1219.0	1.1736486	0.20997575	1.4390284e-05	149.0	0.0014503495	12.346886	0.10847339	0.00034136605	-0.36559278	0.002775	0.019189777	-0.00026104468	0.009832701	140.08743	-346.45148	33.25271	-346.23917	33.647385	54.0	8865.278
55	4480000	1.5	0.014998151	-28.204477	0.11153596	-359.6667	1219.0	1.1443126	0.19586487	1.3584216e-05	149.0	-0.0013342398	12.345719	0.108357556	0.0015209416	-0.385602	0.009875	-0.018544978	-0.0005512041	0.010864416	139.3751	-343.74905	32.63816	-343.7004	32.580757	55.0	9032.923
56	4560000	1.5	0.014998434	-29.904425	0.10490741	-358.78488	1219.0	1.1389595	0.20433578	1.982598e-05	149.0	-0.00020764963	12.344584	0.106547244	0.00039390766	-0.37501222	0.0026375	-0.0029518418	-0.00017981796	0.009229207	138.60706	-344.92532	33.14475	-345.63632	32.79379	56.0	9200.548
57	4640000	1.5	0.0149986725	-28.353731	0.10914025	-360.1909	1219.0	1.1506474	0.19293556	1.751741e-05	149.0	-0.0005448572	12.343495	0.10932156	0.0010449932	-0.39536473	0.006225	-0.0075424085	-0.00055008166	0.010391218	139.8126	-348.5922	31.182623	-348.97784	30.930996	57.0	9368.344
58	4720000	1.5	0.014998881	-30.1061	0.10728019	-360.62863	1219.0	1.2329115	0.19825168	1.810135e-05	149.0	0.0016726753	12.342709	0.11706201	0.001306697	-0.41365048	0.00795	0.02200653	-0.0004741188	0.0118010305	140.95047	-350.4704	24.959957	-350.64285	24.758501	58.0	9536.354
59	4800000	1.5	0.014999048	-29.217918	0.114585765	-359.05725	1219.0	1.1151391	0.19870721	1.6828562e-05	149.0	-0.002706675	12.341421	0.10581576	0.0010363443	-0.42484996	0.0072125	-0.036670677	-0.00045231686	0.008857401	134.56792	-346.03433	30.001646	-346.3536	29.660807	59.0	9703.922
60	4880000	1.5	0.014999196	-30.60566	0.10281177	-357.50125	1219.0	1.1736783	0.20235991	1.9384646e-05	149.0	0.0005747153	12.340446	0.107748754	0.0012392122	-0.44532728	0.009325	0.0070040785	-0.0005625778	0.008211457	141.05724	-347.038	30.758512	-346.22815	30.84055	60.0	9871.526
61	4960000	1.5	0.014999316	-29.618778	0.10906327	-357.60373	1219.0	1.2189474	0.21194465	2.1337246e-05	149.0	0.00015079591	12.339536	0.11190767	0.00091024773	-0.45325702	0.0037625	0.001818538	-0.0005255815	0.007920828	140.3966	-347.16595	29.2582	-347.22598	28.76211	61.0	10038.947
62	5040000	1.5	0.014999421	-29.021053	0.11207724	-358.32278	1219.0	1.2489967	0.2155282	2.090788e-05	149.0	0.0001883766	12.338711	0.11507932	0.0008258972	-0.46336797	0.0034625	0.0022240323	-0.0003106863	0.008624135	144.30138	-348.66232	28.380287	-349.71597	27.674118	62.0	10206.809
63	5120000	1.5	0.01499951	-29.11777	0.117932275	-359.30377	1219.0	1.2692151	0.2201334	2.0618314e-05	149.0	-0.0003490655	12.337951	0.11869548	0.0010456074	-0.4730063	0.0053125	-0.005047425	-0.00050451315	0.009734912	147.08685	-351.70685	24.270386	-350.715	24.44086	63.0	10374.369
64	5200000	1.5	0.014999585	-28.440657	0.122734666	-359.941	1219.0	1.2135953	0.21564761	1.6412503e-05	149.0	-0.0021473747	12.337017	0.115855016	0.0007684495	-0.47714424	0.0044375	-0.028707525	-0.00017257557	0.009848361	160.44868	-354.24475	21.723248	-353.72253	21.248993	64.0	10541.992
65	5280000	1.5	0.014999655	-28.437822	0.12155548	-362.57303	1219.0	1.3475809	0.21019062	1.7615524e-05	149.0	0.0017354131	12.33663	0.13160443	0.00147705	-0.5034676	0.0126375	0.02222785	-0.00028792486	0.0140724415	164.60924	-352.71735	20.484694	-352.3473	20.18386	65.0	10709.33
66	5360000	1.5	0.014999704	-29.92422	0.12930775	-361.74393	1219.0	1.3083422	0.21978931	2.0040201e-05	149.0	-0.0009092987	12.335864	0.12823743	0.0011247626	-0.5096889	0.0099375	-0.013279621	-4.1007996e-05	0.01214682	166.0211	-352.63083	18.255932	-353.51245	17.699982	66.0	10876.691
67	5440000	1.5	0.014999748	-28.711245	0.12677182	-360.9274	1219.0	1.1731513	0.21903364	1.9688605e-05	149.0	-0.0031250345	12.334829	0.11614098	0.0009445896	-0.519332	0.005325	-0.04180398	-0.00069283106	0.009996517	161.1345	-350.69482	21.2615	-350.8242	20.652393	67.0	11044.373
68	5520000	1.5	0.014999791	-29.973213	0.11815679	-360.58524	1219.0	1.2465156	0.22062501	2.2788025e-05	149.0	0.00027683395	12.3340845	0.12190505	0.00074888236	-0.5326447	0.001825	0.0033249496	-0.00025795327	0.010489726	164.6691	-352.52225	16.224436	-353.12955	16.057192	68.0	11212.037
69	5600000	1.5	0.01499982	-29.669235	0.121334605	-360.5516	1219.0	1.2285912	0.22002634	2.2834032e-05	149.0	-0.00097070384	12.333142	0.11942893	0.00046858515	-0.52974707	0.002	-0.013188577	-0.00011501303	0.009211327	168.86646	-349.6375	15.650715	-349.79306	15.271112	69.0	11379.641
70	5680000	1.5	0.014999851	-29.10843	0.1170761	-359.35025	1219.0	1.1705669	0.23298904	2.2352633e-05	149.0	-0.0013690036	12.332101	0.11348628	0.0009557757	-0.52946657	0.0060625	-0.018346414	0.00024235649	0.008174675	166.3611	-348.55878	15.871428	-348.79346	15.90692	70.0	11547.533
71	5760000	1.5	0.014999868	-29.281994	0.11146999	-358.3012	1219.0	1.0909798	0.2413424	2.8724928e-05	149.0	-0.0019840356	12.330823	0.10499833	0.0006771318	-0.538166	0.0020125	-0.026501372	-0.0002881556	0.0063358876	163.15974	-347.7408	16.649418	-348.16544	16.669592	71.0	11715.012
72	5840000	1.5	0.014999894	-29.556116	0.10349658	-357.15402	1219.0	1.0960687	0.25284547	4.368512e-05	149.0	-0.00055389677	12.329567	0.103047475	0.0015672544	-0.56582075	0.01075	-0.008114893	-0.0005036631	0.00594051	159.91402	-347.5586	17.37149	-347.2324	17.407278	72.0	11882.744
73	5920000	1.5	0.01499991	-29.525919	0.10474654	-357.5379	1219.0	1.1280771	0.24984679	3.3654454e-05	149.0	-0.00029091	12.328426	0.104968615	0.0016567635	-0.55982405	0.021975	-0.0044247564	0.00050760614	0.0054808874	164.09692	-346.4469	15.658286	-346.1157	15.770608	73.0	12050.541
74	6000000	1.5	0.014999923	-28.93262	0.099673785	-356.1369	1219.0	1.1150132	0.25653082	3.054762e-05	149.0	2.5998967e-05	12.327189	0.10119809	0.0011726882	-0.5885672	0.008675	-0.00012513352	-0.00053426286	0.0050705737	158.14853	-347.09088	13.496401	-347.55505	13.2973175	74.0	12218.874
75	6080000	1.5	0.014999928	-29.59776	0.10296243	-356.05005	1219.0	1.1358744	0.24438724	2.790485e-05	149.0	-0.00037880332	12.326066	0.10252868	0.0008731029	-0.59581226	0.0034875	-0.005349506	-0.00011952305	0.0048366934	159.72733	-348.51266	11.590602	-348.32846	11.535292	75.0	12386.439
76	6160000	1.5	0.014999942	-28.83226	0.10094584	-356.59033	1219.0	1.1151248	0.26164085	3.470215e-05	149.0	-0.00017193255	12.32484	0.10126301	0.00075513084	-0.6053911	0.00435	-0.0025148727	-0.00029051842	0.004865326	156.15524	-348.0106	13.379392	-348.3107	12.890021	76.0	12553.901
77	6240000	1.5	0.014999954	-29.011328	0.10343777	-356.35196	1219.0	1.0928206	0.2568477	3.17753e-05	149.0	-0.0011436273	12.323568	0.099709705	0.0015033977	-0.6286426	0.008575	-0.015510841	-0.0005683239	0.0047064344	161.30096	-349.28262	11.018611	-348.85855	11.160831	77.0	12721.115
78	6320000	1.5	0.014999957	-29.191965	0.101052135	-357.17923	1219.0	1.1213655	0.28481802	2.5706948e-05	149.0	0.00013532914	12.322409	0.10259885	0.0015912207	-0.6394101	0.0130125	0.0015690181	-4.3363954e-05	0.0046780733	167.94424	-347.0589	9.27237	-346.99747	9.463657	78.0	12888.782
79	6400000	1.5	0.01499997	-28.976166	0.10301771	-356.1685	1219.0	1.0807313	0.2724715	2.5478284e-05	149.0	-0.0012400432	12.3210745	0.09915415	0.0014482867	-0.65871185	0.0088375	-0.017004132	-0.0004742982	0.0041702124	165.77417	-347.12244	8.335027	-347.56497	8.206219	79.0	13056.648
80	6480000	1.5	0.014999973	-29.171019	0.102291465	-357.10522	1219.0	1.0931462	0.29944283	2.6428368e-05	149.0	-0.0006434845	12.319818	0.100713626	0.00084312476	-0.6780444	0.006625	-0.009036796	-0.0004915943	0.004308361	173.99416	-345.5066	6.3348455	-345.45834	6.138117	80.0	13223.985
81	6560000	1.5	0.014999973	-29.832066	0.097967625	-354.42606	1219.0	1.1004068	0.2881785	2.5905412e-05	149.0	-0.0005106365	12.318562	0.09709246	0.0006242284	-0.68025786	0.0017125	-0.006922035	-8.974934e-05	0.0033416098	171.79309	-346.0388	5.6162786	-346.0094	6.109816	81.0	13391.553
82	6640000	1.5	0.014999983	-28.552637	0.09565434	-354.87567	1219.0	1.0446239	0.29243365	3.0697352e-05	149.0	-0.0010774033	12.317142	0.09190663	0.0013466795	-0.68489707	0.010275	-0.014415108	-0.00014056396	0.0029388661	166.88885	-345.3576	4.4597797	-345.65936	4.5322695	82.0	13559.313
83	6720000	1.5	0.014999985	-28.878756	0.090390526	-354.5315	1219.0	1.0395164	0.31248212	3.562104e-05	38.0	-4.097807e-05	12.315714	0.09127684	0.01786105	-0.69721353	0.118625	-0.0019026806	0.015140962	0.0028320588	164.0674	-352.69632	3.4666996	-352.88553	3.519372	83.0	13717.438
84	6800000	1.5	0.014999987	-27.8178	0.106579885	-361.61713	1219.0	1.2285122	0.29401985	3.450397e-05	149.0	0.003309323	12.315029	0.12184749	0.00041909114	-0.7046381	0.001125	0.043994237	-0.00022310238	0.010889619	187.82893	-352.31613	3.7276947	-352.32596	3.8574414	84.0	13885.1875
85	6880000	1.5	0.014999988	-29.304869	0.12191138	-361.3712	1219.0	1.2118335	0.3097097	3.73933e-05	149.0	-0.0001618943	12.313924	0.12341968	0.0010336197	-0.7100802	0.0029625	-0.0024968109	-0.00040060177	0.00888455	181.71552	-351.46924	3.124167	-352.95602	3.1456888	85.0	14053.022
86	6960000	1.5	0.014999988	-28.962412	0.120141275	-360.3601	1219.0	1.09377	0.2981654	3.2014264e-05	149.0	-0.002478692	12.3126545	0.11190547	0.0007939398	-0.72094446	0.006775	-0.033534206	-0.00040585466	0.006980074	175.24571	-350.28925	3.4732163	-351.1972	3.6391497	86.0	14220.833
87	7040000	1.5	0.014999988	-30.121372	0.10667576	-358.94992	1219.0	1.0725721	0.30403098	3.2899887e-05	20.0	-0.00023873062	12.311323	0.107354075	0.018032024	-0.72673994	0.157975	-0.0052828393	0.019059336	0.0052340934	176.437	-343.83658	4.25119	-344.20334	4.019393	87.0	14377.688
88	7120000	1.5	0.014999988	-30.862503	0.08814953	-352.4793	1219.0	1.251419	0.3463313	4.7006743e-05	149.0	0.0037553306	12.310697	0.106143154	0.000741722	-0.7405748	0.003825	0.049632054	-0.00044482213	0.006965345	166.43277	-343.96994	3.5905957	-344.2464	3.344311	88.0	14545.601
89	7200000	1.5	0.014999988	-28.303963	0.10599625	-353.0098	1219.0	1.171672	0.34055033	3.308014e-05	46.0	-0.0021186918	12.309482	0.097166434	0.03000994	-0.76021487	0.16415	-0.031687364	0.02781875	0.004232545	157.4112	-351.94736	3.0811472	-351.55405	3.0874214	89.0	14704.558
90	7280000	1.5	0.014999999	-27.917044	0.11694133	-361.07993	1219.0	1.2057632	0.37351173	3.7300902e-05	132.0	0.0003312619	12.308578	0.11846038	0.015603097	-0.77054816	0.1264125	0.003372301	0.015980555	0.008667718	191.35747	-346.49652	3.2900715	-346.15143	3.2448664	90.0	14871.116
91	7360000	1.5	0.014999999	-30.14696	0.10089198	-355.80066	1219.0	1.1481552	0.3695271	4.2813772e-05	149.0	0.0004703872	12.307437	0.10475164	0.0013244293	-0.78357	0.0072375	0.005718102	-0.0004783309	0.0045281188	168.80212	-347.7778	2.4020813	-347.79352	2.4416518	91.0	15038.961
92	7440000	1.5	0.014999999	-29.00633	0.10572874	-355.9248	1219.0	1.0861866	0.3625803	3.952069e-05	149.0	-0.001787633	12.306147	0.09883571	0.0011261938	-0.7920978	0.005375	-0.024156863	-0.0005001556	0.003154907	166.24347	-347.68646	2.3715105	-347.42	2.1652334	92.0	15206.824
93	7520000	1.5	0.014999999	-29.157763	0.099463895	-356.2371	1219.0	1.111317	0.37341022	3.9036673e-05	149.0	0.00012662943	12.304955	0.10079342	0.00122003	-0.80235475	0.0063375	0.0013184326	-0.0004286619	0.0033409714	167.21236	-349.73914	2.0426002	-349.66858	2.0823789	93.0	15374.783
94	7600000	1.5	0.014999999	-28.259703	0.10090666	-356.88574	1219.0	1.0538235	0.37916732	4.0523526e-05	33.0	-0.00080331654	12.303543	0.098220006	0.02414571	-0.81315225	0.1607125	-0.010809482	0.019923743	0.003079112	165.6816	-343.29407	2.8079271	-342.8497	2.8216863	94.0	15533.543
95	7680000	1.5	0.014999999	-30.697432	0.08486979	-350.32465	1219.0	1.6125684	0.4031083	4.3955984e-05	149.0	0.010580483	12.313173	0.13121462	0.0010273444	-0.8083448	0.0062375	0.14008994	-1.6946792e-07	0.015852738	160.3101	-342.82968	2.848731	-341.367	2.7425888	95.0	15700.885
96	7760000	1.5	0.014999999	-28.60909	0.13143119	-350.53888	1219.0	1.6220181	0.40062132	4.3007836e-05	149.0	-3.2169282e-05	12.313858	0.13115905	0.0049867644	-0.8294421	0.059725	0.0009849317	0.002923991	0.010052699	151.67992	-341.63977	2.6427364	-341.85437	2.6103888	96.0	15868.674
97	7840000	1.5	0.014999999	-28.89998	0.12947263	-349.23514	1219.0	1.8247855	0.41771942	5.1217958e-05	149.0	0.004112133	12.334909	0.14718162	0.0021554746	-0.83133113	0.024625	0.054193664	0.000924774	0.013698998	148.44217	-339.74005	2.1746166	-339.5644	2.1307771	97.0	16036.406
98	7920000	1.5	0.014999999	-28.288862	0.1438152	-348.00842	1219.0	1.8802196	0.4557616	4.8977206e-05	54.0	0.0018206234	12.341276	0.15164809	0.02267748	-0.8469639	0.1712	0.01755988	0.021237783	0.013892363	146.18484	-345.9967	1.5569	-345.50516	1.6382396	98.0	16196.042
99	8000000	1.5	0.014999999	-26.90181	0.15534556	-354.98615	1219.0	1.0840956	0.45772728	4.5224697e-05	149.0	-0.015272581	12.304752	0.0898756	0.0004886256	-0.8493291	0.00415	-0.20432651	-0.00016244412	0.017497977	168.26262	-346.14993	1.3909101	-345.37415	1.3617492	99.0	16363.33
100	8080000	1.5	0.014999999	-28.511019	0.08893153	-355.08365	1219.0	1.0376414	0.43911186	4.7839312e-05	149.0	0.00016962332	12.303318	0.09030297	0.0010225697	-0.8483905	0.00655	0.0018710289	-0.00038792496	0.0026595318	157.43494	-346.44623	1.2493539	-346.31754	1.2505618	100.0	16530.854
101	8160000	1.5	0.014999999	-28.367962	0.08974536	-355.0251	1219.0	1.0094343	0.45367765	4.7466638e-05	149.0	-0.00048145044	12.301801	0.088978015	0.001045187	-0.85015774	0.0069875	-0.0070315874	-0.00057191105	0.0025123763	157.15378	-347.77725	1.2348406	-348.24246	1.2322185	101.0	16698.33
102	8240000	1.5	0.014999999	-28.674963	0.08929035	-355.668	1219.0	0.97732854	0.47276402	5.2299038e-05	149.0	-0.0007691974	12.300188	0.087337136	0.0008870275	-0.84836113	0.0066375	-0.01030474	2.6258087e-05	0.0023632562	158.50003	-347.28568	1.1819935	-347.48096	1.1684574	102.0	16865.988
103	8320000	1.5	0.014999999	-28.729618	0.086944155	-355.19006	1219.0	0.97054577	0.49152765	6.5222324e-05	149.0	-0.00027703724	12.298555	0.0871612	0.0018145461	-0.8694707	0.0122625	-0.00409728	-0.000718388	0.0023374816	157.37524	-347.902	1.2995044	-347.68323	1.2715429	103.0	17033.465
104	8400000	1.5	0.014999999	-29.179441	0.08838395	-356.6127	1219.0	0.9745983	0.47457534	4.6503577e-05	149.0	-4.6168265e-05	12.29694	0.089544296	0.0010122691	-0.8759794	0.00725	-0.00084698346	-0.00041140136	0.0024210305	157.78822	-346.2476	1.2211752	-345.8757	1.2278118	104.0	17200.97
105	8480000	1.5	0.014999999	-29.762697	0.08808072	-355.3691	1219.0	1.0403345	0.52388334	5.7337467e-05	149.0	0.0008296727	12.295574	0.09313749	0.0005938573	-0.87673086	0.0023125	0.010796495	-0.00036373292	0.0026669235	157.68547	-345.92712	1.2067889	-346.77838	1.2448616	105.0	17368.533
106	8560000	1.5	0.014999999	-28.701122	0.09301201	-355.2822	1219.0	1.0345945	0.50525546	5.3461456e-05	149.0	-0.00045762528	12.294066	0.09240545	0.00064958475	-0.88273615	0.0068	-0.006372961	4.182434e-05	0.0024082987	154.03966	-345.50293	1.2029859	-345.42044	1.1819055	106.0	17536.334
107	8640000	1.5	0.014999999	-29.21831	0.09153527	-354.9932	1219.0	1.051476	0.50262135	5.7244975e-05	149.0	7.745651e-06	12.292689	0.09274258	0.001786871	-0.88796514	0.019675	5.4218483e-05	-8.273449e-05	0.0024831856	155.54942	-345.08286	1.2457162	-345.32166	1.2232255	107.0	17703.807
108	8720000	1.5	0.014999999	-29.093529	0.092884734	-354.762	1219.0	1.0915223	0.5522021	5.957527e-05	149.0	0.00043306508	12.291438	0.095877	0.0012327047	-0.8990211	0.011875	0.005462598	-0.00011334114	0.0026278573	154.16656	-343.584	1.115285	-343.57962	1.0784783	108.0	17871.344
109	8800000	1.5	0.014999999	-29.05343	0.09387828	-353.4778	1219.0	1.1339602	0.55252177	5.626682e-05	101.0	0.0003223472	12.290291	0.09614418	0.015677454	-0.9160614	0.1263875	0.0022459992	0.014556735	0.0033152646	152.54474	-348.59918	1.5140276	-348.26532	1.4833941	109.0	18034.89
110	8880000	1.5	0.014999999	-28.03517	0.10574353	-358.4371	1219.0	1.002168	0.57915497	5.236236e-05	149.0	-0.0022328715	12.288709	0.096740775	0.0011185101	-0.9193955	0.0086625	-0.02995451	-0.00017343025	0.004189081	168.99214	-350.29025	1.6217567	-350.19397	1.6543367	110.0	18202.45
111	8960000	1.5	0.014999999	-28.49574	0.098540306	-359.3987	1219.0	1.0288713	0.5548644	5.5903394e-05	149.0	0.00085396226	12.287275	0.10396267	0.0012354411	-0.9247199	0.0135125	0.011100392	5.6452798e-05	0.0041635935	161.57735	-348.6619	1.4894261	-348.09515	1.4832506	111.0	18370.475
112	9040000	1.5	0.014999999	-29.554623	0.100621164	-358.13312	1219.0	1.0084059	0.5834834	5.4243363e-05	149.0	-0.0004452991	12.285728	0.100391604	0.0039162366	-0.9398288	0.051675	-0.006447068	0.0016909447	0.0029855373	160.56236	-347.9891	1.3702773	-348.26215	1.4241625	112.0	18538.182
113	9120000	1.5	0.014999999	-29.22227	0.09586913	-357.07846	1219.0	0.99765646	0.74017924	9.531478e-05	149.0	-7.360942e-05	12.284176	0.09703983	0.0014110431	-0.95727354	0.0069375	-0.0012603251	-0.00023091068	0.002541228	157.82297	-347.5754	1.3679445	-347.68195	1.4158088	113.0	18706.412
114	9200000	1.5	0.014999999	-29.300531	0.09739843	-357.45566	1219.0	1.0000887	0.65481985	9.144147e-05	149.0	-0.00030595952	12.282633	0.097231686	0.0010441783	-0.9787969	0.0055875	-0.0043561594	-0.0004495203	0.0024475462	158.15239	-345.79248	1.24466	-346.28412	1.2769032	114.0	18874.244
115	9280000	1.5	0.014999999	-29.641575	0.09271728	-356.11652	1219.0	1.055934	0.64631814	6.1129205e-05	149.0	0.0010059638	12.281305	0.09803275	0.0018123855	-0.9866151	0.021525	0.013089778	-8.331368e-05	0.0026243199	156.50075	-345.5669	1.1790425	-344.48135	1.1391891	115.0	19041.96
116	9360000	1.5	0.014999999	-28.709587	0.096973844	-355.34802	1219.0	1.02306	0.6563436	7.5589145e-05	149.0	-0.0010819209	12.279773	0.09296802	0.001612248	-1.0072395	0.0101875	-0.01459332	-0.00035729734	0.0022333437	155.3005	-344.91025	1.1769451	-344.85028	1.1798775	116.0	19209.459
117	9440000	1.5	0.014999999	-28.907078	0.09385089	-355.31363	1219.0	1.001836	0.69822866	6.0328293e-05	149.0	-0.0008164145	12.278233	0.090912886	0.0010228486	-1.010851	0.008975	-0.011007712	-0.00014020014	0.0020727548	156.29999	-343.49506	1.0868771	-343.9948	1.0922713	117.0	19376.979
118	9520000	1.5	0.014999999	-29.475262	0.088608235	-354.40158	1219.0	1.0809269	0.69896924	6.5647146e-05	113.0	0.0011837758	12.277004	0.09429956	0.015644776	-1.0174779	0.14225	0.01655536	0.01487977	0.0028029864	155.6163	-340.23935	0.9541812	-340.1135	0.9526868	118.0	19541.643
119	9600000	1.5	0.014999999	-29.774652	0.08285076	-350.24347	1219.0	1.6836586	0.7348669	7.750953e-05	110.0	0.012452723	12.293809	0.13665012	0.018757254	-1.0102092	0.161475	0.16044183	0.01858685	0.022154868	147.10757	-345.09814	1.1441779	-345.9228	1.2311344	119.0	19705.967
120	9680000	1.5	0.014999999	-27.26473	0.14630209	-355.2325	1219.0	1.0583036	0.71023655	7.450375e-05	149.0	-0.012895255	12.276028	0.09091964	0.0017246802	-1.0243071	0.011525	-0.17185323	-0.00082491635	0.011784896	162.76315	-343.86087	1.0693692	-343.92572	1.0697016	120.0	19873.545
121	9760000	1.5	0.014999999	-28.873175	0.08997305	-353.70392	1219.0	1.0809506	0.7690064	6.393557e-05	149.0	0.0005926478	12.274742	0.09294346	0.0010415268	-1.0183953	0.010375	0.0073266868	-0.00051804964	0.0027839649	151.68907	-343.76007	1.0696101	-343.27936	1.0493428	121.0	20041.117
122	9840000	1.5	0.014999999	-28.698618	0.09169822	-353.92682	1219.0	1.0883454	0.77952796	6.646785e-05	149.0	0.0002721688	12.273443	0.09327124	0.0011849514	-1.0265158	0.00745	0.0032558243	-0.00039238087	0.0028763886	149.88353	-342.47693	1.0352887	-343.04742	1.041431	122.0	20208.877
123	9920000	1.5	0.014999999	-29.633984	0.092751175	-353.20413	1219.0	1.2159852	0.763866	7.200311e-05	149.0	0.0021432673	12.272655	0.102252774	0.0065919114	-1.0306407	0.0778125	0.027391177	0.007305431	0.0042425585	149.44627	-344.90704	1.1917902	-345.55023	1.1800721	123.0	20376.44
124	10000000	1.5	0.014999999	-28.10265	0.10644375	-355.59467	1219.0	1.0006465	0.8013464	6.775921e-05	149.0	-0.004005824	12.270986	0.08949246	0.0029348398	-1.0406743	0.043725	-0.053309266	0.0012424759	0.0029294975	155.83284	-345.1795	1.1814587	-344.91626	1.157072	124.0	20544.176
125	10080000	1.5	0.014999999	-29.426666	0.08803889	-355.18915	1219.0	1.0464134	0.96292496	0.00010093278	149.0	0.0011687255	12.269622	0.093658455	0.0013201197	-1.0545682	0.006	0.015183759	-0.0005463419	0.0022753712	151.85394	-347.17538	1.3475069	-346.90952	1.3651221	125.0	20711.78
126	10160000	1.5	0.014999999	-29.052635	0.096292436	-356.84723	1219.0	1.0307645	0.8653247	8.6246946e-05	11.0	-7.370762e-05	12.268122	0.09661053	0.016026096	-1.0588523	0.1566	-0.0018112722	0.016415685	0.002207832	154.86125	-351.53226	1.8039277	-351.5216	1.8216982	126.0	20867.416
127	10240000	1.5	0.014999999	-26.826519	0.10529823	-361.21884	1219.0	1.076866	1.2542708	0.00017460516	124.0	0.0018009301	12.2668495	0.113910966	0.016008018	-1.0579492	0.153525	0.02308888	0.015643226	0.0064822487	172.95897	-348.01944	1.3697052	-347.16547	1.3506079	127.0	21036.49
128	10320000	1.5	0.014999999	-31.169106	0.10024409	-357.7279	1219.0	1.0364751	0.97885764	0.00011480432	149.0	0.00016398949	12.265366	0.102881335	0.0021583734	-1.0879575	0.0171625	0.001692112	-0.0006175767	0.0032207249	162.04263	-348.16052	1.4038126	-348.11237	1.4075236	128.0	21204.342
129	10400000	1.5	0.014999999	-29.098612	0.102321595	-357.88425	1219.0	1.0564826	0.8563272	7.859769e-05	149.0	5.8765723e-05	12.264008	0.10371244	0.0014428577	-1.0969115	0.0103875	0.00042560676	-0.00049172784	0.002755201	151.2563	-348.15085	1.3705956	-347.95773	1.3831872	129.0	21372.064
130	10480000	1.5	0.014999999	-29.56836	0.10077034	-357.45377	1219.0	1.1262801	0.89644414	7.724876e-05	24.0	0.0014579559	12.262884	0.10795496	0.020604761	-1.0984696	0.1653875	0.018182056	0.019237809	0.0033854619	151.5448	-352.5763	1.8551089	-352.46414	1.8632721	130.0	21529.084
131	10560000	1.5	0.014999999	-27.261517	0.12072195	-362.33377	1219.0	1.0940496	0.91712856	7.828158e-05	149.0	-0.00061524997	12.261547	0.118887804	0.00338209	-1.1120607	0.0389	-0.008410202	0.00026460533	0.005879422	167.70384	-352.92224	1.9491934	-351.96613	1.9481238	131.0	21696.99
132	10640000	1.5	0.014999999	-28.957458	0.12393259	-362.39587	1219.0	1.1454184	0.9381324	8.49316e-05	149.0	0.0008634161	12.260482	0.1291971	0.0022781196	-1.1277782	0.0263125	0.010705016	0.00029422675	0.005224114	163.54503	-352.2213	1.8430722	-352.25278	1.8571887	132.0	21865.41
133	10720000	1.5	0.014999999	-29.815441	0.12460918	-361.6339	1219.0	1.079982	0.9485594	7.432427e-05	149.0	-0.00056187896	12.259123	0.12370729	0.001065646	-1.1320602	0.011625	-0.007751325	0.00028051395	0.0038946571	158.8548	-350.96896	1.7354884	-350.68335	1.7217828	133.0	22032.934
134	10800000	1.5	0.014999999	-29.634125	0.1212085	-360.3404	1219.0	1.0337902	0.9499639	8.987483e-05	149.0	-0.0010874921	12.257677	0.117908984	0.00063179515	-1.1446611	0.0019	-0.01463765	-0.00048540183	0.0031611894	157.70192	-350.87054	1.7159828	-350.42517	1.725829	134.0	22201.309
135	10880000	1.5	0.014999999	-29.238506	0.11526447	-360.5746	1219.0	1.0216565	1.2600156	0.00015055295	149.0	-1.9394507e-05	12.256195	0.116315134	0.00049990223	-1.1471635	0.00125	-0.0003859602	-0.00040955906	0.0027501874	152.69481	-349.3014	1.5064559	-349.51694	1.5543932	135.0	22369.627
136	10960000	1.5	0.014999999	-28.843712	0.10931852	-358.97556	1219.0	0.9752877	1.2845227	0.00013846051	149.0	-0.0009425206	12.254577	0.1063798	0.0015663644	-1.1669234	0.015225	-0.01247143	-0.00042126275	0.0023110702	145.19838	-349.89658	1.5650638	-348.96848	1.5260655	136.0	22541.527
137	11040000	1.5	0.014999999	-27.185577	0.11138719	-361.32996	1219.0	0.9744317	4.6296644	0.00072275364	149.0	-0.00082818547	12.252956	0.108499624	0.0010141142	-1.1831514	0.0141	-0.011118096	-8.793035e-05	0.002665796	175.07697	-350.85257	1.6534938	-350.48795	1.706475	137.0	22738.248
138	11120000	1.5	0.014999999	-30.674282	0.107068874	-360.52274	1219.0	1.0137767	3.3406265	0.00047149073	149.0	0.0015282299	12.251491	0.11421112	0.0016749637	-1.1910031	0.0100875	0.019933185	-0.00082000333	0.0026457433	168.89806	-348.70972	1.43831	-347.7373	1.4063298	138.0	22906.463
139	11200000	1.5	0.014999999	-31.333162	0.105124466	-358.3516	1219.0	1.0528971	2.1177049	0.00023635416	149.0	0.00083329505	12.2501	0.109399706	0.0009899752	-1.1971618	0.0043375	0.0108782295	-0.0004302538	0.0029753044	141.92131	-349.24652	1.514318	-348.9483	1.5184323	139.0	23074.979
140	11280000	1.5	0.014999999	-29.555832	0.112818286	-359.4663	1219.0	1.0416502	1.3944461	0.00014152049	149.0	-0.0004493909	12.24864	0.11108611	0.0006942845	-1.2086068	0.0037	-0.0061280443	-0.00031055565	0.002250764	135.48784	-351.14517	1.7229984	-350.54437	1.6757945	140.0	23242.56
141	11360000	1.5	0.014999999	-28.334112	0.11846038	-360.85654	1219.0	1.044609	1.824364	0.0002208666	149.0	0.00010298562	12.247229	0.119205825	0.000825848	-1.2116438	0.00895	0.001403438	-0.00012073793	0.0028135823	138.09552	-351.1092	1.6945275	-350.29083	1.6787004	141.0	23411.174
142	11440000	1.5	0.014999999	-30.133694	0.11778191	-360.88516	1219.0	1.0660646	1.2541809	0.00012275988	149.0	0.00081197615	12.245896	0.12181957	0.003047289	-1.2234315	0.0293125	0.0105808405	5.9122085e-05	0.002571459	132.17775	-350.50497	1.6502616	-349.76346	1.6767539	142.0	23578.441
143	11520000	1.5	0.014999999	-29.575424	0.12005411	-360.40372	1219.0	1.0385875	1.0847037	9.4925315e-05	149.0	-0.00061223895	12.244445	0.11787447	0.0014245278	-1.2313994	0.007325	-0.008574446	-0.000633865	0.002264785	128.55159	-349.9151	1.6199089	-349.06653	1.5976583	143.0	23746.059
144	11600000	1.5	0.014999999	-29.33418	0.1175397	-359.79633	1219.0	1.0096052	1.0961984	0.000101465965	149.0	-0.0006934615	12.242928	0.11489009	0.0005808099	-1.2355081	0.005025	-0.009367768	-0.000508482	0.0019883509	126.8454	-350.6744	1.7297909	-350.46786	1.7609953	144.0	23913.656
145	11680000	1.5	0.014999999	-28.898418	0.118247524	-360.2235	1219.0	1.0290487	1.1667048	0.00010281054	149.0	0.0006251022	12.241487	0.121232115	0.0011414678	-1.2454528	0.0064125	0.0080559505	-0.0003054464	0.0023658262	127.67364	-351.27658	1.7976716	-351.6237	1.8192109	145.0	24081.518
146	11760000	1.5	0.014999999	-29.350912	0.12342718	-361.27454	1219.0	1.0536866	1.1964716	0.00010099702	78.0	0.00080661796	12.240106	0.12733723	0.017939435	-1.2630054	0.1651375	0.011807857	0.013299404	0.0025171537	126.697586	-354.69296	2.2082558	-354.4502	2.2421515	146.0	24243.254
147	11840000	1.5	0.014999999	-28.041153	0.1443229	-364.5362	1219.0	1.3547292	1.3247122	0.00012171274	49.0	0.006197139	12.239881	0.1714999	0.016486518	-1.2601706	0.1484125	0.07937515	0.014196783	0.008784027	141.5858	-351.33408	1.7825606	-351.12668	1.8157614	147.0	24402.703
148	11920000	1.5	0.014999999	-30.712444	0.15293701	-360.94083	1219.0	1.0385107	1.5293446	0.00016922658	149.0	-0.005348547	12.2381525	0.13111424	0.002541514	-1.2759265	0.0300875	-0.07143917	0.00036436328	0.0051599685	127.04803	-349.7048	1.6044352	-349.59882	1.6725743	148.0	24571.45
149	12000000	1.5	0.014999999	-27.76769	0.12405185	-360.10144	1219.0	0.99487823	5.414989	0.0007062334	70.0	-0.0012735811	12.236591	0.1190051	0.018497605	-1.2903613	0.1917625	-0.017887905	0.015467907	0.0025918467	122.45455	-346.62192	1.2618393	-346.42877	1.2759836	149.0	24749.84
